Date,Open,High,Low,Close,Volume,Dividends,Stock Splits,volume_adi,volume_obv,volume_cmf,volume_fi,volume_em,volume_sma_em,volume_vpt,volume_vwap,volume_mfi,volume_nvi,volatility_bbm,volatility_bbh,volatility_bbl,volatility_bbw,volatility_bbp,volatility_bbhi,volatility_bbli,volatility_kcc,volatility_kch,volatility_kcl,volatility_kcw,volatility_kcp,volatility_kchi,volatility_kcli,volatility_dcl,volatility_dch,volatility_dcm,volatility_dcw,volatility_dcp,volatility_atr,volatility_ui,trend_macd,trend_macd_signal,trend_macd_diff,trend_sma_fast,trend_sma_slow,trend_ema_fast,trend_ema_slow,trend_vortex_ind_pos,trend_vortex_ind_neg,trend_vortex_ind_diff,trend_trix,trend_mass_index,trend_dpo,trend_kst,trend_kst_sig,trend_kst_diff,trend_ichimoku_conv,trend_ichimoku_base,trend_ichimoku_a,trend_ichimoku_b,trend_stc,trend_adx,trend_adx_pos,trend_adx_neg,trend_cci,trend_visual_ichimoku_a,trend_visual_ichimoku_b,trend_aroon_up,trend_aroon_down,trend_aroon_ind,trend_psar_up,trend_psar_down,trend_psar_up_indicator,trend_psar_down_indicator,momentum_rsi,momentum_stoch_rsi,momentum_stoch_rsi_k,momentum_stoch_rsi_d,momentum_tsi,momentum_uo,momentum_stoch,momentum_stoch_signal,momentum_wr,momentum_ao,momentum_roc,momentum_ppo,momentum_ppo_signal,momentum_ppo_hist,momentum_pvo,momentum_pvo_signal,momentum_pvo_hist,momentum_kama,others_dr,others_dlr,others_cr
2020-03-25 00:00:00+05:30,4.75,4.75,4.75,4.75,304519,0.0,0.0,0.0,304519,0.0,0.0,0.0,0.0,0.0,4.75,50.0,1000.0,4.75,4.75,4.75,0.0,0.0,0.0,0.0,4.75,4.75,4.75,0.0,0.0,0.0,0.0,4.75,4.75,4.75,0.0,0.0,0.0,0.0,0.0,0.0,0.0,4.75,4.75,4.75,4.75,0.0,0.0,0.0,-78.1890587674522,0.0,17.229919261755338,-783.8936556848544,-783.8936556848544,0.0,4.75,4.75,4.75,4.75,0.0,0.0,0.0,0.0,0.0,22.229003194025008,22.717449533737312,0.0,0.0,0.0,3.799999952316284,4.75,0.0,0.0,100.0,0.0,0.0,0.0,0.0,50.0,50.0,50.0,-50.0,0.0,0.0,0.0,0.0,0.0,0.0,0.0,0.0,4.75,0.0,0.0,0.0
2020-03-26 00:00:00+05:30,4.550000190734863,4.550000190734863,4.550000190734863,4.550000190734863,393649,0.0,0.0,0.0,-89130,0.0,-78729.7249174118,-0.0,-0.0,-16574.67892998142,4.637233839251567,0.0,1000.0,4.650000095367432,4.849999904632568,4.450000286102295,8.602142157561964,0.25,0.0,0.0,4.650000095367432,4.650000095367432,4.650000095367432,0.0,0.0,0.0,1.0,4.550000190734863,4.75,4.650000095367432,4.301071078780982,0.0,0.0,0.0,-0.015954400739098595,-0.0031908801478197192,-0.012763520591278877,4.650000095367432,4.650000095367432,4.7192307985745945,4.735185199313693,0.011474511640026065,0.011474511640026065,0.0,-0.008223676367809898,0.0,17.329919166387906,-788.4432585947507,-786.1684571398025,-2.274801454948147,4.650000095367432,4.650000095367432,4.650000095367432,4.650000095367432,0.0,0.0,0.0,0.0,-66.66666666666667,22.229003194025008,22.717449533737312,0.0,4.0,-4.0,3.799999952316284,4.75,0.0,0.0,0.0,0.0,0.0,0.0,-100.0,0.0,0.0,0.0,-100.0,0.0,0.0,-0.33693298292558843,-0.06738659658511768,-0.26954638634047073,2.2853103427984833,0.45706206855969667,1.8282482742387867,4.660137056353501,-4.210522300318664,-4.301734316394157,-4.210522300318664
2020-03-27 00:00:00+05:30,4.349999904632568,4.349999904632568,4.349999904632568,4.349999904632568,810631,0.0,0.0,0.0,-899761,0.0,-90643.54020398004,-0.0,-0.0,-52206.860276594634,4.4829119370935375,0.0,1000.0,4.550000031789144,4.876598742027493,4.223401321550794,14.355987162924261,0.19381366048473306,0.0,0.0,4.550000031789144,4.550000031789144,4.550000031789144,0.0,0.0,0.0,1.0,4.349999904632568,4.75,4.549999952316284,8.791210825775407,0.0,0.0,0.0,-0.044226909602802955,-0.011398086038816367,-0.03282882356398659,4.550000031789144,4.550000031789144,4.662426045660436,4.706652955263239,0.0226887081707396,0.0226887081707396,0.0,-0.029813298189259582,0.0,17.429919229966195,-792.9928687360532,-788.4432610052194,-4.549607730833827,4.549999952316284,4.549999952316284,4.549999952316284,4.549999952316284,0.0,0.0,0.0,0.0,-99.99999999999977,22.229003194025008,22.717449533737312,0.0,8.0,-8.0,3.799999952316284,4.75,0.0,1.0,0.0,0.0,0.0,0.0,-100.0,0.0,0.0,0.0,-100.0,0.0,0.0,-0.9396679556189921,-0.24184286839189256,-0.6978250872270995,13.17445236292997,3.000540127433751,10.173912235496218,4.526705178334767,-4.395610499304025,-4.495145170556336,-8.421054639314352
2020-03-30 00:00:00+05:30,4.150000095367432,4.150000095367432,4.150000095367432,4.150000095367432,605794,0.0,0.0,0.0,-1505555,0.0,-95002.84652540636,-0.0,-0.0,-80059.43202606417,4.387538502940192,0.0,954.0230313448639,4.450000047683716,4.897213643183725,4.002786452183707,20.099487222827765,0.16458985668708478,0.0,0.0,4.450000047683716,4.450000047683716,4.450000047683716,0.0,0.0,0.0,1.0,4.150000095367432,4.75,4.450000047683716,13.483143779849538,0.0,0.0,0.0,-0.08182812600887512,-0.02548409403282812,-0.056344031976047,4.450000047683716,4.450000047683716,4.583591284076897,4.665419410085772,0.03365129695953187,0.03365129695953187,0.0,-0.06761410831921413,0.0,17.529919214071622,-797.5424752616524,-790.7180645693277,-6.8244106923247045,4.450000047683716,4.450000047683716,4.450000047683716,4.450000047683716,0.0,0.0,0.0,0.0,-99.99996026357964,22.229003194025008,22.717449533737312,0.0,12.0,-12.0,3.799999952316284,4.741999998092651,0.0,0.0,0.0,0.0,0.0,0.0,-100.0,0.0,0.0,0.0,-100.0,0.0,0.0,-1.7539286142630153,-0.5442600175661172,-1.209668596696898,16.16582458155618,5.6335970182582376,10.532227563297942,4.37385632685852,-4.597696865513612,-4.70674659543342,-12.631576939633016
2020-03-31 00:00:00+05:30,3.950000047683716,3.950000047683716,3.950000047683716,3.950000047683716,1075590,0.0,0.0,0.0,-2581145,0.0,-112162.16149150944,-0.0,-0.0,-131895.1058440624,4.240019696937742,0.0,954.0230313448639,4.350000047683716,4.915685472632987,3.784314622734446,26.008524999924358,0.14644660940674598,0.0,0.0,4.350000047683716,4.350000047683716,4.350000047683716,0.0,0.0,0.0,1.0,3.950000047683716,4.75,4.350000023841858,18.39080329992795,0.0,0.0,0.0,-0.1263096739939984,-0.04564921002506218,-0.08066046396893622,4.350000047683716,4.350000047683716,4.486115709247177,4.612425383241176,0.04437068978611488,0.04437068978611488,0.0,-0.12281036282161993,0.0,17.62991921407162,-802.0920825103922,-792.9928681575406,-9.099214352851618,4.350000023841858,4.350000023841858,4.350000023841858,4.350000023841858,0.0,0.0,0.0,0.0,-111.11109345047849,22.229003194025008,22.717449533737312,0.0,16.0,-16.0,3.799999952316284,4.718320001983642,0.0,0.0,0.0,0.0,0.0,0.0,-100.0,0.0,0.0,0.0,-100.0,0.0,0.0,-2.7384654167617106,-0.9831010974052359,-1.7553643193564747,25.43326706898792,9.593531028404175,15.839736040583745,4.201612301415236,-4.819278146691419,-4.939276623785349,-16.842104259290192
2020-04-01 00:00:00+05:30,3.799999952316284,4.099999904632568,3.799999952316284,4.099999904632568,25847805,0.0,0.0,25847805.0,23266660,0.890137601820071,457742.0119275397,-1.3835906445786204e-07,-2.767181289157241e-08,849666.1614058993,4.026369068774219,89.53853913268851,954.0230313448639,4.308333357175191,4.857322363099136,3.7593443512512463,25.48498272584439,0.3102571724619523,0.0,0.0,4.29166669315762,4.341666685210334,4.241666701104906,2.330096702636806,-1.416668189896726,0.0,1.0,3.799999952316284,4.75,4.274999976158142,22.05029112015126,0.3157894076402861,0.0,0.0,-0.14775466261327175,-0.0660703005427041,-0.08168436207056765,4.308333357175191,4.308333357175191,4.426713277768007,4.574467940381279,0.05182782316941028,0.051827836176482324,-1.3007072044435297e-08,-0.18101104675049537,5.0,17.671585904580148,-803.9877532820782,-794.8253490116302,-9.16240427044795,4.274999976158142,4.274999976158142,4.274999976158142,4.274999976158142,0.0,0.0,0.0,0.0,-75.26884300610322,22.229003194025008,22.717449533737312,0.0,20.0,-20.0,3.799999952316284,4.672220804725646,0.0,0.0,18.360115677020318,0.0,0.0,0.0,-98.34710759933556,27.27272530232562,31.578940764028612,10.526313588009538,-68.42105923597138,-0.09333332777023351,0.0,-3.2299857500139457,-1.432478027926978,-1.7975077220869677,91.99067407043873,26.07295963681109,65.91771443362764,4.1571767104456,3.7974646870400086,3.727135946505533,-13.684212534051188
2020-04-03 00:00:00+05:30,4.300000190734863,4.300000190734863,4.300000190734863,4.300000190734863,3941656,0.0,0.0,25847805.0,27208316,0.783750273350434,504969.199897438,0.0,-2.305984407631034e-08,1041942.3433702199,4.0590728709639246,90.87755251988405,1000.5608078461663,4.307142904826573,4.81544141912327,3.798844390529875,23.60258415048638,0.4929738983187938,0.0,0.0,4.292857192811511,4.335714328856695,4.250000056766328,1.9966718723813583,0.5833349890181785,0.0,0.0,3.799999952316284,4.75,4.274999976158142,22.05638560585367,0.5263160140230272,0.0,0.0,-0.1469180392770415,-0.0822398482895716,-0.06467819098746991,4.307142904826573,4.307142904826573,4.407218956685985,4.5541369959630265,0.07825182680375078,0.062061809644372974,0.01619001715937781,-0.23028397363727687,7.5,17.672776356928765,-804.0419141884236,-796.1420011797435,-7.899913008680073,4.274999976158142,4.274999976158142,4.274999976158142,4.274999976158142,0.0,0.0,0.0,0.0,2.1407147367271944,22.229003194025008,22.717449533737312,0.0,20.0,-20.0,3.799999952316284,4.602443136532897,0.0,0.0,35.39272832765323,0.0,0.0,0.0,-94.84254142089459,38.461551158384,52.63160140230272,28.070180722110447,-47.36839859769728,-0.14571430342538072,0.0,-3.2260346890591056,-1.7911893601534037,-1.434845328905702,79.33260500341804,36.724888710132475,42.60771629328556,4.2156284752689706,4.8780558720578515,4.762811660654798,-9.473680195055511
2020-04-07 00:00:00+05:30,4.5,4.5,4.5,4.5,1360533,0.0,0.0,25847805.0,28568849,0.752698653824644,471703.0771262218,0.0,-1.9765580636837435e-08,1105222.8848653638,4.0765420852212895,91.28068638497227,1047.098473392922,4.331250041723251,4.823534279297081,3.8389658041494217,22.731739466972318,0.6713948420412715,0.0,0.0,4.3187500437100725,4.356250037749608,4.281250049670537,1.736613309869664,2.9166664679844896,1.0,0.0,3.799999952316284,4.75,4.274999976158142,21.933622823256453,0.7368421184719428,0.0,0.0,-0.1286338847642332,-0.09151865558450392,-0.03711522917972929,4.331250041723251,4.331250041723251,4.42149296334968,4.550126848113913,0.08809433900326473,0.07207720034371508,0.01601713865954965,-0.262853505682042,9.166666666666666,17.648669220032087,-802.9451341407088,-796.9923927998642,-5.952741340844568,4.274999976158142,4.274999976158142,4.274999976158142,4.274999976158142,0.0,0.0,0.0,0.0,55.23808693399168,22.229003194025008,22.717449533737312,0.0,20.0,-20.0,3.799999952316284,4.538247681795568,0.0,0.0,47.24554746808725,0.0,0.0,0.0,-89.90392584788167,46.666669845581055,73.68421184719428,52.631584671175204,-26.315788152805723,-0.14249999225139653,0.0,-2.8270395322616912,-1.9983593945750613,-0.82868013768663,65.76457996241759,42.5328269605895,23.231753001828082,4.336688430634615,4.651158148692014,4.546232971981357,-5.263157894736848
2020-04-08 00:00:00+05:30,4.699999809265137,4.699999809265137,4.699999809265137,4.699999809265137,1698607,0.0,0.0,25847805.0,30267456,0.7172218962770774,452848.5055391081,0.0,-1.7294883057232755e-08,1180716.4573134584,4.105927362323452,91.7557566714145,1047.098473392922,4.372222238116795,4.891005191787611,3.8534392844459777,23.730859293843547,0.8159101208212854,0.0,0.0,4.361111128771746,4.394444456806889,4.3277778007366035,1.5286621712173982,5.583331015374531,1.0,0.0,3.799999952316284,4.75,4.274999976158142,21.728082333090647,0.9473682229208583,0.0,0.0,-0.0968883785263337,-0.09259260017286988,-0.004295778353463814,4.372222238116795,4.372222238116795,4.464340170413596,4.56122854893993,0.09772887349772803,0.0818809603200658,0.015847913177662237,-0.2740434819574915,10.416666666666666,17.607697023638543,-801.0810601236201,-797.4466891691704,-3.6343709544496505,4.274999976158142,4.274999976158142,4.274999976158142,4.274999976158142,0.0,0.0,0.0,0.0,96.31573669137373,22.229003194025008,22.717449533737312,0.0,20.0,-20.0,3.799999952316284,4.538247681795568,1.0,0.0,55.94881837416212,0.0,0.0,0.0,-83.88197158847974,56.97478340571302,94.73682229208583,73.68421184719428,-5.263177707914166,-0.07555557886759434,0.0,-2.124172851387844,-2.0235220859376177,-0.10065076545022622,54.561143840740556,44.938490336619715,9.62265350412084,4.478480328841975,4.44444020589192,4.348507135785207,-1.052635594418172
2020-04-09 00:00:00+05:30,4.900000095367432,4.900000095367432,4.900000095367432,4.900000095367432,718585,0.0,0.0,25847805.0,30986041,0.7032006289677588,408686.89126049523,0.0,-1.5373229384206894e-08,1211294.587403061,4.1214510184065185,91.94921928609622,1091.6559207875005,4.425000023841858,5.010235007156203,3.8397650405275128,26.45129853835502,0.9058199569987414,0.0,0.0,4.415000025431315,4.445000020662944,4.385000030199686,1.3590031736725972,8.583335783746804,1.0,0.0,3.799999952316284,4.900000095367432,4.350000023841858,24.858760161002422,1.0,0.19000000953674318,0.0,-0.05495796331154157,-0.08506567280060422,0.030107709489062648,4.425000023841858,4.425000023841858,4.531364774252648,4.586322737564189,0.1071619756490502,0.09147974990114059,0.015682225747909603,-0.2614854798925102,11.416666666666666,17.55491923791348,-798.6798781585481,-799.0896027773584,0.4097246188102872,4.350000023841858,4.350000023841858,4.350000023841858,4.350000023841858,0.0,0.0,0.0,0.0,122.01259913764653,22.229003194025008,22.717449533737312,36.0,20.0,16.0,3.8179999494552614,4.538247681795568,0.0,0.0,62.5945653972633,0.0,0.0,0.0,-77.06888179473498,66.71679941083512,100.0,89.4736780464267,-0.0,0.059999978542327526,0.0,-1.1983012634808583,-1.8584779214462661,0.6601766579654078,42.866886399307134,44.5241695491572,-1.6572831498500662,4.620018098604941,4.255325408908162,4.167275644519575,3.1578967445775152
2020-04-13 00:00:00+05:30,5.099999904632568,5.099999904632568,4.699999809265137,5.099999904632568,24939587,0.0,0.0,50787392.0,55925628,0.8231750039661601,1062861.9986734649,-3.8239387997079723e-07,-5.2075294442865925e-08,2229235.9233362926,4.463110111317243,95.58986381321489,1091.6559207875005,4.486363649368286,5.166057260393832,3.80667003834274,30.300424314522612,0.9514065200189288,0.0,0.0,4.436666679382324,4.506666684150696,4.366666674613953,3.1555223696956745,5.2380941433161095,1.0,0.0,3.799999952316284,5.099999904632568,4.449999928474426,28.97669591494961,1.0,0.211000018119812,0.0,-0.005525796084367762,-0.06915769745735693,0.06363190137298917,4.486363649368286,4.486363649368286,4.6188471020034045,4.624372898087772,0.11520783621534754,0.09984682882408075,0.015361007391266793,-0.22453264007990364,13.933801424604304,17.493555612387052,-788.1911970636068,-799.0615959405648,10.870398876958006,4.449999928474426,4.449999928474426,4.449999928474426,4.449999928474426,0.0,0.0,0.0,0.0,116.69869316135467,22.229003194025008,22.717449533737312,40.0,20.0,20.0,3.861279955291748,4.538247681795568,0.0,0.0,67.82241761019137,0.0,0.0,0.0,-69.7062056456196,78.37048027953037,100.0,98.24560743069527,-0.0,0.20545452508059459,0.0,-0.11949287408575415,-1.5106809119741638,1.3911880378884096,67.41033051285098,49.101401741895955,18.30892877095502,4.6343161954972905,4.081628681073313,4.000529645146145,7.3684190448961795
2020-04-15 00:00:00+05:30,5.349999904632568,5.349999904632568,5.300000190734863,5.349999904632568,5358992,0.0,0.0,56146384.0,61284620,0.8373065428886338,1102417.1417201129,0.3965277041505801,0.036047925763421425,2491931.6145230792,4.532656802164093,96.00655608440373,1145.1684669248002,4.558333337306976,5.365419931796193,3.7512467428177594,35.41147760668318,0.9904471048900374,0.0,0.0,4.514999993642171,4.5899999698003136,4.440000017484029,3.3222580847731606,6.066667842865344,1.0,0.0,3.799999952316284,5.349999904632568,4.574999928474426,34.00365523140988,1.0,0.21490001630783082,0.0,0.05320910184101724,-0.0446843375976821,0.09789343943869934,4.558333337306976,4.558333337306976,4.731332148561737,4.67812304672072,0.14661332994375545,0.10869613578494597,0.03791719415880948,-0.1617334426339953,15.742113353804308,0.19166666269302368,-775.3734498884086,-797.103882735271,21.730432846862413,4.574999928474426,4.574999928474426,4.574999928474426,4.574999928474426,0.0,0.0,0.0,0.0,161.18144023607127,22.229003194025008,22.717449533737312,44.0,20.0,24.0,3.9356031522521975,4.538247681795568,0.0,0.0,72.91770981185869,0.0,0.0,0.0,-61.5438498368826,86.55462365583357,100.0,100.0,-0.0,0.33791661461194344,0.0,1.1374027854678996,-0.9810641724857511,2.118466957953651,58.44731472584675,50.97058433868612,7.476730387160629,4.701057035685968,4.901960875977918,4.785602205144346,12.631576939633016
2020-04-16 00:00:00+05:30,5.599999904632568,5.599999904632568,5.599999904632568,5.599999904632568,419768,0.0,0.0,56146384.0,61704388,0.8320976393937043,959920.692902954,0.0,0.03304393194980297,2511546.9419755396,4.539296768451179,96.03734998279396,1198.6810130621,4.63846153479356,5.592121478391365,3.6848015911957543,41.119665925622435,1.0041306265897467,1.0,0.0,4.639999993642171,4.7149999698003136,4.565000017484029,3.2327575974529723,6.900001441108292,1.0,0.0,3.799999952316284,5.599999904632568,4.699999928474426,38.805969151933375,1.0,0.21841001467704774,0.0,0.11856312042254746,-0.012034845993636186,0.13059796641618365,4.629166662693024,4.63846153479356,4.864973341803404,4.746410221380857,0.15976098048905138,0.11982079190661903,0.039940188582432354,-0.07336215762153502,17.07013118554053,-0.08846134405869677,-760.1772538739164,-792.9521914699669,32.77493759605056,4.699999928474426,4.699999928474426,4.699999928474426,4.699999928474426,0.0,0.0,0.0,0.0,167.67830573340657,22.229003194025008,22.717449533737312,48.0,20.0,28.0,4.048754892442627,4.538247681795568,0.0,0.0,76.86322089237729,0.0,0.0,0.0,-52.907593273676945,87.7551036047865,100.0,100.0,-0.0,0.4753845526621898,17.89473483436986,2.4979535036492124,-0.28526063725875833,2.7832141409079707,45.323077864675255,49.841083043883955,-4.5180051792087,4.868573788499424,4.672897279559285,4.567003762897803,17.894734834369853
2020-04-17 00:00:00+05:30,5.849999904632568,5.849999904632568,5.849999904632568,5.849999904632568,507807,0.0,0.0,56146384.0,62212195,0.8258822362000863,840925.1296311035,0.0,0.030502091030587358,2534216.8977187495,4.549087144090801,96.07559266601224,1198.6810130621,4.724999989782061,5.83582326863964,3.614176710924482,47.01897486813816,1.0063811392247326,1.0,0.0,4.809999974568685,4.884999950726828,4.734999998410542,3.1185021436457734,7.433335071140353,1.0,0.0,3.799999952316284,5.849999904632568,4.824999928474426,43.38624247088813,1.0,0.221569013209343,7.735230317825549,0.18835828460554005,0.028043780126199062,0.16031450447934098,4.737499972184499,4.724999989782061,5.016515889930968,4.828157605325428,0.17011899770750455,0.13067117040732484,0.039447827300179705,0.03900326092776419,18.11944699583736,-0.3750000851494928,-742.5269262811144,-786.333840777825,43.80691449671065,4.824999928474426,4.824999928474426,4.824999928474426,4.824999928474426,0.0,0.0,0.0,0.0,168.92910712893487,22.229003194025008,22.717449533737312,52.0,20.0,32.0,4.203879393661621,4.538247681795568,0.0,0.0,80.00092803703065,0.8000092803703065,0.0,0.0,-44.05923606431681,88.75878357441489,100.0,100.0,-0.0,0.6167856778417322,28.571421085759212,3.9012455682428846,0.5520406038415703,3.349204964401314,33.613289176002205,46.595524270307614,-12.982235094305409,5.167587149385439,4.464285790312039,4.36750642304351,23.15789272910671
2020-04-20 00:00:00+05:30,6.099999904632568,6.099999904632568,6.099999904632568,6.099999904632568,449546,0.0,0.0,56146384.0,62661741,0.8204569051257953,736848.1825409459,0.0,0.028323370242688262,2553428.265553303,4.55842280213551,96.1102451438512,1249.9066982160807,4.8166666507720945,6.090331427575854,3.5430018739683353,52.88573485149093,1.0037955344423426,1.0,0.0,5.024999960263569,5.099999936421712,4.949999984105427,2.9850737015412228,7.666668574015883,1.0,0.0,3.799999952316284,6.099999904632568,4.949999928474426,47.750864219503384,1.0,0.22441211188840873,7.735230317825549,0.26083759233175297,0.07460254256730985,0.1862350497644431,4.883333305517833,4.8166666507720945,5.183205738346599,4.922368146014846,1.1212119263613194,0.8787880736386806,0.24242385272263878,0.17281636644684523,18.986748227251613,-0.6666665554046629,-722.3219669310253,-777.2598645165968,54.93789758557159,5.200000047683716,4.949999928474426,5.074999988079071,4.949999928474426,0.0,0.0,0.0,0.0,164.55696188948718,22.229003194025008,22.717449533737312,56.00000000000001,20.0,36.00000000000001,4.401413854978135,4.538247681795568,0.0,0.0,82.54952644072266,1.0,0.0,0.0,-35.202290709244515,89.61039083016189,100.0,100.0,-0.0,0.7633332649866738,40.229885939453084,5.2990264968890495,1.5014377824510663,3.797588714437983,22.978402157088862,41.87209984766386,-18.893697690575,5.581992818384163,4.273504343171486,4.184711060362023,28.42105062384355
2020-04-21 00:00:00+05:30,6.400000095367432,6.400000095367432,6.400000095367432,6.400000095367432,822875,0.0,0.0,56146384.0,63484616,0.8107085220006531,666850.2503138038,0.0,0.028323370242688262,2593897.554210746,4.5805749715367385,96.72364476283572,1249.9066982160807,4.915624991059303,6.367657455463973,3.463592526654634,59.07824405017359,1.0111370236879378,1.0,0.0,5.2649999777476,5.309999958674114,5.219999996821086,1.7094009920875748,13.111117763286527,1.0,0.0,3.799999952316284,6.400000095367432,5.100000023841858,52.892564989805194,1.0,0.23197091977305417,7.652938440960463,0.3385825057105496,0.12739853519595778,0.2111839705145918,5.070833305517833,4.915624991059303,5.370404870195958,5.031822364485408,1.1176468567040068,0.8823531432959932,0.23529371340801353,0.3269306846523082,19.72584546907262,-0.9656249433755875,-680.2198016338483,-763.501852010533,83.28205037668465,5.450000047683716,5.100000023841858,5.275000035762787,5.100000023841858,0.0,0.0,58.59873064140058,31.740982387702584,164.94847115438705,22.229003194025008,22.717449533737312,60.0,20.0,40.0,4.639215901929756,4.538247681795568,0.0,0.0,85.01701971328511,1.0,0.9333364267901022,0.0,-26.150322275983907,91.78338019072638,100.0,100.0,-0.0,0.9628124728798868,54.21686622397029,6.728824691830622,2.546915164326977,4.181909527503644,14.274365098014139,36.352552897733915,-22.078187799719778,5.945551608154505,4.918035990574876,4.800924972152698,34.736844112998554
2020-04-22 00:00:00+05:30,6.699999809265137,6.699999809265137,6.699999809265137,6.699999809265137,803868,0.0,0.0,56146384.0,64288484,0.8014064325493765,606037.381699192,0.0,0.028323370242688262,2631578.8302135514,4.608155148980866,97.85920845093655,1308.496017946727,5.020588215659647,6.660551835612878,3.3806245957064154,65.32954106206296,1.0120270880318014,1.0,0.0,5.504999939600627,5.54999992052714,5.459999958674113,1.6348767091822425,13.777781957463306,1.0,0.0,3.799999952316284,6.699999809265137,5.2499998807907104,57.762153205544784,1.0,0.23877379918551928,7.314517725033,0.4195668736463398,0.1858322028860342,0.23373467076030563,5.299999952316284,5.020588215659647,5.5749579377450615,5.155391064098722,1.1142855371747697,0.8857144628252301,0.2285710743495396,0.498928504777148,20.369759669057924,-0.9205883110270783,-635.1726959284347,-744.860469986947,109.68777405851233,5.699999809265137,5.2499998807907104,5.474999845027924,5.2499998807907104,0.0,0.0,62.22619640988308,28.959924491334448,161.3977165691781,22.229003194025008,22.717449533737312,64.0,20.0,44.0,4.920941372879784,4.538247681795568,0.0,0.0,86.99706112839644,1.0,1.0,0.0,-17.16415409366246,93.80429236123587,100.0,100.0,-0.0,1.1314705245635084,69.62024628820002,8.138410227851251,3.665214177031832,4.4731960508194195,6.546506853990083,30.391343688985152,-23.84483683499507,6.2808619197592295,4.687495459802515,4.580949266224277,41.05262756347656
2020-04-23 00:00:00+05:30,7.0,7.0,7.0,7.0,378854,0.0,0.0,56146384.0,64667338,0.7970960722055696,535697.223207974,0.0,0.028323370242688262,2648542.4534219424,4.625480046630581,98.65564707377354,1367.085430802678,5.1305555370118885,6.964233884425538,3.2968771895982387,71.48069382293876,1.0097525598273298,1.0,0.0,5.754999939600627,5.79999992052714,5.709999958674113,1.5638568687678003,14.33333986777126,1.0,0.0,3.799999952316284,7.0,5.399999976158142,62.37141425716723,1.0,0.24489643834045366,6.488856589325374,0.5021664150376033,0.24909904531634802,0.25306736972125526,5.541666626930237,5.1305555370118885,5.794195178091975,5.292028763054372,1.1111109271461777,0.8888890728538225,0.2222218542923552,0.6854970300487744,20.940209694668678,-0.8305553462770252,-586.9479400657486,-721.0679010916278,134.1199610258792,5.849999904632568,5.399999976158142,5.624999940395355,5.399999976158142,0.0,0.0,65.48311316509601,26.46295425426235,157.67442600435268,22.229003194025008,22.717449533737312,68.0,20.0,48.0,5.241171891429147,4.538247681795568,0.0,0.0,88.61706383484284,1.0,1.0,0.977778808930034,-8.430690125943753,95.69161011462755,100.0,100.0,-0.0,1.3002777324782473,70.7317112883524,9.489109706723713,4.829993282970209,4.659116423753504,-1.4933764283250415,24.014399665523115,-25.507776093848157,6.6004788443106825,4.477614914555761,4.380265112628323,47.36842105263157
2020-04-24 00:00:00+05:30,7.349999904632568,7.349999904632568,7.349999904632568,7.349999904632568,444346,0.0,0.0,56146384.0,65111684,0.792099297360558,481386.34241024393,0.0,0.028323370242688262,2670759.7473682086,4.654097096050853,100.0,1367.085430802678,5.247368398465608,7.288903781534232,3.2058330153969834,77.81178023123337,1.0149632780320719,1.0,0.0,6.01999994913737,6.064999930063884,5.974999968210857,1.4950159902563391,15.277783546921173,1.0,0.0,3.799999952316284,7.349999904632568,5.574999928474426,67.65295825912176,1.0,0.2554067849696651,4.6737653972148285,0.5890786815679707,0.3170949725666726,0.27198370900129815,5.795833269755046,5.247368398465608,6.033549751405912,5.444471069837942,1.1066664945814455,0.8933335054185546,0.2133329891628909,0.8848140049577071,21.452241956862977,-0.7473683984656079,-534.8036330682536,-691.7483183038174,156.94468523556384,6.0249998569488525,5.574999928474426,5.799999892711639,5.574999928474426,100.0,0.0,68.85683846190179,23.876430775976395,158.39900497206915,22.229003194025008,22.717449533737312,72.0,20.0,52.0,5.592937513143317,4.538247681795568,0.0,0.0,90.15770554541884,1.0,1.0,1.0,0.18016430744342152,97.48822631466096,100.0,100.0,-0.0,1.4823683801450231,70.9302227583498,10.819759605876738,6.027946547551515,4.791813058325223,-8.460444623632576,17.51943080769198,-25.979875431324555,6.933599315564853,4.999998637608116,4.879015119427121,54.73684009752775
2020-04-27 00:00:00+05:30,7.699999809265137,7.699999809265137,7.0,7.0,26397753,0.0,0.0,29748631.0,38713931,0.3058017790053357,-907270.4254360902,0.0,0.02832338012547858,1413724.2164302026,5.8995478151225,52.572523272993365,1367.085430802678,5.334999978542328,7.466454813892477,3.203545143192179,79.90458646384184,0.8905783021633088,0.0,0.0,6.253333266576131,6.368333228429159,6.138333304723104,3.6780371987432265,3.746378178708116,1.0,0.0,3.799999952316284,7.699999809265137,5.7499998807907104,73.1021531890323,0.8205128628356467,0.2998660873992123,3.1761973484740835,0.6225389700006403,0.37818377205346615,0.24435519794717414,6.004166603088379,5.334999978542328,6.182234405035771,5.559695435035131,1.0481926665663968,0.8554218279500334,0.19277083861636335,1.0653311847942075,24.018884023079792,-0.6350001692771912,-485.1962046919054,-658.082208040295,172.88600334838958,6.5,5.7499998807907104,6.124999940395355,5.7499998807907104,100.0,0.0,56.88204618584223,19.72411554886604,132.43840294770945,22.229003194025008,22.717449533737312,76.0,20.0,56.0,5.944349991441167,4.538247681795568,0.0,0.0,78.68827030728687,0.790569889356015,0.9301899631186715,0.9767299877062238,4.964672978424052,74.77256487650507,79.41176800579385,93.13725600193129,-20.588231994206147,1.6262499630451206,55.55555555555556,11.197357432164925,7.061828724474198,4.135528707690726,39.859073150021686,21.98735927615792,17.871713873863765,6.951287741063349,-4.761903526175148,-4.879015119427121,47.36842105263157
2020-04-28 00:00:00+05:30,6.650000095367432,6.650000095367432,6.650000095367432,6.650000095367432,3490080,0.0,0.0,29748631.0,35223851,0.2961054930982546,-952164.3171109393,-0.0,0.02832338012547858,1239220.2639787693,6.031187391550575,47.62216288538893,1298.731177887605,5.429999983310699,7.617327068587309,3.2426728980340895,80.5645337753016,0.778879212960153,0.0,0.0,6.421666622161865,6.49666657447815,6.346666669845581,2.335840731982305,2.0222241225078017,1.0,0.0,3.799999952316284,7.699999809265137,5.7499998807907104,71.82320200618126,0.7307692942534701,0.3048794691225479,3.1868871812314583,0.6137396141865938,0.4252949404800917,0.18844467370650214,6.166666626930237,5.397619031724476,6.254198357394488,5.640458743207894,0.9767440957852804,1.0232559042147196,-0.04651180842943914,1.2069650125014466,25.714908523614998,-0.5299998879432675,-416.9625693737806,-618.258776872003,201.29620749822237,6.6499998569488525,5.7499998807907104,6.1999998688697815,5.7499998807907104,100.0,0.0,52.011527576086536,26.597728847804667,81.21969106943706,22.229003194025008,22.717449533737312,76.0,20.0,56.0,6.295479955005961,4.538247681795568,0.0,0.0,69.20685864856918,0.511773636294536,0.767447841883517,0.8992126016673962,6.7884908970180735,64.77446227340867,67.18750698491972,82.19975833023786,-32.81249301508027,1.6135713861102152,41.48936947312738,10.881023018307587,7.825667583240876,3.055355435066711,32.66412794322598,24.122713009571534,8.541414933654444,6.907575395490311,-4.999998637608116,-5.129328004658329,40.00000200773541
2020-04-29 00:00:00+05:30,6.349999904632568,6.949999809265137,6.349999904632568,6.949999809265137,21106363,0.0,0.0,50854994.0,56330214,0.419668236355066,88416.70839363884,-6.777630268349405e-07,0.028323331713833808,2191386.0941465124,6.228301084651874,60.72083021724096,1298.731177887605,5.549999964237213,7.793657639438315,3.306342289036111,80.85252935706886,0.811990518986467,0.0,0.0,6.56333327293396,6.69333324432373,6.43333330154419,3.9614008913997196,1.9871793131856181,1.0,0.0,3.799999952316284,7.699999809265137,5.7499998807907104,70.27026814557583,0.8076923006385033,0.33439151267354994,3.2082925102809154,0.6237829494672962,0.4649925422775326,0.15879040718976356,6.337499936421712,5.46818179433996,6.361244734605356,5.73746178513806,0.9148934918218365,0.9574469488203555,-0.04255345699851898,1.3246401561313295,27.85677045578209,-0.45000005960464495,-346.53554847600606,-572.2985873833463,225.76303890734027,6.7749998569488525,5.7499998807907104,6.2624998688697815,5.7499998807907104,100.0,0.0,44.91198757762122,29.79212920390475,78.81746068099885,22.229003194025008,22.717449533737312,76.0,20.0,56.0,6.295479955005961,7.699999809265137,0.0,1.0,72.28900158415313,0.4776590108935345,0.5933341788480285,0.7636573279500724,9.504529117040226,68.66469832720935,75.0,73.86642499690453,-25.0,1.546590881997889,41.8367280407978,10.872106391768954,8.434955344946491,2.4371510468224624,45.8001013193255,28.458190671522328,17.34191064780317,6.913885434699584,4.511273828502538,4.412476312410529,46.3157854582134
2020-04-30 00:00:00+05:30,7.25,7.25,6.75,7.25,13663283,0.0,0.0,64518277.0,69993497,0.48136583249281073,661355.3937751784,1.2808054369185922,0.11980943435087611,2781168.485305718,6.371801445227014,66.22223221203686,1354.7915536821754,5.694999969005584,7.984082700945601,3.405917237065568,80.38920963645653,0.8396557077857426,0.0,0.0,6.711666615804037,6.891666587193806,6.531666644414267,5.363793575977733,1.995370749338241,1.0,0.0,3.799999952316284,7.699999809265137,5.7499998807907104,68.48112165362907,0.884615429289479,0.35095236140619496,3.2165532465710207,0.6484746609912291,0.5016889660202719,0.14678569497095717,6.516666611035665,5.545652151107788,6.4979763138968405,5.849501652905611,0.9999999046325684,0.9000000953674316,0.09999980926513674,1.4287873302791723,29.867440545897928,-0.345000064373016,-273.6429810775446,-520.2003712496164,246.5573901720718,6.8999998569488525,5.7499998807907104,6.3249998688697815,5.7499998807907104,100.0,0.0,46.5585610148427,26.540885555168188,90.58729260479481,22.229003194025008,22.717449533737312,76.0,20.0,56.0,6.295479955005961,7.6729998111724855,0.0,0.0,74.98536442715543,0.44954235850087987,0.4796583352296501,0.6134801186537319,12.837270424358413,70.700602326028,85.00000635782878,75.7291711142495,-14.999993642171225,1.479347798098689,42.15686540335983,11.085981327471094,8.965160541451413,2.1208207860196815,45.57786046820045,31.882124630857952,13.695735837342497,6.965079204188366,4.316549625439259,4.225983673374811,52.63157894736843
2020-05-04 00:00:00+05:30,7.599999904632568,7.599999904632568,7.599999904632568,7.599999904632568,3303523,0.0,0.0,64518277.0,73297020,0.47186828210147985,732052.1568003666,0.0,0.1198094343508761,2940648.862540407,6.421905905337342,67.33438478949074,1420.1952660388333,5.867499959468842,8.184669525095417,3.5503303938422657,78.98319835135844,0.8738396988429392,0.0,0.0,6.886666615804037,7.066666587193806,6.706666644414267,5.227491947314312,2.4814816728050735,1.0,0.0,3.799999952316284,7.699999809265137,5.7499998807907104,66.46782929508366,0.9743589978716556,0.3508571157288323,3.2165532465710207,0.6883502147086897,0.5390212157579555,0.14932899895073426,6.704166611035665,5.631249974171321,6.66751840477926,5.97916819007057,1.097087293242467,0.902912706757533,0.1941745864849339,1.5282481861785762,31.301447612462525,-0.26750005483627337,-197.2569674338982,-461.8598157499356,264.60284831603735,7.0249998569488525,5.7499998807907104,6.3874998688697815,5.7499998807907104,100.0,0.0,50.62087915806771,24.523396449795047,112.4485084606382,22.229003194025008,22.717449533737312,76.0,20.0,56.0,6.295479955005961,7.646539813041687,0.0,0.0,77.71032920481906,0.4427035650179539,0.4566349781374561,0.5098758307383783,16.767545513721192,71.37840926133688,96.66666984558105,85.55555873446995,-3.3333301544189453,1.442708308498065,42.05607551603362,11.512474525333019,9.474623338227735,2.037851187105284,36.13254555881667,32.7322088164497,3.4003367423669744,7.06618163384231,4.827584891483694,4.714676587735589,59.99999799226459
2020-05-05 00:00:00+05:30,7.949999809265137,7.949999809265137,7.949999809265137,7.949999809265137,1320366,0.0,0.0,64518277.0,74617386,0.47102504276772655,693491.559268898,0.0,0.11980946166472466,3001455.1756823845,6.910143062267931,60.504530853473206,1485.5989783954915,6.067499947547913,8.378619753503603,3.7563801415922224,76.18029916554656,0.9072700724700803,0.0,0.0,7.071666606267295,7.251666577657064,6.891666634877524,5.090736919929009,2.9398148405699183,1.0,0.0,3.799999952316284,7.949999809265137,5.8749998807907104,68.39719642067755,1.0,0.3507713946192059,3.2165532465710207,0.7396675188203092,0.5791504763704263,0.16051704244988296,6.899999936421712,5.7239999675750735,6.8648232362386254,6.125155717418316,1.1372548799613744,0.9411765200869078,0.19607835987446665,1.628311536790536,32.41584417103693,-0.21750004291534442,-117.01445037453499,-399.28144338778964,282.26699301325465,7.1499998569488525,5.8749998807907104,6.5124998688697815,5.8749998807907104,100.0,0.0,54.35726829824873,22.667775073531953,123.26472555359238,22.229003194025008,22.717449533737312,96.0,20.0,76.0,6.349999904632568,7.646539813041687,1.0,0.0,80.0506729306772,0.5175835771936542,0.46994316690416266,0.46874549342375627,21.057046055463182,71.79622108790934,100.0,93.88889206780328,-0.0,1.4689999628067012,41.96428472594337,12.075897380321145,9.994878146646418,2.081019233674727,25.869273606495575,31.359621774458876,-5.490348167963301,7.212785858284311,4.605261960848539,4.502366993049423,67.36841703716077
2020-05-06 00:00:00+05:30,8.300000190734863,8.300000190734863,8.300000190734863,8.300000190734863,755968,0.0,0.0,64518277.0,75373354,0.3456351117370066,632219.777713185,0.0,0.09148605422539753,3034736.8228178406,7.038767923995307,58.80999065614302,1551.0027798576605,6.277499961853027,8.598593436239542,3.9564064874665132,73.94961333305564,0.9356783238590598,0.0,0.0,7.261666615804037,7.441666587193806,7.081666644414267,4.957538838206202,3.3842603888042655,1.0,0.0,4.300000190734863,8.300000190734863,6.300000190734863,63.71963399931679,1.0,0.35069429330425794,3.2165532465710207,0.7993643827421515,0.6231932576447714,0.1761711250973801,7.104166626930237,5.823076899235065,7.085619690776508,6.286255308034357,1.0576922547887748,0.9519230751596258,0.105769179629149,1.7316411355431427,33.32713324748034,-0.1775000572204588,-58.175008877519296,-335.1705892710213,276.995580393502,7.325000047683716,6.050000071525574,6.687500059604645,6.050000071525574,100.0,0.0,57.79636129154419,20.959801349733347,134.16777972320241,22.229003194025008,22.717449533737312,100.0,20.0,80.0,6.381999902725219,7.646539813041687,0.0,0.0,82.07726169783787,0.6143142142480164,0.5248671188198748,0.4838150879538312,25.525051858263335,72.07063694895432,100.0,98.88888994852702,-0.0,1.6990384349456198,41.880347453718066,12.716066140687882,10.53911574545471,2.176950395233172,16.022245081459747,28.292146435859053,-12.269901354399305,7.3966259390528455,4.402520627256212,4.30836331082225,74.73684612073397
2020-05-07 00:00:00+05:30,8.699999809265137,8.699999809265137,8.699999809265137,8.699999809265137,1087846,0.0,0.0,64518277.0,76461200,0.35468207180596273,604065.2358998277,0.0,0.09148605422539753,3087163.084868463,7.071117757250752,59.36595278891203,1551.0027798576605,6.497499942779541,8.860860893543697,4.1341389920153855,72.74677865570376,0.9659677282417339,0.0,0.0,7.461666615804037,7.641666587193806,7.281666644414267,4.824658636142336,3.9398149730247174,1.0,0.0,4.5,8.699999809265137,6.599999904632568,64.64024388230213,1.0,0.3556248258268595,3.2165532465710207,0.8689346658372674,0.6723415392832707,0.19659312655399674,7.320833285649617,5.9749999688221855,7.333985862851682,6.465051197014414,1.046728976960474,0.9532710230395262,0.0934579539209478,1.8408734390349648,34.097937267262516,-0.09749984741210938,-2.081235625621014,-270.18539988878484,268.10416426316385,7.5249998569488525,6.2499998807907104,6.8874998688697815,6.2499998807907104,100.0,0.0,61.378007681105096,19.181030629303844,147.77777006272913,4.75,4.75,100.0,16.0,84.0,6.458719914245605,7.646539813041687,0.0,0.0,84.0690973723435,0.7093860595205408,0.6137612836540703,0.5361905231260359,30.18822018793321,84.25320447335822,100.0,100.0,-0.0,2.0016666368201923,42.62294992263903,13.440491642796964,11.119390924923161,2.3211007178738026,7.698613926233771,24.173439933934,-16.474826007700226,7.625144421618993,4.819272401665553,4.706746595433442,83.1578907213713
2020-05-08 00:00:00+05:30,9.100000381469727,9.100000381469727,9.100000381469727,9.100000381469727,769586,0.0,0.0,64518277.0,77230786,0.3566149650135664,561746.6079656583,0.0,0.09148605422539753,3122546.400628173,7.100284326237816,59.67450391866755,1622.3133560686247,6.727499961853027,9.162756714414718,4.292243209291337,72.39707963940059,0.987115047955626,0.0,0.0,7.67166665395101,7.851666625340779,7.49166668256124,4.692591049874858,4.467594318184147,1.0,0.0,4.699999809265137,9.100000381469727,6.900000095367432,65.40320471429109,1.0,0.36006240046463256,3.2165532465710207,0.9454477860923571,0.726962788645088,0.21848499744726912,7.545833309491475,6.149999976158142,7.605680404177535,6.660232618085178,1.0454545454545454,0.9545454545454546,0.09090909090909083,1.9565090350458705,34.76578529774482,-0.027500152587890625,51.03809719286217,-205.09187430421645,256.1299714970786,7.7250001430511475,6.450000166893005,7.087500154972076,6.450000166893005,100.0,38.56455522423208,64.61224265643503,17.574796553859226,160.17899666598828,4.650000095367432,4.650000095367432,100.0,12.0,88.0,6.593196707946777,7.646539813041687,0.0,0.0,85.77196113818616,0.7906650538364558,0.7047884425350043,0.6144722816696498,34.88130260149084,91.45439567256258,100.0,100.0,-0.0,2.307678603274481,42.18750384170556,14.195416891672682,11.734596118273068,2.4608207733996146,-0.22392344255600527,19.293967258636002,-19.51789070119201,7.892552310963731,4.5977078272876115,4.495145170556336,91.57895539936267
2020-05-11 00:00:00+05:30,9.550000190734863,9.550000190734863,9.550000190734863,9.550000190734863,599900,0.0,0.0,64518277.0,77830686,0.36026522948400735,520062.07619601506,0.0,0.09148605422539753,3152211.7714261636,7.125893351117626,59.900035959644,1702.5376055407173,6.969999980926514,9.512911805696213,4.427088156156814,72.96734093912217,1.0072925031606257,1.0,0.0,7.891666682561239,8.07166665395101,7.711666711171469,4.561773288968941,5.106482699329676,1.0,0.0,4.699999809265137,9.550000190734863,7.125,69.58393679686957,1.0,0.369056141344683,3.216553246571021,1.0305170498678677,0.787673640889644,0.24284340897822376,7.78333334128062,6.349999987162077,7.9048065251863555,6.874289475318488,1.0438596505904498,0.9561403494095501,0.08771930118089977,2.0793831104745464,35.35494014707259,0.03000001907348615,101.0353977686198,-139.9550295863803,240.99042735500012,7.950000047683716,6.675000071525574,7.312500059604645,6.675000071525574,100.0,40.23362411396248,67.87180726074305,15.955982899783706,167.77149871533445,4.549999952316284,4.549999952316284,100.0,8.0,92.0,6.793741001828613,7.646539813041687,0.0,0.0,87.4032618428725,0.8685282883261144,0.7895264672277036,0.7026920644722594,39.61143234132034,91.80033595655391,100.0,100.0,-0.0,2.5760345648074976,42.53732033736159,14.990888201142033,12.385854534846862,2.6050336662951707,-7.615288696273737,13.912116067654054,-21.52740476392779,8.202584096287664,4.945052641772074,4.826671902232205,101.05263559441818
2020-05-12 00:00:00+05:30,10.0,10.0,10.0,10.0,849495,0.0,0.0,64518277.0,78680181,0.3598263869574678,500377.8635925397,0.0,0.09148605422539753,3192240.3138698125,7.166427014497353,60.14100107005239,1702.5376055407173,7.224999976158142,9.905578398095315,4.544421554220969,74.20286313585726,1.0176121692862934,1.0,0.0,8.168333355585734,8.27833334604899,8.058333365122476,2.6933276514244198,8.82575819643406,1.0,0.0,4.699999809265137,10.0,7.349999904632568,73.35640426608157,1.0,0.3771505081367284,3.2165532465710207,1.1213203945921348,0.8544029916301421,0.26691740296199273,8.033333341280619,6.574999983494099,8.227143982849993,7.105823588257858,1.0427350469150751,0.9572649530849248,0.08547009383015036,2.208583291912921,35.88199196904763,0.12499992847442609,154.7811512946898,-76.42794951210583,231.20910080679562,8.174999952316284,6.899999976158142,7.537499964237213,6.899999976158142,100.0,42.071193672762256,70.77117069179909,14.516057731827987,170.8132346337268,4.450000047683716,4.450000047683716,100.0,4.0,96.0,7.069366920719237,7.646539813041687,0.0,0.0,88.78768528295514,0.9346078815234097,0.8646004078953267,0.7863051058860115,44.239363957527665,92.32353344018199,100.0,100.0,-0.0,2.857500120004018,42.857142857142854,15.780301616903072,13.064743951258105,2.715557665644967,-13.655674116280784,8.398558030867086,-22.05423214714787,8.751745870634211,4.712039793483069,4.604391852917011,110.52631578947367
2020-05-13 00:00:00+05:30,10.5,10.5,10.5,10.5,644858,0.0,0.0,64518277.0,79325039,0.16508412730414423,474956.59736503405,0.0,0.09148605422539753,3224483.2138698124,7.200173200336441,60.24349307841671,1787.6644858177533,7.494999980926513,10.347350000873504,4.642649960979522,76.11340966526302,1.0267586372743505,1.0,0.0,8.55333334604899,8.663333336512247,8.443333355585732,2.572096421661603,9.348485557829406,1.0,0.0,5.300000190734863,10.5,7.900000095367432,69.37958402265834,1.0,0.38943545732305557,3.216553246571021,1.2195700761328894,0.9274364085306915,0.29213366760219783,8.295833349227905,6.826923058583186,8.57681413933461,7.357244063201721,1.041322316003704,0.9586776839962959,0.08264463200740801,2.3437984116993724,31.35878487686834,-0.4949999809265133,228.85229423893145,-12.495966988223877,241.34826122715532,8.625,7.149999976158142,7.887499988079071,7.149999976158142,100.0,44.0507625642821,73.6198051151125,13.101326361314694,170.19773505033817,4.350000023841858,4.350000023841858,100.0,0.0,100.0,7.421042890232929,7.646539813041687,0.0,0.0,90.0908242489836,0.9968077043966515,0.9333146247487253,0.8624804999572518,48.77321549684251,92.87228885434374,100.0,100.0,-0.0,3.1611291139356554,42.85714471073728,16.576452618076633,13.767085684621811,2.8093669334548217,-19.471639830523205,2.8245184585890284,-22.296158289112235,9.528747705907895,5.000000000000004,4.879016416943172,121.05263157894738
2020-05-14 00:00:00+05:30,11.0,11.0,11.0,11.0,667327,0.0,0.0,64518277.0,79992366,0.10667085931483203,454771.8691700292,0.0,0.09148605422539753,3256260.6900602886,7.234947358833289,60.586556043414696,1787.6644858177533,7.777499985694885,10.835845222386764,4.719154749003007,78.64597215858764,1.0268371888895704,1.0,0.0,8.978333361943564,9.028333361943563,8.928333361943563,1.1137924597884654,20.71666638056444,1.0,0.0,5.599999904632568,11.0,8.299999952316284,69.43105246286882,1.0,0.40049191159075,3.2165532465710207,1.3225341277544729,1.006455952375448,0.31607817537902494,8.62916668256124,7.092307677635779,8.949611964052362,7.6270778362978895,1.040000003051758,0.959999996948242,0.08000000610351599,2.4832834789659657,29.2940696464822,-1.1274998903274538,304.39752330261246,51.73075572068247,252.66676758193,9.299999952316284,7.650000095367432,8.475000023841858,7.399999976158142,100.0,46.121936382321685,76.12558395836984,11.856869049378798,166.45188430765606,4.274999976158142,4.274999976158142,100.0,0.0,100.0,7.852096885600319,7.646539813041687,0.0,0.0,91.19312920482446,1.0,0.9771385286400204,0.9250178537613575,53.10663038587489,93.38709336563909,100.0,100.0,-0.0,3.4776563696563247,57.14285714285714,17.339984672247926,14.481665482147035,2.8583191901008913,-24.547006991022275,-2.649786631333232,-21.897220359689044,10.182637614393276,4.761904761904767,4.652001563489305,131.57894736842107
2020-05-15 00:00:00+05:30,11.550000190734863,11.550000190734863,11.550000190734863,11.550000190734863,719656,0.0,0.0,64518277.0,80712022,0.10626481754381957,446348.8788976663,0.0,0.09148605422539753,3292243.5025387877,7.275467290379133,60.94922037821906,1787.6644858177533,8.075,11.376136287939318,4.77386371206068,81.76188948456517,1.026333948015227,1.0,0.0,9.425000047683715,9.425000047683715,9.425000047683715,0.0,20.71666638056444,1.0,0.0,5.849999904632568,11.550000190734863,8.700000047683716,70.58823883718013,1.0,0.4154427395051613,3.216553246571021,1.4320070138669916,1.0915661646737567,0.3404408491932349,9.037500023841858,7.371153831481934,9.349671691234287,7.917664677367295,1.038759691068655,0.961240308931345,0.07751938213730991,2.626091717701101,28.027827969548664,-1.1250001907348626,382.3469087836703,116.1311864115234,266.2157223721469,9.75,8.025000095367432,8.887500047683716,7.675000071525574,100.0,48.26346948364678,78.54029918410083,10.657637111177284,163.99748790309715,4.274999976158142,4.274999976158142,100.0,0.0,100.0,8.355761383904268,7.646539813041687,0.0,0.0,92.21855033082107,1.0,0.9989359014655506,0.9697963516180987,57.25499708130709,93.87825051138691,100.0,100.0,-0.0,3.816212196783586,73.68421090370965,18.086229617179857,15.2025783091536,2.8836513080262574,-28.839084064604442,-7.887646117987474,-20.95143794661697,10.790354314989536,5.0000017339532965,4.879018068327268,143.15789875231292
2020-05-18 00:00:00+05:30,12.100000381469727,12.100000381469727,12.100000381469727,12.100000381469727,729309,0.0,0.0,64518277.0,81441331,0.10596688793676111,439887.6232129501,0.0,0.09148605422539753,3326972.5140089714,7.368628549420248,93.66352211112086,1787.6644858177533,8.387500023841858,11.95917697749184,4.815823070191875,85.166663332276,1.0197139055134838,1.0,0.0,9.875000095367431,9.875000095367431,9.875000095367431,0.0,20.71666638056444,1.0,0.0,6.099999904632568,12.100000381469727,9.100000143051147,71.53502783644565,1.0,0.42889848462813146,2.9540684033062496,1.545331859924115,1.1823193037238284,0.3630125562002866,9.46666673819224,7.663461538461538,9.772799182039739,8.227467322115624,1.0952380772170391,1.0158730002547673,0.0793650769622718,2.7701021805775627,27.14856267144193,-1.1375000238418576,461.8065566950701,180.44463164147953,281.3619250535906,10.200000286102295,8.400000095367432,9.300000190734863,7.950000166893005,100.0,50.4377883221081,80.64815203517401,9.610803748344251,160.44723206239948,4.274999976158142,4.274999976158142,100.0,0.0,100.0,8.930724369133776,7.646539813041687,0.0,0.0,93.08555714507024,1.0,1.0,0.9920248100351903,61.14533759329714,96.97729262511146,100.0,100.0,-0.0,4.167500102519989,74.10072969123044,18.78259492772736,15.918581632868353,2.8640132948590065,-32.526936176915264,-12.815504129773032,-19.71143204714223,11.372419233425175,4.7619063346515,4.652003064747534,154.73685013620474
2020-05-19 00:00:00+05:30,12.699999809265137,12.699999809265137,12.699999809265137,12.699999809265137,575256,0.0,0.0,64518277.0,82016587,0.10579854456142025,426354.1443019396,0.0,0.09148605422539753,3355497.5768151227,7.4877704200809845,100.0,1876.3089184430146,8.717500019073487,12.589744303025828,4.845255735121146,88.83841182632749,1.014236641357602,1.0,0.0,10.350000095367431,10.350000095367431,10.350000095367431,0.0,20.71666638056444,1.0,0.0,6.349999904632568,12.699999809265137,9.524999856948853,72.84198326055706,1.0,0.4460085789448593,1.4992469793050738,1.6643717152069755,1.2787297860204578,0.38564192918651763,9.920833388964335,7.971153846153846,10.223137740074415,8.55876602486744,1.0916030428763983,0.9083969571236017,0.18320608575279662,2.9141332262769115,26.49370604797343,-1.1175001144409187,547.9104142664702,247.78745643525613,300.1229578312141,10.699999809265137,8.699999809265137,9.699999809265137,8.24999988079071,100.0,52.62923120908107,82.65023844079377,8.616497697231551,158.17471313891377,4.274999976158142,4.274999976158142,100.0,4.0,96.0,9.564579571600966,7.646539813041687,0.0,0.0,93.88588556726674,1.0,1.0,0.9996453004885169,64.80143585624161,98.61751182452623,100.0,100.0,-0.0,4.473676540571101,75.17241116227775,19.446398118270253,16.624144929948734,2.8222531883215183,-36.24040375087447,-17.50048405399332,-18.739919696881152,11.962455044909602,4.958672800657649,4.839649431693349,167.36841703716075
2020-05-20 00:00:00+05:30,13.300000190734863,13.300000190734863,12.100000381469727,13.300000190734863,58164209,0.0,0.0,122682486.0,140180796,0.48754452988054403,5350953.2076709345,9.837742294308169e-07,0.09148617290663011,6103414.750989021,11.427751670133285,100.0,1876.3089184430146,9.062500023841858,13.262961446926312,4.862038600757406,92.69983805867633,1.0044088898906436,1.0,0.0,10.81000010172526,10.930000082651775,10.690000120798747,2.220166138710071,10.875002019935458,1.0,0.0,6.349999904632568,13.300000190734863,9.825000047683716,76.6896581276475,1.0,0.521407701976887,0.36362039523809053,1.7865326383497422,1.380290356486315,0.40624228186342726,10.395833412806192,8.294230772898747,10.696501194022176,8.909968555672434,1.041958137563326,0.8741257873815677,0.16783235018175835,3.0560416872999516,26.665291620268643,-1.1125002145767215,638.4648772739206,318.9592467574274,319.50563051649317,11.200000286102295,9.0,10.100000143051147,8.550000071525574,100.0,54.810876493169175,76.70054177240455,7.046352654421756,142.50372696295395,4.350000023841858,4.350000023841858,100.0,0.0,100.0,10.1916636191338,7.646539813041687,0.0,0.0,94.56354601549162,1.0,1.0,1.0,68.17896288846063,98.73417749897605,100.0,100.0,-0.0,4.673970712633694,75.0000047056299,20.050942123834613,17.30950436872591,2.741437755108702,49.550416490986265,-4.090303944997402,53.64072043598367,12.556919554165273,4.724412523471089,4.616207112262316,180.00000401547084
2020-05-21 00:00:00+05:30,13.949999809265137,13.949999809265137,13.300000190734863,13.949999809265137,15230041,0.0,0.0,137912527.0,155410837,0.5418635946440092,6000748.583746576,3.9477862283766694,0.2819848008679213,6847739.615517723,12.533769716318895,100.0,1968.008171355997,9.425000023841857,13.983453768758896,4.86654627892482,96.73111370579929,0.9963305584123715,0.0,0.0,11.313333447774252,11.498333390553793,11.12833350499471,3.2704762682644577,7.626127505436374,1.0,0.0,6.349999904632568,13.949999809265137,10.149999856948853,80.6366035586982,1.0,0.5342668936322257,0.0,1.9137352384343842,1.4869793328759289,0.42675590555845533,10.895833412806192,8.634615384615385,11.197039442521092,9.283304204086708,1.1506849995114052,0.8287671053917355,0.32191789411966976,3.194711708966148,27.197739707032966,-1.124999833106994,728.9795079914508,394.2860701794928,334.69343781195795,11.75,9.625,10.6875,8.87499988079071,100.0,56.97207118656839,78.9392590477357,6.369307237252096,148.2270946730547,4.449999928474426,4.449999928474426,100.0,0.0,100.0,10.813330933454013,7.646539813041687,0.0,0.0,95.18603004036865,1.0,1.0,1.0,71.30775660003734,98.78048806152536,100.0,100.0,-0.0,4.9261765921817116,75.47169992390998,20.61480693040219,17.97056488106117,2.6442420493410204,47.12887906431705,6.1535326568654884,40.97534640745156,13.176066334209656,4.887215106831966,4.7715445025949155,193.68420651084497
2020-05-22 00:00:00+05:30,14.600000381469727,14.600000381469727,14.25,14.600000381469727,6739340,0.0,0.0,144651867.0,162150177,0.5628025206013499,5769295.194108676,4.154715030448919,0.5787501601857014,7161759.322770467,12.865075849090344,100.0,2059.7075588094003,9.805000042915344,14.74280332005467,4.8671967657760185,100.72010720096145,0.985539831118214,0.0,0.0,11.851666768391928,12.07166674931844,11.631666787465415,3.712557654983127,6.746213298527127,1.0,0.0,6.349999904632568,14.600000381469727,10.475000143051147,84.1407490130328,1.0,0.5458402614894621,0.0,2.0434383441075106,1.5982711351222454,0.4451672089852652,11.420833428700766,8.990384633724506,11.720571894667035,9.677133550559525,1.1644736862743992,0.7894736313753835,0.37500005489901567,3.328230790678772,27.726561864738407,-1.1050002336502072,819.4266988705376,474.10732585748366,345.31937301305396,12.300000190734863,10.100000143051147,11.200000166893005,9.200000166893005,100.0,59.094273994520684,80.9141794014287,5.772040762616457,149.10134305533924,4.574999928474426,4.574999928474426,100.0,0.0,100.0,11.440664708616238,7.646539813041687,0.0,0.0,95.71447726131451,1.0,1.0,1.0,74.16497860671024,98.82352968832869,100.0,100.0,-0.0,5.198970707023845,75.90361501156876,21.11615318142799,18.599682541134534,2.5164706402934556,39.27005135462239,12.776836396416869,26.49321495820552,13.808925910769688,4.659502373418523,4.554206024772922,207.3684290835732
2020-05-26 00:00:00+05:30,15.300000190734863,15.300000190734863,15.300000190734863,15.300000190734863,958356,0.0,0.0,144651867.0,163108533,0.5609689558412629,5040945.740265737,0.0,0.5787501601857014,7207707.884392393,12.964783265502982,100.0,2158.4606314557864,10.202500057220458,15.548851742935794,4.856148371505123,104.80473718658094,0.976726975063591,0.0,0.0,12.426666768391929,12.64666674931844,12.206666787465414,3.5407721962271954,7.030303798759696,1.0,0.0,6.349999904632568,15.300000190734863,10.825000047683716,87.72359946980102,1.0,0.5612562162670296,0.0,2.177610980412652,1.714139104180327,0.4634718762323251,11.970833460489908,9.363461567805363,12.271253170985164,10.093642190572512,1.2012579144473745,0.7987420855526255,0.402515828894749,3.4557484458970276,28.03125168407627,-1.1024996757507317,909.1475372021386,557.9258131805335,351.22172402160504,12.900000095367432,10.575000047683716,11.737500071525574,9.550000071525574,100.0,61.17092537298736,82.78624251278701,5.205880951297699,150.09184644062037,4.699999928474426,4.699999928474426,100.0,0.0,100.0,12.072531843186935,7.646539813041687,0.0,0.0,96.1984568369747,1.0,1.0,1.0,76.7829892830635,98.85057495863862,100.0,100.0,-0.0,5.505147135257721,75.86207501339256,21.574085343014698,19.194563101510568,2.37952224150413,28.07559517449418,15.83658815203233,12.239007022461848,14.47162559075421,4.794519116270535,4.683128602236675,222.10526717336558
2020-05-27 00:00:00+05:30,16.049999237060547,16.049999237060547,16.049999237060547,16.049999237060547,848135,0.0,0.0,144651867.0,163956668,0.8690116357078457,4411682.126107123,0.0,0.5787501601857014,7249283.076106484,13.034131612297767,100.0,2264.2673892951548,10.655000019073487,16.360427215505837,4.9495728226411355,107.09389368782882,0.9727953781761159,0.0,0.0,13.031666692097982,13.251666673024497,12.811666711171469,3.3763905435045443,7.359847287829473,1.0,0.0,6.349999904632568,16.049999237060547,11.199999570846558,91.03706536897265,1.0,0.580130499272895,0.0,2.317744895966447,1.834860262537551,0.4828846334288961,12.550000031789144,9.755769234437208,12.852598719612146,10.5348538236457,1.1916168471681237,0.8083831528318765,0.3832336943362472,3.5770538338320628,28.2294245083661,-1.1049998283386238,1003.7652821341162,644.0272562799986,359.7380258541176,13.524999618530273,11.074999570846558,12.299999594688416,9.924999594688416,100.0,63.1955647212399,84.53636596421778,4.67659881490239,148.80543902659917,4.824999928474426,4.824999928474426,100.0,0.0,100.0,12.71802551269652,7.646539813041687,0.0,0.0,96.63671889244371,1.0,1.0,1.0,79.18235459677031,98.89298909128159,100.0,100.0,-0.0,5.819264688211328,76.37361059613865,22.000731426991614,19.755796766606778,2.2449346603848355,17.89960288805557,16.24919109923698,1.6504117888185874,15.173124989112582,4.901954490038873,4.785596117613489,237.89472078022206
2020-05-28 00:00:00+05:30,16.850000381469727,16.850000381469727,16.850000381469727,16.850000381469727,653177,0.0,0.0,144651867.0,164609845,0.8880654887576163,3856090.729163499,0.0,0.5787501601857014,7281840.23326168,13.11589470304571,100.0,2377.1282359487686,11.1650000333786,17.163258151838146,5.166741914919054,107.44752531172963,0.9738876050194994,0.0,0.0,13.666666730244955,13.886666711171468,13.446666749318442,3.2195119010203563,7.734849834573637,1.0,0.0,6.349999904632568,16.850000381469727,11.600000143051147,94.04389113700515,1.0,0.6021175637865234,0.0,2.464941133108569,1.9608764366517546,0.5040646964568145,13.15833338101705,10.169230791238638,13.467583590667159,11.00264245755859,1.182857186453683,0.817142813546317,0.36571437290736597,3.69227605242655,28.36863788655516,-1.1650000333786004,1104.0984505852775,732.8829148669613,371.21553571831623,14.200000286102295,11.600000143051147,12.900000214576721,10.325000166893005,100.0,65.16227415512286,86.15350525746614,4.187534492451565,149.03285156285875,5.074999988079071,4.949999928474426,100.0,24.0,76.0,13.384420257569326,7.646539813041687,0.0,0.0,97.03003350024328,1.0,1.0,1.0,81.37714847732238,98.93617045946436,100.0,100.0,-0.0,6.280147054616142,76.43979104646631,22.403173988583124,20.28527221100205,2.117901777581075,8.522988504886214,14.70395058036683,-6.180962075480615,15.918402941271312,4.984431043223503,4.864187739666814,254.73685013620474
2020-05-29 00:00:00+05:30,17.649999618530273,17.649999618530273,17.649999618530273,17.649999618530273,1074541,0.0,0.0,144651867.0,165684386,0.8577347465078882,3428025.193595896,0.0,0.5787501601857014,7332856.966836098,13.205915433432647,100.0,2377.1282359487686,11.700000023841858,18.000158676011758,5.3998413716719575,107.69501947575475,0.9722102984374146,0.0,0.0,14.331666692097983,14.551666673024496,14.11166671117147,3.0701241614530965,8.041666395736462,1.0,0.0,6.75,17.649999618530273,12.199999809265137,93.16238971212503,1.0,0.6219057311139257,0.0,2.6159929260411747,2.0918997345296386,0.5240931915115361,13.795833349227905,10.601923080591055,14.111032210338408,11.495039284297233,1.1748634551844401,0.8251365448155599,0.34972691036888026,3.800452204824914,28.471801101142212,-1.2000000238418576,1203.9802527225934,824.1755086379528,379.80474408464056,14.875,11.999999761581421,13.43749988079071,10.724999785423279,100.0,67.06190292128622,87.55506654481474,3.763666477969295,148.73161648774376,5.275000035762787,5.100000023841858,100.0,20.0,80.0,14.077536282349406,7.646539813041687,0.0,0.0,97.36223165027954,1.0,1.0,1.0,83.35700591669078,98.97610940069175,100.0,100.0,-0.0,6.698382283659544,76.49999618530273,22.757581434408362,20.77973405568331,1.977847378725052,0.6590483868309217,11.894970141659648,-11.235921754828727,16.688001464497518,4.747769845396088,4.638508232876637,271.5789393374794
2020-06-01 00:00:00+05:30,18.5,18.5,18.5,18.5,675691,0.0,0.0,144651867.0,166360077,0.8315495890795336,3020355.5384758627,0.0,0.5787501601857014,7365397.341916485,13.271095468941565,100.0,2491.6075532875393,12.262500023841858,18.87414686371639,5.650853183967326,107.83521838156285,0.9717054712102945,0.0,0.0,15.026666673024497,15.24666665395101,14.806666692097982,2.928127517747531,8.393940063875947,1.0,0.0,7.599999904632568,18.5,13.049999952316284,88.88888949377916,1.0,0.6447151961495058,0.0,2.7723327608943205,2.227986339802575,0.5443464210917455,14.462500015894571,11.055769241773165,14.786258024132499,12.013925263238178,1.1675393203447209,0.8324606796552791,0.3350786406894417,3.9012973998538363,28.55131397030477,-1.2625000238418576,1303.4574530776665,917.6922749026858,385.76517817498075,15.300000190734863,12.424999952316284,13.862500071525574,11.149999976158142,100.0,68.89211451740657,88.84683481776403,3.373002681838038,148.67253374654334,5.474999845027924,5.2499998807907104,100.0,16.0,84.0,14.79202894958558,7.646539813041687,0.0,0.0,97.66152228402613,1.0,1.0,1.0,85.14512531782063,99.01639364912364,100.0,100.0,-0.0,7.107499886961545,76.19047619047619,23.075994732358428,21.238986191018334,1.8370085413400936,-6.947211525180186,8.126533808291683,-15.07374533347187,17.493334146943067,4.8158662880498415,4.703497031798909,289.4736842105263
2020-06-02 00:00:00+05:30,19.399999618530273,19.399999618530273,19.399999618530273,19.399999618530273,451863,0.0,0.0,144651867.0,166811940,0.8569070047859743,2646972.8226404465,0.0,0.5787501601857014,7387379.8569234,13.334048986766327,100.0,2612.8208423408328,12.852500009536744,19.792418785952872,5.912581233120616,107.99328957427126,0.9717273947963084,0.0,0.0,15.75666659673055,15.976666577657065,15.536666615804037,2.7924685665705846,8.78030304015503,1.0,0.0,7.949999809265137,19.399999618530273,13.674999713897705,89.08772457318864,1.0,0.6702436383875826,0.0,2.9350225411219135,2.369393580066443,0.5656289610554706,15.162499984105429,11.53269230402433,15.496064423270617,12.561041882148704,1.1600000534057668,0.8399999465942332,0.3200001068115337,3.9949156778273403,28.614473888022466,-1.3024998188018806,1402.6469324646732,1012.6629991469304,389.98393331774287,15.75,12.874999761581421,14.31249988079071,11.599999785423279,100.0,70.65102980792041,90.02720156061409,3.0160295603848595,148.67292695658642,5.624999940395355,5.399999976158142,100.0,12.0,88.0,15.533623159668464,7.646539813041687,0.0,0.0,97.92941309893342,1.0,1.0,1.0,86.75927737257364,99.05362792701114,100.0,100.0,-0.0,7.501029198309954,76.36363289572976,23.366075590378063,21.66440407089028,1.7016715194877818,-14.15337303046426,3.6705524405404937,-17.823925471004756,18.340741023204046,4.864862802866332,4.750231432161556,308.4210446006374
2020-06-03 00:00:00+05:30,20.350000381469727,20.350000381469727,20.350000381469727,20.350000381469727,443009,0.0,0.0,144651867.0,167254949,0.8650226474545752,2328956.5462616747,0.0,0.5787501601857014,7409073.614462811,13.390181067112188,100.0,2740.768359993204,13.472500038146972,20.75676206007073,6.188238016223214,108.13526815807894,0.9720794174223307,0.0,0.0,16.52166665395101,16.741666634877525,16.301666673024496,2.6631693464642527,9.200759225968913,1.0,0.0,8.300000190734863,20.350000381469727,14.325000286102295,89.44145597784863,1.0,0.6982193508427696,0.0,3.1048220304677976,2.5164792701467142,0.5883427603210833,15.895833333333334,12.03269232236422,16.242823801455096,13.138001770987298,1.1531100871457567,0.8468899128542432,0.3062201742915135,4.081602083923547,26.563681465504462,-1.3724996566772454,1498.2729045403728,1108.1972243987586,390.07568014161416,16.825000286102295,13.350000143051147,15.087500214576721,12.075000166893005,100.0,72.33732876408442,91.09814307098088,2.6921494306157525,146.8248809011844,5.799999892711639,5.574999928474426,100.0,8.0,92.0,16.306898451440826,7.646539813041687,0.0,0.0,98.16798530796851,1.0,1.0,1.0,88.21407329554188,99.0909093123447,100.0,100.0,-0.0,7.906617647058825,76.19047658366287,23.6323764038774,22.05799853748771,1.5743778663896926,-20.65119579043743,-1.1937972056550916,-19.45739858478234,19.233745182433235,4.896911245462299,4.780788422815041,328.4210606625206
2020-06-04 00:00:00+05:30,21.350000381469727,21.350000381469727,21.350000381469727,21.350000381469727,411093,0.0,0.0,144651867.0,167666042,0.8682550236265738,2054976.0396528642,0.0,0.5787501601857014,7429274.744305261,13.445696685761165,100.0,2875.4498493600977,14.125000047683717,21.768134192245967,6.481865903121465,108.2213680532427,0.9726464430122738,0.0,0.0,17.366666666666667,17.46666666666667,17.266666666666666,1.1516314779270798,20.416668574015013,1.0,0.0,8.699999809265137,21.350000381469727,15.025000095367432,89.55752587256802,1.0,0.7283974157584927,0.0,3.2822453109471343,2.669632478306798,0.6126128326403362,16.666666666666668,12.58461541395921,17.0285432753035,13.746297964356367,1.1461187588438053,0.8538812411561947,0.29223751768761064,4.161713975689383,25.335263659332384,-1.4250002384185798,1543.8039968374342,1198.733278714979,345.0707181224552,17.800000190734863,13.850000143051147,15.825000166893005,12.575000166893005,100.0,73.95028592537425,92.06419491236393,2.3999906220140943,146.08795621691635,6.124999940395355,5.7499998807907104,100.0,4.0,96.0,17.115518837446608,7.646539813041687,0.0,0.0,98.37962738445897,1.0,1.0,1.0,89.52232604654287,99.12790718052273,100.0,100.0,-0.0,8.335294107829823,76.44627858165777,23.877303689021385,22.421859567794446,1.4554441212269396,-26.55239082227044,-6.265515928978162,-20.28687489329228,20.174303048671675,4.914004821889728,4.797082690802279,349.4736922414679
2020-06-05 00:00:00+05:30,22.399999618530273,22.399999618530273,22.399999618530273,22.399999618530273,466308,0.0,0.0,144651867.0,168132350,0.8741418646978902,1831354.1831646308,0.0,0.5787501601857014,7452207.907559918,13.509065384730109,100.0,2875.4498493600977,14.810000038146972,22.831820134993354,6.788179941300591,108.32977820640266,0.9730846297193301,0.0,0.0,18.23333330154419,18.26833333969116,18.198333263397217,0.38391266772935895,60.023739652646164,1.0,0.0,9.100000381469727,22.399999618530273,15.75,89.80418097773781,1.0,0.7605575978886981,0.0,3.467608272558884,2.8292276371572154,0.6383806354016688,17.474999984105427,13.19038462638855,17.854921174261467,14.387312901702582,1.1397380385491023,0.8602619614508977,0.27947607709820455,4.235593765484969,23.621017245711283,-1.509999847412109,1583.8743084577889,1283.6719020024511,300.2024064553377,18.84999990463257,14.374999761581421,16.612499833106995,13.099999785423279,100.0,75.48975996412535,92.93158691155712,2.1376690754684216,145.72783892713758,6.1999998688697815,5.7499998807907104,100.0,0.0,100.0,17.96241514625123,7.646539813041687,0.0,0.0,98.56684240050583,1.0,1.0,1.0,90.69582214341395,99.1620113390134,100.0,100.0,-0.0,8.791176469185771,76.37795240113795,24.10184790064954,22.757857234365467,1.3439906662840713,-31.699056768832378,-11.352224096949005,-20.346832671883373,21.163501524164385,4.918029125525791,4.800918428902801,371.5789393374794
2020-06-08 00:00:00+05:30,23.5,23.5,23.5,23.5,468682,0.0,0.0,144651867.0,168601032,0.8770206222275028,1643382.2111108257,0.0,0.5787501601857014,7475223.54986205,13.574579778885921,100.0,2875.4498493600977,15.530000019073487,23.94774309115534,7.112256946991636,108.40622101408151,0.9734048017787383,0.0,0.0,19.13499994277954,19.13499994277954,19.13499994277954,0.0,60.023739652646164,1.0,0.0,9.550000190734863,23.5,16.52500009536743,89.8261416106385,1.0,0.794501876246801,0.0,3.6610680789239787,2.9955957255105683,0.6654723534134104,18.324999968210857,13.826923095262968,18.723394839759703,15.062326760835724,1.133333375718862,0.8666666242811382,0.2666667514377238,4.303528467061417,22.004272920127633,-1.5800002098083503,1617.9633226766673,1362.4292114996213,255.53411117704604,19.774999618530273,15.125,17.449999809265137,13.649999976158142,100.0,76.95615304769392,93.70753674330842,1.9030019813562018,145.80108995848312,6.2624998688697815,5.7499998807907104,100.0,0.0,100.0,18.84993204070704,7.646539813041687,0.0,0.0,98.73211275310227,1.0,1.0,1.0,91.7457136414139,99.72677601934092,100.0,100.0,-0.0,9.272058819322023,76.69172678937802,24.30612572051814,23.067510931596,1.2386147889221384,-36.27041208179242,-16.33586169391769,-19.934550387874733,22.201945291202435,4.910716072333132,4.793947931901776,394.7368421052632
2020-06-09 00:00:00+05:30,24.649999618530273,24.649999618530273,24.649999618530273,24.649999618530273,791456,0.0,0.0,144651867.0,169392488,0.8751858116553888,1538638.1949640643,0.0,0.5787501601857014,7513954.362546454,13.680659541767104,100.0,2875.4498493600977,16.284999990463255,25.120219147327457,7.449780833599053,108.50745056233639,0.9733894813219283,0.0,0.0,20.06999988555908,20.06999988555908,20.06999988555908,0.0,60.023739652646164,1.0,0.0,10.0,24.649999618530273,17.324999809265137,89.96008367890413,1.0,0.8300516504751482,0.0,3.8626554400452093,3.169007668417497,0.6936477716277123,19.216666618982952,14.496153849821825,19.63518019033979,15.77252475029458,1.127490077987007,0.872509922012993,0.2549801559740139,4.365734362673863,20.935422681566166,-1.6849996089935289,1645.201804605552,1433.6999362186696,211.5018683868825,20.75,16.12499976158142,18.43749988079071,14.224999785423279,100.0,78.35035244970209,94.39970569625582,1.693672369857651,145.80530803888524,6.3249998688697815,5.7499998807907104,100.0,0.0,100.0,19.77994563256563,7.646539813041687,0.0,0.0,98.87781166148798,1.0,1.0,1.0,92.68267713010138,100.0,100.0,100.0,-0.0,9.77647059244268,76.7025086420327,24.489772570958035,23.35196325946841,1.137809311489626,-39.33736663318242,-20.936162681770636,-18.401203951411784,23.289969436681474,4.893615398001172,4.777646386314016,418.947360390111
2020-06-10 00:00:00+05:30,25.850000381469727,25.850000381469727,25.850000381469727,25.850000381469727,400705,0.0,0.0,144651867.0,169793193,0.8794966628915747,1387525.0679282914,0.0,0.5787500899161133,7533461.312370185,15.378689784791199,100.0,3015.431271933117,17.07750000953674,26.348232124578168,7.806767894495318,108.57247383825839,0.9731287811509471,0.0,0.0,21.05,21.05,21.05,0.0,60.023739652646164,1.0,0.0,10.5,25.850000381469727,18.175000190734863,89.8843529374773,1.0,0.8670465617215786,0.0,4.072301946912624,3.3496665241165227,0.7226354227961016,20.154166618982952,15.198076945084791,20.591306373590548,16.519004426677924,1.175298786918689,0.9203187263105974,0.25498006060809164,4.422358081965091,20.161330087730697,-1.7774998188018785,1667.0911182204304,1496.2546770670199,170.83644115341053,21.75,16.90000009536743,19.325000047683716,14.825000166893005,100.0,79.67366407421642,95.01581035753264,1.5073465474723085,145.78981185161155,6.3874998688697815,5.7499998807907104,100.0,0.0,100.0,20.75395642975856,7.646539813041687,0.0,0.0,99.00615225159433,1.0,1.0,1.0,93.51694352768722,100.0,100.0,100.0,-0.0,10.304411760498496,77.05479250725543,24.652223837024483,23.612015374979624,1.040208462044859,-43.225498907504466,-25.394029926917405,-17.83146898058706,24.427760967698475,4.868157328640965,4.753373069823397,444.21053434673115
2020-06-11 00:00:00+05:30,27.100000381469727,27.100000381469727,27.100000381469727,27.100000381469727,1901867,0.0,0.0,144651867.0,171695060,0.8675281128278622,1528926.3082242499,0.0,0.29676535931777986,7625427.800374733,18.28648716660002,100.0,3015.431271933117,17.90750002861023,27.63520660766578,8.179793449554678,108.6439376073032,0.9724906265497157,0.0,0.0,22.075,22.075,22.075,0.0,60.023739652646164,1.0,0.0,11.0,27.100000381469727,19.050000190734863,89.90646575874511,1.0,0.9053419055494206,0.0,4.289862008453618,3.537705620983942,0.7521563874696757,21.137499968210857,15.934615428631123,21.59264391326427,17.30278190481065,1.0760456240674026,0.9733840025673056,0.10266162150009694,4.47348723802319,19.568659545911814,-1.8575007915496826,1690.8571999585952,1550.3521156487977,140.50508430979744,22.800000190734863,17.700000286102295,20.25000023841858,15.450000166893005,100.0,80.92774378314243,95.56334598188508,1.3417577572798949,145.5848091573882,6.5124998688697815,5.8749998807907104,100.0,0.0,100.0,21.773165220100793,7.646539813041687,0.0,0.0,99.11916006018272,1.0,1.0,1.0,94.25826263073938,100.0,100.0,100.0,-0.0,10.854411743668948,77.12418329171345,24.79290343052245,23.84819298608819,0.9447104444342607,-41.39982662652423,-28.595189266838773,-12.804637359685458,25.615422929374585,4.835589870613877,4.722312625054137,470.52632382041526
2020-06-12 00:00:00+05:30,28.450000762939453,28.450000762939453,26.149999618530273,28.450000762939453,18752643,0.0,0.0,163404510.0,190447703,0.8952598913350832,4927090.436130157,2.452986441385527,0.1752133172418233,8559600.303961711,25.419494260047646,100.0,3015.431271933117,18.780000066757204,28.99123912181566,8.568761011698745,108.74588944366985,0.9734979097072413,0.0,0.0,23.078333409627277,23.308333524068196,22.848333295186357,1.993212511133697,12.177531914211302,1.0,0.0,11.550000190734863,28.450000762939453,20.000000476837158,89.9893530997349,1.0,1.0448078294353966,0.0,4.519120069909775,3.7339885107691084,0.7851315591406665,22.170833428700764,16.709615450638992,22.647621890137373,18.128501820227598,0.9594594368192747,0.9087837650620926,0.05067567175718213,4.519982240490989,22.152993113675507,-1.929999685287477,1715.1974610386646,1596.101005422242,119.09645561642265,23.925000190734863,18.575000286102295,21.25000023841858,16.12500035762787,100.0,82.11528837830961,88.9726218720508,1.1018959362616048,136.22628079628248,6.687500059604645,6.050000071525574,100.0,0.0,100.0,22.83853225237458,7.646539813041687,0.0,0.0,99.22204496343952,1.0,1.0,1.0,94.92001313891816,100.0,100.0,100.0,-0.0,11.237353028970606,77.25858015772646,24.928260011356187,24.06420639114179,0.8640536202143956,2.049950362059723,-22.466161341059077,24.5161117031188,26.87523529984786,4.981551153013353,4.861444542716287,498.9473844829359
2020-06-15 00:00:00+05:30,29.850000381469727,29.850000381469727,29.850000381469727,29.850000381469727,537102,0.0,0.0,163404510.0,190984805,0.8967419730397119,4330640.744556113,0.0,0.1752133172418233,8586030.62294052,25.85275562143479,100.0,3163.8180036449107,19.695000076293944,30.417635233839533,8.972364918748356,108.88687601938099,0.9735310003544064,0.0,0.0,24.21333344777425,24.443333562215166,23.98333333333333,1.8997806719756698,12.753617671880386,1.0,0.0,12.100000381469727,29.850000381469727,20.975000381469727,90.12439670596873,1.0,1.0803270083448844,0.0,4.758919146660919,3.9389746379474704,0.8199445087134483,23.2541667620341,17.5230770111084,23.755680119573118,18.9967609729122,1.0870967934456615,0.9129032065543387,0.1741935868913228,4.56220726257636,23.492974129926694,-2.0450004577636705,1739.8016792626688,1633.5626439553528,106.23903530731604,25.100000381469727,19.475000381469727,22.287500381469727,16.825000166893005,100.0,83.23812679569971,90.12931666291514,0.9863147641316695,147.76831002953298,6.8874998688697815,6.2499998807907104,100.0,0.0,100.0,23.960825954487554,7.646539813041687,0.0,0.0,99.3118163100858,1.0,1.0,1.0,95.50810427534427,100.0,100.0,100.0,-0.0,11.845588385357575,77.15133356493186,25.05121348553441,24.261607810020315,0.7896056755140961,-5.639038902082164,-19.100736853263694,13.461697951181531,28.19735311390202,4.920912411201028,4.803666522897432,528.4210606625206
2020-06-16 00:00:00+05:30,31.299999237060547,31.299999237060547,31.299999237060547,31.299999237060547,409842,0.0,0.0,163404510.0,191394647,0.8993474375979711,3796873.5569013907,0.0,0.1752133172418233,8605939.179837624,26.237134150333603,100.0,3317.5041820689016,20.655000019073487,31.91052764742963,9.399472390717342,108.98598516545563,0.9728787298770883,0.0,0.0,25.403333409627276,25.633333524068195,25.17333329518636,1.810786881644067,13.318832377033454,1.0,0.0,12.100000381469727,31.299999237060547,21.699999809265137,92.95569517240827,1.0,1.117294193069478,0.0,5.008232643744865,4.1528262391069495,0.8554064046379155,24.391666730244953,18.376923120938816,24.91634459918657,19.908111955441704,1.0833333529562608,0.9166666470437392,0.16666670591252153,4.600211936393386,24.33638065826936,-2.155000019073487,1764.229802790822,1663.1134104276248,101.11639236319729,26.324999809265137,20.424999713897705,23.37499976158142,17.549999594688416,100.0,84.29835944713368,91.16318812566473,0.8830065479625658,147.46542617552473,7.087500154972076,6.450000166893005,100.0,0.0,100.0,25.13866083988399,7.646539813041687,0.0,0.0,99.39029110664465,1.0,1.0,1.0,96.02900951626097,100.0,100.0,100.0,-0.0,12.471176563992218,77.337109991773,25.15674341672521,24.440634931361295,0.7161084853639146,-12.811392505008662,-17.842867983612688,5.031475478604026,29.57630694641692,4.8576175445912195,4.743322055287846,558.9473523591695
2020-06-17 00:00:00+05:30,32.849998474121094,32.849998474121094,32.849998474121094,32.849998474121094,287000,0.0,0.0,163404510.0,191681647,0.901711383735166,3318013.0174921034,0.0,0.1752133172418233,8620151.633252308,26.53372881125319,100.0,3481.7894560782206,21.662499952316285,33.482562114879734,9.842437789752836,109.1292527509003,0.9732419494898217,0.0,0.0,26.653333218892413,26.883333333333333,26.423333104451494,1.7258637976123057,13.971004721652934,1.0,0.0,12.100000381469727,32.849998474121094,22.47499942779541,95.78764287744477,1.0,1.1605646974685848,0.0,5.270136517707261,4.376288294827012,0.8938482228802487,25.58749993642171,19.273076901069054,26.136906733791882,20.86677021608462,1.079646045582147,0.920353954417853,0.1592920911642941,4.634579802533833,24.922852123179176,-2.2625003337860115,1788.230974506331,1690.2719635019466,97.95901100438437,27.624999046325684,21.424999237060547,24.524999141693115,18.32499921321869,100.0,85.29873424967948,92.11405863924115,0.7879920900684209,147.52352024538317,7.312500059604645,6.675000071525574,100.0,0.0,100.0,26.3709285193193,7.646539813041687,0.0,0.0,99.4610416149328,1.0,1.0,1.0,96.49180822401215,100.0,100.0,100.0,-0.0,13.10058799491209,77.56755931957348,25.256119960744616,24.60373193723796,0.6523880235066564,-19.56455473288122,-18.187205333466395,-1.3773493994148254,31.031280958729887,4.952074360517167,4.83336253096831,591.5789152446546
2020-06-18 00:00:00+05:30,34.45000076293945,34.45000076293945,34.45000076293945,34.45000076293945,228972,0.0,0.0,163404510.0,191910619,0.7872059411454008,2896347.689861134,0.0,0.1752133172418233,8631304.015020724,26.966827070991798,100.0,3651.3745811216045,22.719999980926513,35.12799737086295,10.312002590990078,109.22532922845929,0.9726790477698928,0.0,0.0,27.963333257039388,28.193333371480303,27.733333142598468,1.6450121473484798,14.601444083338405,1.0,0.0,13.300000190734863,34.45000076293945,23.875000476837158,93.08979132904955,1.0,1.2045084566035622,0.0,5.5429088349600875,4.609612402853628,0.9332964321064594,26.84166669845581,20.213461545797493,27.415844276737662,21.872935441777575,1.07605635134669,0.9239436486533099,0.15211270269338018,4.665396742270801,25.356764249617243,-2.3699995994567864,1811.6539598686984,1715.5808136587143,96.07314620998409,28.975000381469727,22.475000381469727,25.725000381469727,19.12500035762787,100.0,86.2414757427412,92.95658388004337,0.7038038879168313,147.54766420894765,7.537499964237213,6.899999976158142,100.0,0.0,100.0,27.666742510279658,7.646539813041687,0.0,0.0,99.52262210521737,1.0,1.0,1.0,96.90125329611791,100.0,100.0,100.0,-0.0,13.752940985735723,77.57732701207833,25.341403533670494,24.75126625652447,0.5901372771460238,-25.812824831317627,-19.71232923303664,-6.100495598280986,32.550711982823024,4.8706312424301235,4.755732112522271,625.26317395662
2020-06-19 00:00:00+05:30,36.150001525878906,36.150001525878906,36.150001525878906,36.150001525878906,1357238,0.0,0.0,163404510.0,193267857,0.6733753211425516,2812198.8249510317,0.0,0.1752133172418233,8698279.503682327,27.64264321714832,100.0,3651.3745811216045,23.8300000667572,36.85767853085008,10.802321602664318,109.33846770958651,0.9728394814578174,0.0,0.0,29.33833344777425,29.568333562215166,29.10833333333333,1.5679153340481686,15.307966714847957,1.0,0.0,14.25,36.150001525878906,25.200000762939453,91.90097131568776,1.0,1.2540576872371514,0.0,5.829064884153798,4.853502899113662,0.9755619850401356,28.15833346048991,21.200000066023605,28.759560776605547,22.93049589245175,1.0725806567390208,0.9274193432609792,0.14516131347804162,4.693118054489926,25.691865609052524,-2.479999685287474,1835.3009968496622,1739.7294441223805,95.57155272728164,30.40000057220459,23.575000762939453,26.98750066757202,19.975000739097595,100.0,87.12927237070537,93.72383404684247,0.6271374463490753,147.69137389798968,7.887499988079071,7.149999976158142,100.0,0.0,100.0,29.023394160811616,7.646539813041687,0.0,0.0,99.57781733009256,1.0,1.0,1.0,97.26422705855849,100.0,100.0,100.0,-0.0,14.665588266709271,77.6412818094899,25.420579264806076,24.885128858180792,0.5354504066252836,-27.798803669079675,-21.32962412024525,-6.4691795488344255,34.15039622418119,4.934690058899149,4.816797120847394,661.0526637027137
2020-06-22 00:00:00+05:30,37.95000076293945,37.95000076293945,37.95000076293945,37.95000076293945,278070,0.0,0.0,163404510.0,193545927,0.5972987745156589,2481959.8196508028,0.0,0.1752133172418233,8712125.306357913,27.889172572353008,100.0,3833.1856788482837,24.997500085830687,38.67611427293309,11.318885898728281,109.439857106798,0.9734580747705315,0.0,0.0,30.783333524068194,31.013333638509113,30.553333409627278,1.4943158398429475,16.079703636869777,1.0,0.0,15.300000190734863,37.95000076293945,26.625000476837158,90.60906288402524,1.0,1.308651842219491,0.0,6.130422811872748,5.10888688166548,1.0215359302072677,29.541666825612385,22.23653855690589,30.17347462065692,24.04305180878417,1.0692307820216662,0.9307692179783339,0.13846156404333232,4.718310373678134,25.95897491582936,-2.5975004673004136,1859.3089077326063,1763.5191222476087,95.78978548499754,31.90000057220459,24.750000476837158,28.325000524520874,21.125000476837158,100.0,87.9647013854606,94.4172725592439,0.5578465351282296,147.91515811040114,8.475000023841858,7.399999976158142,100.0,0.0,100.0,30.448715633825074,7.646539813041687,0.0,0.0,99.62699437933529,1.0,1.0,1.0,97.58615312900892,100.0,100.0,100.0,-0.0,15.39294125893537,77.75175683780006,25.497689979742873,25.00764108249321,0.4900488972496646,-33.03859075647182,-23.671417447490565,-9.367173308981254,35.8391093525182,4.979250791378176,4.859253313102085,698.9473844829358
2020-06-23 00:00:00+05:30,39.79999923706055,39.79999923706055,39.79999923706055,39.79999923706055,285318,0.0,0.0,163404510.0,193831245,0.6103837122191557,2202799.540363443,0.0,0.1752133172418233,8726034.077215033,28.142717851026607,100.0,3833.1856788482837,26.222500038146972,40.57925739934296,11.865742676950987,109.4995316259747,0.9728609273432237,0.0,0.0,32.29833348592122,32.52833360036214,32.06833337148031,1.424222798003943,16.80796090987687,1.0,0.0,16.049999237060547,39.79999923706055,27.924999237060547,90.57107432719945,1.0,1.3627865054096513,0.0,6.444245308028332,5.375958566938051,1.0682867410902812,30.991666793823242,23.323076981764572,31.65447840779594,25.210233099767606,1.0661764905251987,0.9338235094748013,0.1323529810503974,4.740904209529663,26.1771508950069,-2.722500038146972,1882.9369587107205,1787.5019934131967,95.43496529752383,32.97499942779541,25.949999809265137,29.462499618530273,22.149999618530273,100.0,88.75002866202917,95.02560071057302,0.4970601623308601,147.65512015153493,8.887500047683716,7.675000071525574,100.0,0.0,100.0,31.94897265964795,7.646539813041687,0.0,0.0,99.66959295651849,1.0,1.0,1.0,97.8702660058769,100.0,100.0,100.0,-0.0,16.15617656988256,77.67857104843976,25.562021908031213,25.11851724760081,0.4435046604304027,-37.692725600255564,-26.47567907804357,-11.217046522211994,37.59950485675924,4.874831190853968,4.759736917561375,737.894720780222
2020-06-24 00:00:00+05:30,41.75,41.75,41.75,41.75,336514,0.0,0.0,163404510.0,194167759,0.6207204830835139,1981857.1141314951,0.0,0.1752133172418233,8742521.57895671,28.420868868479253,100.0,3833.1856788482837,27.507500076293944,42.57522313054314,12.439777022044751,109.55356184646243,0.9726161966352833,0.0,0.0,33.88833344777425,34.11833356221517,33.65833333333333,1.3573999724440597,17.590570957618354,1.0,0.0,16.850000381469727,41.75,29.300000190734863,90.52076542567814,1.0,1.4215079311626315,0.0,6.772234557523994,5.65521376505524,1.1170207924687539,32.51250012715658,24.463461582477276,33.20763557582733,26.435401018303338,1.0632318668547394,0.9367681331452608,0.1264637337094786,4.76105639297859,26.358863926348764,-2.8575004577636705,1906.1641538891947,1811.4249882943743,94.7391655948204,33.94999980926514,26.925000190734863,30.4375,23.22499990463257,100.0,89.48778340997617,95.5731625335144,0.4423457832145859,147.46642800733417,9.300000190734863,7.950000166893005,100.0,4.0,96.0,33.51917797513047,7.646539813041687,0.0,0.0,99.70751033759144,1.0,1.0,1.0,98.12126299761775,100.0,100.0,100.0,-0.0,16.952353351256427,77.6595744680851,25.618051161149534,25.21842403031056,0.39962713083897583,-41.613456391611656,-29.503234540757187,-12.110221850854469,39.44416936486624,4.899499498290627,4.783255817580567,778.9473684210526
2020-06-25 00:00:00+05:30,43.79999923706055,43.79999923706055,43.79999923706055,43.79999923706055,1405124,0.0,0.0,163404510.0,195572883,0.6056460932548027,2110235.1161092054,0.0,0.1752133172418233,8811515.665854326,29.310689947327383,100.0,3833.1856788482837,28.855000019073486,44.671001393885945,13.038998644261026,109.62399143550788,0.9724645270260124,0.0,0.0,35.55833333333333,35.78833344777425,35.32833321889241,1.2936495773569407,18.416656093326143,1.0,0.0,17.649999618530273,43.79999923706055,30.72499942779541,90.625540118679,1.0,1.484357061752423,0.0,7.115562432221729,5.947283498488538,1.1682789337331911,34.10833342870077,25.659615406623253,34.83722998524782,27.721667553026094,1.060402700600802,0.939597299399198,0.1208054012016041,4.778992944544445,24.14677657605259,-3.0049996376037598,1929.3553728233546,1835.2203118260065,94.13506099734809,36.82499980926514,27.949999809265137,32.38749980926514,24.249999523162842,100.0,90.1804023673127,96.06371217883193,0.39332826931071774,145.71682619765343,9.699999809265137,8.24999988079071,100.0,0.0,100.0,35.16534238010438,7.646539813041687,0.0,0.0,99.74114240397498,1.0,1.0,1.0,98.34303304855997,100.0,100.0,100.0,-0.0,17.79000012173372,77.68762642955396,25.66787304050544,25.308313832349537,0.35955920815590403,-40.239219833367116,-31.650431599279173,-8.588788234087943,41.38009375250815,4.9101778133186835,4.7934348666826665,822.1052470960116
2020-06-26 00:00:00+05:30,45.95000076293945,45.95000076293945,45.95000076293945,45.95000076293945,298135,0.0,0.0,163404510.0,195871018,0.6212234276417455,1900343.0573675914,0.0,0.1752133172418233,8826150.157089101,29.59246958285436,100.0,4021.344473415744,30.270000076293947,46.86742162699437,13.672578525593522,109.66251409889325,0.9723625485665813,0.0,0.0,37.38500003814697,37.38500003814697,37.38500003814697,0.0,18.416656093326143,1.0,0.0,18.5,45.95000076293945,32.22500038146973,90.68384768336031,1.0,1.5509215081650713,0.0,7.474972570505489,6.252821312891928,1.222151257613561,35.78333346048991,26.915384659400353,36.54688702796961,29.07191445746412,1.0576923202324031,0.9423076797675969,0.11538464046480623,4.794918915910162,22.241168031514956,-3.16999969482422,1952.3765752235029,1858.8397447105438,93.53683051295911,38.625,29.625000476837158,34.12500023841858,25.325000286102295,100.0,90.83023912552812,96.50156929937894,0.34957598511443194,145.71215232437825,10.100000143051147,8.550000071525574,100.0,0.0,100.0,36.89227375149561,7.646539813041687,0.0,0.0,99.77089636333092,1.0,1.0,1.0,98.53889821899992,100.0,100.0,100.0,-0.0,18.66617642851437,77.75628659517614,25.71200662220686,25.389052390321005,0.3229542318858556,-43.94590432766379,-34.1095261449561,-9.83637818270769,43.41116353492206,4.9086793683314145,4.792006544169247,867.3684371145148
2020-06-29 00:00:00+05:30,48.20000076293945,48.20000076293945,48.20000076293945,48.20000076293945,407904,0.0,0.0,163404510.0,196278922,0.6267836542486851,1759977.4777436499,0.0,0.1752133172418233,8846123.693210132,30.020262792863747,100.0,4021.344473415744,31.755000114440918,49.168899914425374,14.341100314456462,109.67658470934978,0.9721802938280721,0.0,0.0,39.22000007629394,39.22000007629394,39.22000007629394,0.0,18.416656093326143,1.0,0.0,19.399999618530273,48.20000076293945,33.80000019073486,90.69438211499825,1.0,1.6208293573485641,0.0,7.850864017075324,6.572429853728607,1.2784341633467164,37.54166682561239,28.232692388387825,38.33967375642651,30.488809739351183,1.0551020520967715,0.9448979479032285,0.1102041041935431,4.808973439836539,20.784640226300674,-3.304999351501465,1974.909868289101,1882.2486408770192,92.66122741208187,40.52499961853027,31.225000381469727,35.875,26.750000476837158,100.0,91.43956839142776,96.89129058938002,0.3106336090805126,145.64465522476613,10.6875,8.87499988079071,100.0,0.0,100.0,38.70381915378438,7.646539813041687,0.0,0.0,99.79717130076877,1.0,1.0,1.0,98.71176170519558,100.0,100.0,100.0,-0.0,19.579411705802467,77.85977890944,25.74998527063653,25.46123896638411,0.2887463042524203,-46.62726546718432,-36.61307400940174,-10.01419145778258,45.539535636263125,4.896626686924277,4.780517147979024,914.7368581671464
2020-06-30 00:00:00+05:30,50.599998474121094,50.599998474121094,50.599998474121094,50.599998474121094,393573,0.0,0.0,163404510.0,196672495,0.6280071820500323,1643491.3093778274,0.0,0.1752133172418233,8865720.67006141,30.383764542679913,100.0,4221.577199127471,33.31500005722046,51.59086097107317,15.039139143367745,109.71550882463066,0.9728914960115224,0.0,0.0,41.15,41.15,41.15,0.0,18.416656093326143,1.0,0.0,20.350000381469727,50.599998474121094,35.47499942779541,90.79993408583289,1.0,1.6987461927318719,0.0,8.247350135740536,6.907413910130993,1.3399362256095433,39.387499968210854,29.61730769964365,40.22587755914875,31.978527423408213,1.0525292000616586,0.9474707999383414,0.10505840012331724,4.82168533689579,19.801272599221242,-3.4649996757507324,1997.8078754943635,1905.5349632090229,92.27291228534068,42.52499961853027,32.94999933242798,37.737499475479126,28.09999918937683,100.0,92.01068521557224,97.24396833188855,0.2753927597352715,145.89297212832662,11.200000166893005,9.200000166893005,100.0,0.0,100.0,40.60305547561539,7.646539813041687,0.0,0.0,99.82078178277575,1.0,1.0,1.0,98.8647253923286,100.0,100.0,100.0,-0.0,20.545293951034544,77.85587738906304,25.790274913357937,25.527046155778876,0.2632287575790606,-48.984292843231145,-39.08731777616762,-9.896975067063522,47.788630230866666,4.979248284632765,4.859250925253589,965.2631257709704
2020-07-01 00:00:00+05:30,53.099998474121094,53.099998474121094,53.099998474121094,53.099998474121094,260917,0.0,0.0,163404510.0,196933412,0.6318603156773988,1501891.4794667095,0.0,0.1752133172418233,8878611.826576633,30.866059674417443,100.0,4430.153153990719,34.95249996185303,54.13458685417816,15.770413069527898,109.7608864216314,0.9730324342219768,0.0,0.0,43.175,43.175,43.175,0.0,18.416656093326143,1.0,0.0,21.350000381469727,53.099998474121094,37.22499942779541,90.83755990931448,1.0,1.7788715734586844,0.0,8.663430711495444,7.258617270403883,1.4048134410915605,41.32499980926514,31.071153787466194,42.206511546067574,33.54308083457213,1.0500927806603475,0.9499072193396525,0.100185561320695,4.833228181574291,19.080858108487764,-3.652500724792482,2011.6798864674483,1927.7600661644392,83.91982030300915,44.625,34.57499885559082,39.59999942779541,29.47499918937683,100.0,92.54566505123434,97.55511822238232,0.2443015251802177,145.94345837636655,11.737500071525574,9.550000071525574,100.0,0.0,100.0,42.602444075316534,7.646539813041687,0.0,0.0,99.8414817046247,1.0,1.0,1.0,98.9997431730688,100.0,100.0,100.0,-0.0,21.56235251426697,77.88943985101083,25.82777281020124,25.58719148666335,0.24058132353788864,-51.769319224859714,-41.62371806590605,-10.145601158953667,50.14923833897974,4.940711611441251,4.822535337423339,1017.8947047183389
2020-07-02 00:00:00+05:30,55.75,55.75,55.75,55.75,985753,0.0,0.0,163404510.0,197919165,0.6198580887004624,1660513.690134281,0.0,0.0,8927806.685883697,42.13747382538882,100.0,4430.153153990719,36.67249994277954,56.81252130343459,16.532478582124483,109.83718804051934,0.9736216440785336,0.0,0.0,45.304999923706056,45.304999923706056,45.304999923706056,0.0,18.416656093326143,1.0,0.0,22.399999618530273,55.75,39.07499980926514,90.94007889701018,1.0,1.8659845687007066,0.0,9.102087344575864,7.62731128523828,1.474776059337584,43.36249987284342,32.5980768937331,44.29012515436487,35.18803780978901,1.0842491285233027,1.0,0.08424912852330269,4.84396301100242,18.525331136420544,-3.8225014686584444,2015.7188670130438,1947.8064961825928,67.91237083045098,46.85000038146973,36.30000019073486,41.575000286102295,30.924999952316284,100.0,93.04658704050244,97.83423593145199,0.2164110632958104,146.15808898611743,12.299999594688416,9.924999594688416,100.0,0.0,100.0,44.70195495507745,7.646539813041687,0.0,0.0,99.85994750745789,1.0,1.0,1.0,99.11906132707621,100.0,100.0,100.0,-0.0,22.63617619626662,78.11502031600564,25.866993191770817,25.643151827684846,0.22384136408597044,-49.51236450841067,-43.20144735440698,-6.31091715400369,52.63846574387763,4.990586821147303,4.870051082828475,1073.6842105263158
2020-07-03 00:00:00+05:30,58.5,58.5,53.0,53.0,23093714,0.0,0.0,140310796.0,174825451,-0.082092049419551,-7649233.051313473,0.0,0.0,7788654.8742245035,52.12127015619336,19.091162254656652,4430.153153990719,38.20249996185303,58.42213049004889,17.982869433657164,105.85501235985136,0.865919150142535,0.0,0.0,47.1733331044515,47.7233331044515,46.623333104451504,2.331825901647372,5.796969905044117,1.0,0.0,23.5,58.5,41.0,91.61704086106701,0.8428571428571429,2.229386111830636,1.3183289959805686,9.122663483375902,7.926381724865805,1.1962817585100973,45.041666666666664,33.9884614944458,45.6301058998472,36.5074424164713,0.912420381101625,0.912420381101625,0.0,4.80888071610329,21.837533859130932,-3.7524991989135756,1995.9305239852958,1962.986675766225,32.94384821907079,49.14999961853027,38.07499980926514,43.612499713897705,32.424999952316284,100.0,93.51172888767998,77.94496574024545,0.1724156452371211,123.50876278675042,12.900000214576721,10.325000166893005,100.0,0.0,100.0,46.911563964061955,7.646539813041687,0.0,0.0,88.35719035024592,0.0,0.6666666666666666,0.8888888888888888,94.81151568477084,77.20293726742226,79.77941233187809,93.25980411062602,-20.220587668121908,23.296176049288583,61.33942910759305,24.988503383244318,25.512222138796744,-0.5237187555524265,26.57375087342025,-29.246407708841538,55.82015858226178,52.73565634105449,-4.932735426008971,-5.058549678810609,1015.7894736842104
2020-07-06 00:00:00+05:30,50.349998474121094,50.349998474121094,50.349998474121094,50.349998474121094,4839705,0.0,0.0,140310796.0,169985746,-0.07582451214597641,-8388660.563240658,-0.0,-0.0,7546669.484888583,52.12013830955831,15.922915247334203,4208.645368746329,39.54499988555908,59.24027539801639,19.849724373101772,99.60943517235698,0.7743043269876532,0.0,0.0,48.413332875569665,48.96333287556966,47.86333287556967,2.2721013709739375,2.2606050895922167,1.0,0.0,24.649999618530273,58.5,41.57499980926514,85.59868625472158,0.7592318631009409,2.2714476532354633,2.9050748570821283,8.82342627970609,8.105790635833863,0.717635643872228,46.3666664759318,35.24615375812237,46.35624321896626,37.53281693926017,0.9156441777016918,1.084355822298308,-0.16871164459661625,4.709156745963387,23.4279698016654,-3.394998359680173,1954.2248605705527,1970.9075537506505,-16.682693180097885,50.125,38.5,44.3125,32.424999952316284,100.0,92.24782033991383,70.50740014652476,9.698036699142738,81.31341024609094,13.43749988079071,10.724999785423279,96.0,0.0,96.0,49.229251171249565,7.646539813041687,0.0,0.0,78.92285094274372,0.0,0.3333333333333333,0.6666666666666666,87.75832006758212,67.30144368161613,68.22611679903343,82.66850971030384,-31.77388320096657,22.601175647623396,46.15383848782525,23.508563969459452,25.111490504929286,-1.6029265354698339,24.98868338760644,-18.399389489551943,43.38807287715838,52.37954849030334,-5.000002879016807,-5.129332469299097,959.9999678762335
2020-07-07 00:00:00+05:30,47.849998474121094,47.849998474121094,47.849998474121094,47.849998474121094,1206419,0.0,0.0,140310796.0,168779327,-0.07527888584909284,-7621144.411349136,-0.0,-0.0,7486767.844542949,52.13085002873376,14.994701899831014,3999.6758803505404,40.70499982833862,59.46516698545244,21.944832671224805,92.1762301251901,0.6904300368419984,0.0,0.0,49.21833279927572,49.76833279927572,48.66833279927572,2.2349395792947067,-0.7439402955951112,0.0,1.0,25.850000381469727,58.5,42.17500019073486,80.21127565709877,0.6738131194392243,2.294302887911917,4.77308566228705,8.288999111250178,8.142432330917126,0.14656678033305148,47.34166622161865,36.374999853280876,46.58605171975931,38.297052608509134,0.9180327943411046,1.0819672056588954,-0.16393441131779074,4.542642297391856,24.39992915832596,-2.7549990653991685,1893.4157896560134,1969.491068835853,-76.07527917983953,51.14999961853027,38.94999980926514,45.049999713897705,32.424999952316284,50.0,89.7199522902586,64.27620263135928,17.678608499627714,55.88388982912365,13.862500071525574,11.149999976158142,92.0,0.0,92.0,49.229251171249565,58.5,0.0,1.0,71.19918969245454,0.0,0.0,0.3333333333333333,79.21379623536872,58.158653241921,55.717247967860736,67.90759236625742,-44.282752032139264,21.017352157480577,32.36513542016436,21.643960949121354,24.4179845937677,-2.774023644646345,16.70131725187667,-11.379248141266222,28.08056539314289,52.05480614674034,-4.96524344739544,-5.092750284896441,907.3683889288651
2020-07-08 00:00:00+05:30,45.5,45.5,45.5,45.5,1011064,0.0,0.0,140310796.0,167768263,-0.07449045739824686,-6871837.9036190845,-0.0,-0.0,7437112.694427871,52.05740326772778,14.272028510816313,3803.244688803353,41.687499809265134,59.25300152509213,24.12199809343814,84.2722724854947,0.6085223824634538,0.0,0.0,49.59333279927572,50.14333279927572,49.04333279927572,2.2180400830332303,-3.221211635705193,0.0,1.0,26.149999618530273,58.5,42.32499980926514,77.60120067042224,0.5981452906737375,2.299872446532835,6.850364893934009,7.588362572658255,8.031618379265353,-0.4432558066070982,47.97083282470703,37.37884602179894,46.41896683979634,38.830604267138085,0.9198250711029557,1.0801749288970441,-0.1603498577940884,4.316476124326895,25.065625052354612,-1.887500572204587,1815.0085321243544,1956.7858643137417,-141.77733218938738,52.0,39.42500019073486,45.71250009536743,32.424999952316284,25.0,86.26994708192034,58.99799662786028,24.438641685248207,31.91109620347358,14.31249988079071,11.599999785423279,88.0,0.0,88.0,49.229251171249565,58.28699996948242,0.0,0.0,64.78143286145257,0.0,0.0,0.1111111111111111,70.01510952579417,49.4544132909917,41.83444793048819,55.25927089912745,-58.16555206951181,18.532646588718187,19.89459574512998,19.54222118320266,23.442831911654693,-3.9006107284520333,9.017532943183246,-7.299891924376329,16.317424867559573,51.89193292786871,-4.911177740981653,-5.035876005326179,857.8947368421053
2020-07-09 00:00:00+05:30,43.25,43.25,43.25,43.25,1497591,0.0,0.0,140310796.0,166270672,-0.07501081945552193,-6371515.31024493,-0.0,-0.0,7363055.996625673,52.288816168811834,11.568981934130065,3803.244688803353,42.49499979019165,58.73901035131721,26.250989229066086,76.45139730004128,0.5232393412626554,0.0,0.0,49.538332875569665,50.08833287556966,48.98833287556967,2.2205026615711376,-5.216666250517907,0.0,1.0,26.149999618530273,58.5,42.32499980926514,76.12660440331733,0.5285935140595767,2.294885201879551,9.101451049006617,6.773466565810928,7.779988016574469,-1.0065214507635414,48.25833288828532,38.259615237896256,45.931433479827675,39.15796691401675,0.9210903839194686,1.0789096160805314,-0.15781923216106275,4.041721476253328,25.553722340528054,-0.744999790191649,1720.4593948455076,1931.0172887161866,-210.55789387067898,50.875,39.92500019073486,45.40000009536743,32.424999952316284,12.5,82.13572399549551,54.39251663908382,30.33708474321173,6.574377956819811,15.087500214576721,12.075000166893005,84.0,0.0,84.0,49.229251171249565,57.77551997070313,0.0,0.0,59.27257435295502,0.0,0.0,0.0,60.64497754157735,40.70444848523193,25.79075150281443,41.11414913372112,-74.20924849718557,15.161323059306426,8.668343791642382,17.297799399759796,22.213825409275717,-4.916026009515921,3.534135479067124,-5.133086443687638,8.667221922754763,51.83927257458941,-4.94505494505495,-5.07150925790163,810.5263157894736
2020-07-10 00:00:00+05:30,41.099998474121094,45.400001525878906,41.099998474121094,41.099998474121094,120276259,0.0,0.0,20034537.0,45994413,-0.8994565768042646,-42403318.89121087,0.0,0.0,1384000.7277931497,44.8071726303004,2.9848200514061034,3803.244688803353,43.127499675750734,58.067528487245525,28.187470864255943,69.28307425109139,0.4321453382984881,0.0,0.0,49.19666608174642,50.17666638692221,48.21666577657064,3.9840110447622155,-3.63095157463907,0.0,1.0,29.850000381469727,58.5,44.17500019073486,66.43093115513786,0.392670095722273,2.4953969868673775,11.4961005770095,5.886314682987944,7.401253349857164,-1.5149386668692202,48.204166094462074,39.019230549152084,45.18813578664205,39.301821103654106,0.8688085347896795,1.0160642151901746,-0.1472556804004952,3.7304248367710726,27.07800458374499,0.672499561309813,1611.4934717000015,1890.6376890951756,-279.1442173951741,49.79999923706055,40.44999980926514,45.12499952316284,32.424999952316284,6.25,78.29680255810104,46.86342490248044,26.137781085902606,-8.012696195370317,15.825000166893005,12.575000166893005,80.0,0.0,80.0,49.229251171249565,56.90398877246094,0.0,0.0,54.50307285091464,0.0,0.0,0.0,51.410080980210836,29.810514576462108,6.95186729423534,24.85902224251265,-93.04813270576466,11.813528947269212,-1.5568898823446857,14.977205935224871,20.76650151446555,-5.789295579240678,80.36160016992682,11.965850879035251,68.39574929089156,51.4758371295633,-4.9711017939396696,-5.098914900170781,765.2631257709704
2020-07-13 00:00:00+05:30,40.45000076293945,42.0,39.04999923706055,39.04999923706055,34487141,0.0,0.0,-14452604.0,11507272,-0.9198891172719028,-46445503.72652353,-23.309421921480805,-1.6649587086772004,-336160.22994789225,43.95043976941986,2.361041359070853,3613.5451997556665,43.58749961853027,57.38695125844854,29.788047978612006,63.318390642677436,0.3355912792815656,0.0,0.0,48.379999287923184,49.65499966939291,47.10499890645345,5.270774701263785,-3.158822454667696,0.0,1.0,31.299999237060547,58.5,44.89999961853027,62.40321422653013,0.28492646259626325,2.540857364474585,14.009068768380075,4.960639454651847,6.913130570816101,-1.9524911161642535,47.808332761128746,39.659615149864784,44.24380708670643,39.283167632054585,0.8192457754093035,1.1040311969774506,-0.284785421568147,3.3939588473192064,28.607585641328452,2.3625011444091797,1489.169724408238,1834.122338974495,-344.9526145662571,48.77499961853027,41.0,44.88749980926514,32.424999952316284,3.125,73.91850434121413,42.51543878333855,30.160135158278013,-43.34484429241725,16.612499833106995,13.099999785423279,76.0,0.0,76.0,49.229251171249565,55.63966954859375,0.0,0.0,50.34338069977514,0.0,0.0,0.0,42.49810105079788,20.676012079983767,0.0,10.914206265683257,-100.0,9.10661742827471,-10.844749047349016,12.627900838129017,19.138781379198246,-6.510880541069229,72.97518505283638,24.167717713795476,48.807467339040905,50.41839602997398,-4.9878328787562936,-5.11652276279877,722.1052470960116
2020-07-14 00:00:00+05:30,37.099998474121094,37.099998474121094,37.099998474121094,37.099998474121094,1926017,0.0,0.0,-14452604.0,9581255,-0.9127316939723239,-40346965.28265366,-0.0,-1.6649587086772004,-432337.81491106836,43.88560749314854,2.178302174712911,3433.0992065646524,43.8774995803833,56.85091342353817,30.904085737228435,59.13469986769713,0.23879268833167588,0.0,0.0,47.02999928792318,48.304999669392906,45.75499890645345,5.422072722833888,-3.3941168011085243,0.0,1.0,32.849998474121094,58.5,45.67499923706055,58.45821154618957,0.16569199794050976,2.481771704321072,16.61895174667917,4.023308209713562,6.335166098595594,-2.311857888882032,47.07083257039388,40.18269201425406,43.14475960784715,39.12145139813359,0.8192457754093035,1.1807542245906963,-0.3615084491813928,3.042229827590109,29.631541925752263,4.322501182556152,1355.0979249372174,1761.1687876933584,-406.07086275614097,47.79999923706055,41.57499980926514,44.68749952316284,32.625,1.5625,69.15672152679069,39.88140175957804,34.4870525085846,-84.23210632467652,17.449999809265137,13.649999976158142,72.0,0.0,72.0,49.229251171249565,53.980702517440434,0.0,0.0,46.69284730644509,0.0,0.0,0.0,34.01739631927624,18.847935142073293,0.0,2.317289098078447,-100.0,6.337499803655284,-19.260069949675053,10.284148634387085,17.367854830236013,-7.083706195848928,58.63539221461224,31.06125261395883,27.57413960065341,48.22226525896136,-4.993600002657095,-5.122592826361583,681.0525994551809
2020-07-15 00:00:00+05:30,35.25,36.650001525878906,35.25,35.25,26022160,0.0,0.0,-40474764.0,-16440905,-0.924213523132447,-41460392.56989385,-6.1870288646735965,-2.1068893418681713,-1729937.7683697022,42.90523391477525,1.3130526537751734,3433.0992065646524,43.99749965667725,56.599779622806395,31.395219690548103,57.286346108154675,0.15293979818780015,0.0,0.0,45.29166615804037,46.70666669209798,43.87666562398275,6.248392492871089,-3.048290589419487,0.0,1.0,34.45000076293945,58.5,46.47500038146973,54.66219540821251,0.033264002596214835,2.418594381301074,19.30725684608002,3.095503986145836,5.6872336761056435,-2.5917296899598075,45.991665840148926,40.59038433661828,41.9301812066399,38.834677220494065,0.7816993083381096,1.1816993482303646,-0.40000003989225497,2.683419267751199,30.60175931910669,6.602498817443845,1210.1450162902363,1671.6605820574907,-461.51556576725443,46.875,42.17500019073486,44.52500009536743,33.049999952316284,0.78125,64.29976368154864,37.50723340056485,38.38708510968185,-105.07916427498938,18.43749988079071,14.224999785423279,68.0,0.0,68.0,49.229251171249565,51.955018032242116,0.0,0.0,43.47217464141276,0.0,0.0,0.0,26.02414586843393,17.01204513194885,0.0,0.0,-100.0,3.8657352391411237,-26.86722107460337,7.970979051970229,15.488479674582857,-7.517500622612628,53.8736984282616,35.62374177681939,18.24995665144221,44.5947112493495,-4.98651900325966,-5.115139922629952,642.1052631578948
2020-07-16 00:00:00+05:30,33.5,33.5,33.5,33.5,701077,0.0,0.0,-40474764.0,-17141982,-0.9222398205438318,-35712748.59562331,-0.0,-2.1068893418681713,-1764743.009504454,42.87068198655819,1.1644883183072352,3262.6616573025776,43.94999961853027,56.70213622826776,31.197863008792783,58.03020123058619,0.09026475569001169,0.0,0.0,43.06666615804037,44.48166669209799,41.65166562398275,6.571209988091654,-2.8804461298001236,0.0,1.0,33.5,58.5,46.0,56.88282188166268,0.0,2.3517349431709667,22.057741583319398,2.193714306870312,4.988529802258578,-2.7948154953882653,44.566665967305504,40.88461509117713,40.633230251772225,38.43951594490191,0.7793922910465684,1.2206077089534315,-0.44121541790686314,2.32402420787074,31.321502976547794,9.149998855590823,1055.563699532629,1567.1753793405276,-511.61167980789855,41.92499923706055,42.32499980926514,42.12499952316284,33.22499990463257,0.390625,60.31213322025445,35.36267643262048,41.909936409650165,-130.80756412224713,19.325000047683716,14.825000166893005,64.0,4.0,60.0,49.229251171249565,49.61631550772822,0.0,0.0,40.618088523916455,0.0,0.0,0.0,18.540697197713612,15.141061098528562,0.0,0.0,-100.0,1.4495587573332003,-33.79446440668715,5.706924899925167,13.53216871965132,-7.825243819726153,40.89284160377359,36.67756174221023,4.21527986156336,39.663728471860836,-4.964539007092195,-5.092009042725687,605.2631578947368
2020-07-17 00:00:00+05:30,31.850000381469727,31.850000381469727,31.850000381469727,31.850000381469727,973852,0.0,0.0,-40474764.0,-18115834,-0.9238419762944332,-30840478.14317783,-0.0,-2.1068893418681713,-1812708.8431911687,42.811390157363206,0.9520915162942742,3262.6616573025776,43.73499956130981,57.134480531604446,30.33551859101518,61.27577960306413,0.056512703507397316,0.0,0.0,40.768332862854,41.633333396911624,39.90333232879639,4.243492305498524,-4.655102297769349,0.0,1.0,31.850000381469727,58.5,45.17500019073486,60.9351775142264,0.0,2.2815614107068973,24.85593991826033,1.3305604369355635,4.256935929193975,-2.926375492258411,42.795832792917885,41.06730739886944,39.28196411787953,37.95140368094397,0.7758388762076525,1.2241611237923475,-0.4483222475846951,1.9690435461808535,28.826169884855148,12.015000438690187,905.4886643567729,1450.6491353167744,-545.1604709600015,39.84999942779541,42.32499980926514,41.08749961853027,33.40000009536743,0.1953125,57.066197534840214,33.42228574067616,45.0974049515163,-143.28284193140328,20.25000023841858,15.450000166893005,60.0,0.0,60.0,49.229251171249565,47.0377050264917,0.0,0.0,38.0795815920297,0.0,0.0,0.0,11.56790200703662,13.205677033532096,0.0,0.0,-100.0,-1.223088236416089,-40.01882994969916,3.505958430738255,11.526926661868707,-8.020968231130452,29.23859610061385,35.189768613890955,-5.951172513277104,36.19096043168701,-4.9253719956127595,-5.050804483577709,570.5263238204153
2020-07-20 00:00:00+05:30,30.299999237060547,30.299999237060547,30.299999237060547,30.299999237060547,3712381,0.0,0.0,-40474764.0,-21828215,-0.9096854890878446,-27256723.37964998,-0.0,-2.1068893418681713,-1993374.297808578,42.58734595401405,0.7311274083965316,3262.6616573025776,43.35249948501587,57.78743868000089,28.91756029003085,66.5933423283898,0.04788516696731165,0.0,0.0,38.76333293914795,39.628333473205565,37.89833240509033,4.462983280697387,-4.392097385412513,0.0,1.0,30.299999237060547,58.5,44.39999961853027,65.04815431157863,0.0,2.2084053840771256,27.688821345354484,0.5154903855872561,3.508646820472631,-2.9931564348853748,40.674999396006264,41.13846118633564,37.9001233669843,37.38463298139705,0.7706043663814971,1.2293956336185028,-0.4587912672370057,1.6222181446920114,27.55198689786792,9.64750051498413,759.8510353521962,1324.6974959496836,-564.8464605974874,37.89999961853027,44.17500019073486,41.03749990463257,33.59999990463257,0.09765625,54.45361985378252,31.664562842682432,47.98480616712343,-147.52521686897558,21.25000023841858,16.12500035762787,56.00000000000001,0.0,56.00000000000001,49.229251171249565,44.30391819038775,0.0,0.0,35.81515343571783,0.0,0.0,0.0,5.093352007271444,11.13923479926394,0.0,0.0,-100.0,-3.5886765367844546,-45.6502255837479,1.3788830984211324,9.497317949179193,-8.11843485075806,20.31095028279057,32.21400494767088,-11.903054664880308,33.57275545629747,-4.866565544253387,-4.988970665944059,537.894720780222
2020-07-21 00:00:00+05:30,28.799999237060547,28.799999237060547,28.799999237060547,28.799999237060547,1733071,0.0,0.0,-40474764.0,-23561286,-0.9038469050255277,-23734278.111128557,-0.0,-2.1068893418681713,-2079169.894028276,42.46760920280987,0.5816893635066691,3101.143749408774,42.80249948501587,58.518366328875246,27.086632641156502,73.43434160596681,0.05451072514569901,0.0,0.0,36.85833301544189,37.723333549499515,35.99333248138428,4.693649784406819,-4.1579935278078,0.0,1.0,28.799999237060547,58.5,43.64999961853027,69.38847291695363,0.0,2.137564845669413,30.554664544010322,-0.24862991544731727,2.7571914732886413,-3.0058213887359586,38.658332665761314,41.09807652693529,36.50010427007295,36.74873418552027,0.764124264714519,1.235875735285481,-0.471751470570962,1.2860011966572902,26.75919823384378,7.547498989105222,617.7698418839718,1191.6709748118633,-573.9011329278915,37.10000038146973,43.64999961853027,40.375,33.80000019073486,0.048828125,52.39330597005519,30.01921574962381,50.6876082993683,-144.3427915156646,22.287500381469727,16.825000166893005,52.0,100.0,-48.0,49.229251171249565,41.503134399722306,0.0,0.0,33.72507209148948,0.0,0.0,0.0,-0.9329175167824327,8.920813234459084,0.0,0.0,-100.0,-5.497205762302173,-45.660378797998966,-0.6765672912491293,7.462540901093529,-8.13910819234266,11.144737062078013,28.00015137055231,-16.855414308474295,31.45153046996995,-4.950495174156044,-5.077232668485632,506.31577341180105
2020-07-22 00:00:00+05:30,27.399999618530273,27.399999618530273,27.399999618530273,27.399999618530273,1323765,0.0,0.0,-40474764.0,-24885051,-0.8999082529940484,-20608419.88025644,-0.0,-2.1068893418681713,-2143519.565699062,42.319321475719285,0.0,2950.3937431173517,42.08499946594238,59.17754447652119,24.992454455363575,81.22868113333868,0.07042676095562819,0.0,0.0,35.04833297729492,35.91333351135254,34.183332443237305,4.9360438033842255,-3.9209992119237187,0.0,1.0,27.399999618530273,58.5,42.94999980926514,73.89806528722342,0.0,2.063808322955499,33.16979875558048,-0.9561471588705786,2.0145237468567974,-2.970670905727376,36.745832761128746,40.94807654160719,35.100088169835615,36.056235328706194,0.7554904407214815,1.2445095592785185,-0.48901911855703695,0.9621699351216086,26.212872195970633,5.764999008178712,479.1656453716535,1053.749447092546,-574.5838017208926,36.40000057220459,42.94999980926514,39.67500019073486,34.02500009536743,0.0244140625,50.80312082146363,28.52918660566865,53.135270536946734,-134.66456112360964,23.37499976158142,17.549999594688416,48.0,100.0,-52.0,49.229251171249565,38.96250736718996,0.0,0.0,31.856475958222234,0.0,0.0,0.0,-6.524111432371963,6.346622817795828,0.0,0.0,-100.0,-7.385147145215203,-45.580932574182036,-2.6518219391289066,5.439668333049042,-8.091490272177948,2.6323216252359205,22.926585421489033,-20.294263796253112,29.650850091552318,-4.86110991533889,-4.983236117917533,476.8420972322163
2020-07-23 00:00:00+05:30,26.049999237060547,26.049999237060547,26.049999237060547,26.049999237060547,1574215,0.0,0.0,-40474764.0,-26459266,-0.8992371025738161,-17967958.59029343,-0.0,-2.1068893418681713,-2221081.276651719,40.75632937860802,0.0,2950.3937431173517,41.197499465942386,59.6322620508992,22.762736880985575,89.49457041778311,0.0891593352755585,0.0,0.0,33.32833290100098,34.19333343505859,32.46333236694336,5.1907818889533175,-3.7071266880025115,0.0,1.0,26.049999237060547,58.5,42.27499961853027,78.76691834116191,0.0,1.9924275288069218,35.565033353967344,-1.6072658596884324,1.2901658255477515,-2.897431685236184,34.92916615804037,40.68653810941256,33.70776679556253,35.31503265525096,0.8133332807752888,1.3700000292460086,-0.5566667484707198,0.6517050872228292,25.811577214600142,4.302500534057614,343.36902117602756,912.8467303676603,-569.4777091916327,34.02499961853027,42.27499961853027,38.14999961853027,34.25,0.01220703125,49.622819070741414,27.13073440104309,55.43249986712907,-124.83938881673039,24.524999141693115,18.32499921321869,44.0,100.0,-56.0,49.229251171249565,36.65000581745802,0.0,0.0,30.12325053694103,0.0,0.0,0.0,-11.725370128638353,6.0260582062150405,0.0,0.0,-100.0,-8.982500227759864,-45.55903852087002,-4.551222917953184,3.4414900828485973,-7.992713000801781,-4.762964108187379,17.38867551555375,-22.15163962374113,28.05047193400042,-4.927008760090413,-5.052526055989892,448.42103656969573
2020-07-24 00:00:00+05:30,25.450000762939453,27.350000381469727,25.450000762939453,27.350000381469727,30078211,0.0,0.0,-10396553.0,3618945,-0.6775743395574575,-9815148.974282831,2.2109107594822315,-1.9489671447622978,-720055.945865839,38.68714439968012,9.169694675814299,2950.3937431173517,40.2674994468689,59.508452226945025,21.026546666792772,95.56566980506786,0.16432278034653375,0.0,0.0,31.74666633605957,32.371666526794435,31.121666145324706,3.9374224941845664,-3.0173316902674228,0.0,1.0,25.450000762939453,58.5,41.97500038146973,82.0761152071747,0.05748864334010976,1.983184737779257,37.27296702125822,-1.9953813788984007,0.6330563846585211,-2.6284377635569216,33.416666189829506,40.41346117166373,32.7296488857021,34.7250302646005,0.7880341757727615,1.1470085765474383,-0.3589744007746768,0.3688121481400069,26.026789022455617,2.9825005531311035,227.49976142910108,772.6611789255339,-545.1614174964328,31.274999618530273,41.97500038146973,36.625,34.5,0.006103515625,47.97053960383749,29.98627141076728,51.59893117283419,-105.10028068059519,25.725000381469727,19.12500035762787,40.0,100.0,-60.0,49.229251171249565,34.53000450137853,0.0,0.0,33.855295978185396,0.09085721514765231,0.030285738382550772,0.010095246127516925,-14.99650520120447,17.723281654199337,8.482142020853113,2.827380673617704,-91.51785797914688,-10.157794324089501,-39.89010905171489,-5.746233663999247,1.6039453334790283,-7.350178997478276,12.091613330291555,16.329263078501313,-4.237649748209758,27.822160070422015,4.990407610299297,4.869880390382253,475.7894817151521
2020-07-27 00:00:00+05:30,28.700000762939453,28.700000762939453,28.700000762939453,28.700000762939453,488929,0.0,0.0,-10396553.0,4107874,-0.6773603742566999,-8318691.358455054,0.0,-1.9489671447622978,-695922.3324360265,38.616564945433936,9.376567124800857,3096.025648899442,39.292499446868895,58.80117068864671,19.78382820509108,99.29972140437302,0.2285181919195602,0.0,0.0,30.61333312988281,30.943333244323732,30.283333015441894,2.155924106929694,-2.3989874294208913,0.0,1.0,25.450000762939453,58.5,41.97500038146973,84.11274340475738,0.09833585703553116,1.919866302148304,38.370701302456105,-2.1690287623342854,0.07263935525995985,-2.2416681175942452,32.2041662534078,40.12692268078144,32.10970302066169,34.278731782995976,0.846975060705947,1.153024939294053,-0.30604987858810606,0.12194833026942994,26.18256256193297,1.8074990272521987,129.8608278068375,636.523723688825,-506.66289588198754,31.05000114440918,41.97500038146973,36.51250076293945,34.75,0.0030517578125,45.885941135960316,33.505054379217064,49.00564777171127,-81.02563418425372,26.98750066757202,19.975000739097595,36.0,96.0,-60.0,49.229251171249565,32.71400375369071,0.0,0.0,37.58340935631859,0.21524956933767014,0.10203559482844082,0.04410711107033053,-16.669970730587888,26.72055105405112,16.209476926027406,8.230539648960173,-83.7905230739726,-10.596911699631633,-33.64161673308797,-6.3276225505234,0.017631756678542665,-6.345254307201943,2.816875090465775,13.626785480894206,-10.809910390428431,28.010133361392672,4.936015951152917,4.818060653313605,504.2105423776727
2020-07-28 00:00:00+05:30,30.100000381469727,30.100000381469727,27.299999237060547,30.100000381469727,74793648,0.0,0.0,64397095.0,78901522,-0.2991288096877145,7828418.645393887,-3.5702084986296456e-06,-1.9489673997771906,2952547.210592753,36.23412237883033,27.627958333992012,3096.025648899442,38.26749954223633,57.44337645477915,19.09162262969351,100.22017190529084,0.2870371405173055,0.0,0.0,29.819999949137365,30.430000178019203,29.20999972025553,4.091215492436523,0.7295084649768213,0.0,0.0,25.450000762939453,58.5,41.97500038146973,86.3657140717617,0.1406959069855592,2.0078797863743914,38.91268526902248,-2.168678124376118,-0.3756241406672558,-1.7930539837088624,31.287499745686848,39.82499958918645,31.800517999247543,33.96919612362366,0.8003502038457619,1.1015762179387611,-0.3012260140929992,-0.08421987444768707,26.987392053191904,0.7824996948242173,49.11214720580932,507.52007156833315,-458.40792436252383,29.475000381469727,41.97500038146973,35.72500038146973,35.02500009536743,0.00152587890625,44.31972878877515,30.123448684591054,49.10600941554992,-70.64059651628209,28.325000524520874,21.125000476837158,32.0,92.0,-60.0,49.229251171249565,31.26120315554046,0.0,0.0,41.27965913469484,0.3827330152895254,0.22961326659161596,0.12064486660086919,-17.008386633619505,41.4453574051026,23.308267873194495,15.999962273358337,-76.6917321268055,-10.700735097772938,-26.76398662052894,-6.384249178236881,-1.262744430304542,-5.121504747932339,36.61735979546223,18.22490034380781,18.392459451654418,28.256949347859358,4.878047321650603,4.762803507941182,533.6842185572574
2020-07-29 00:00:00+05:30,31.200000762939453,31.600000381469727,30.299999237060547,31.600000381469727,5849323,0.0,0.0,70246418.0,84750845,-0.2767831453082298,7963499.481766189,50.00583101532697,1.6228776727461642,3244041.708559652,36.1020302094591,28.993436478131116,3250.312639414171,37.19249963760376,55.30278015128009,19.08221912392743,97.38673490697997,0.34559876772999876,0.0,0.0,29.36499989827474,29.9650000890096,28.764999707539875,4.0864988442932955,2.3624998105897497,1.0,0.0,25.450000762939453,58.5,41.97500038146973,88.86200056219155,0.18608168715580437,1.9570918077369523,38.94162987498685,-2.0240310077493326,-0.7053055140836713,-1.3187254936656614,30.666666507720947,39.50961501781757,31.769669134974034,33.79370014272337,0.8956834169582062,1.0575539602896946,-0.16187054333148843,-0.24726322126023448,27.815149580690566,-0.09250116348266602,-15.841664868563266,388.4750310793118,-404.3166959478751,28.65000057220459,41.97500038146973,35.31250047683716,35.30000019073486,0.000762939453125,42.259218605154366,33.96832761794963,46.40400627502686,-50.41867674153798,29.462499618530273,22.149999618530273,28.000000000000004,88.0,-60.0,25.450000762939453,31.26120315554046,1.0,0.0,45.03537365996875,0.6116584005815596,0.4032136617362518,0.2449541743854362,-16.189944512982077,50.512107614311,30.82706457813752,23.448269792453143,-69.17293542186248,-10.103970336914063,-19.078102435711116,-5.989373756650195,-2.2080702955736724,-3.781303461076522,27.391172298361667,20.05815473471858,7.333017563643086,28.409365737578245,4.9833886411623896,4.863194823645012,565.2631659256784
2020-07-30 00:00:00+05:30,33.150001525878906,33.150001525878906,33.150001525878906,33.150001525878906,796677,0.0,0.0,70246418.0,85547522,-0.276938720069029,7002263.878903087,0.0,1.6228776727461642,3283119.2480159043,31.895791089320234,54.522140445793376,3409.7426473243563,36.06249971389771,52.10204008232268,20.022959345472735,88.95412406613444,0.4092088014644026,0.0,0.0,29.33000005086263,29.93000024159749,28.72999986012777,4.0913753132926685,3.6833335505590963,1.0,0.0,25.450000762939453,58.5,41.97500038146973,91.64644575185616,0.23298036129166,1.9163827414041752,38.51534889051891,-1.7639907993538415,-0.9170425711377054,-0.8469482282161361,30.33750009536743,39.17884584573599,31.982027964344013,33.746018763697855,1.0219561308345064,1.1497006567065262,-0.1277445258720198,-0.3665173259446012,28.40436729534272,-0.8124997138977079,-66.0432842446977,280.52703679025956,-346.57032103495726,29.30000114440918,41.97500038146973,35.63750076293945,35.30000019073486,0.0003814697265625,39.76199380407046,37.778272677923766,43.72655304549747,-28.278971549966567,30.4375,23.22499990463257,24.0,84.0,-60.0,25.57300075531006,31.26120315554046,0.0,0.0,48.68755362398038,0.91810996949771,0.6375004617895983,0.4234424633724887,-14.403416689512405,60.41952669518504,46.52568651300466,33.553672988112226,-53.47431348699534,-8.856028741948741,-10.646892481673515,-5.227256025980307,-2.8119074416549994,-2.415348584325308,16.826362760317124,19.41179633983829,-2.5854335795211654,28.43895263253009,4.90506685347416,4.78856299967072,597.8947689658718
2020-07-31 00:00:00+05:30,34.79999923706055,34.79999923706055,33.20000076293945,34.79999923706055,41064476,0.0,0.0,111310894.0,126611998,-0.08183833081682908,15681410.669184562,3.311855876595157,3.524397515465876,5327049.513237125,30.93639041311283,78.08703928322535,3409.7426473243563,35.15249967575073,49.18451497131979,21.120484380181672,79.83509238319557,0.48743942223318787,0.0,0.0,29.571666653951006,30.33166669209798,28.81166661580404,5.140055493256603,3.9396923162380655,1.0,0.0,25.450000762939453,50.349998474121094,37.89999961853027,70.83421645931604,0.3755019812681495,1.8897442383819218,37.71052447414292,-1.4085293850539458,-1.0153399339209535,-0.3931894511329923,30.300000031789143,38.832691999582146,32.415562006300405,33.82409139135435,1.1094737002724095,0.9473685013620476,0.1621051989103619,-0.4422629592562224,29.168668508800636,-1.6524996757507324,-101.2140131825721,184.85314250861865,-286.06715569119075,30.125,41.97500038146973,36.05000019073486,35.30000019073486,0.00019073486328125,36.97586105021566,41.6386332946587,41.01367009371675,-9.876813828652347,32.38749980926514,24.249999523162842,20.0,80.0,-60.0,25.876080786132814,31.26120315554046,0.0,0.0,52.319548718173614,1.0,0.8432561233597564,0.6279900822952021,-11.777402410596158,69.83203549940312,80.25751339974073,52.536754830294306,-19.74248660025927,-7.458087668699378,-1.276597909048094,-4.164278557424826,-3.0823816648089646,-1.0818968926158612,26.96791839546525,20.923020750963683,6.044897644501567,28.66044521841169,4.977368432075502,4.857460219548049,632.6315628854852
2020-08-03 00:00:00+05:30,36.400001525878906,36.5,35.54999923706055,36.5,5611044,0.0,0.0,116921938.0,132223042,-0.06586048631797745,14803891.870856317,34.28508460378962,5.9733321300222775,5601152.366398353,31.02661923911784,79.74697187760269,3576.310613673778,34.45999975204468,46.672681118445304,22.247318385644057,70.88033345488336,0.5835197524094808,0.0,0.0,30.160000038146972,31.01500015258789,29.304999923706056,5.669762024930347,4.2076018206142205,1.0,0.0,25.450000762939453,47.849998474121094,36.64999961853027,65.00289574103245,0.4933035877742346,1.8707698908376749,36.63533958780352,-0.9783697615924325,-1.0079458994552493,0.029576137862816765,30.550000031789143,38.46923043177678,33.04393708225419,34.02230684384662,1.1787233555570562,0.7808510800625416,0.39787227549451465,-0.47573990470275024,29.915313820926908,-2.609999370574954,-121.90962163868421,102.66653545054572,-224.57615708922992,30.975000381469727,41.97500038146973,36.47500038146973,35.90000009536743,10.99718760064542,34.933758603210684,45.39743419197578,38.372158616974374,21.87354426130369,34.12500023841858,25.325000286102295,16.0,76.0,-60.0,26.41151589318848,31.26120315554046,0.0,0.0,55.791538154752146,1.0,0.9727033231659034,0.8178199694384194,-8.466576464034217,78.3790248192859,98.660700753028,75.14796688859113,-1.339299246971999,-6.132058497036205,8.955223880597014,-2.875671441336681,-3.041039620114508,0.16536817877782672,18.659531247376353,20.47032285024622,-1.810791602869866,29.455629398488394,4.88505977071696,4.769489573156527,668.421052631579
2020-08-04 00:00:00+05:30,38.29999923706055,38.29999923706055,38.29999923706055,38.29999923706055,366591,0.0,0.0,116921938.0,132589633,-0.06601660664893018,12783316.392207311,0.0,6.415262763213248,5619230.819009676,30.320516696520336,94.2612475570305,3752.6765417862252,33.98249979019165,44.72159972251807,23.243399857865235,63.2037077827102,0.7010177516773322,0.0,0.0,31.11000003814697,31.96500015258789,30.254999923706055,5.496625608437927,4.704677331309538,1.0,0.0,25.450000762939453,45.5,35.47500038146973,59.00095449378202,0.6408977038946253,1.863692825459962,35.2925983309763,-0.4866109179001725,-0.9036789031442339,0.4170679852440614,31.08749993642171,38.0884611423199,33.85256202914748,34.33917294704765,1.2793177369427147,0.7803838187216877,0.49893391822102695,-0.46864215717123553,30.477623131765316,-3.6825005531311064,-128.3972418335968,35.15954798329571,-163.55678981689252,31.875,41.97500038146973,36.92500019073486,36.375,55.49859380032271,33.56496958147326,49.133092067036394,35.746910986220925,61.183858491274975,35.875,26.750000476837158,12.0,72.0,-60.0,27.218594621733402,31.26120315554046,0.0,0.0,59.18083813597761,1.0,1.0,0.9386531488418867,-4.575918963866205,80.57124408484658,100.0,92.9727380509229,-0.0,-4.372352751563575,20.25117355836334,-1.4170723291750376,-2.716246161926614,1.2991738327515763,8.637125311484152,18.103683342493806,-9.466558031009654,31.213954795452025,4.931504759069982,4.813761567806374,706.3157734118009
2020-08-05 00:00:00+05:30,40.20000076293945,40.20000076293945,40.20000076293945,40.20000076293945,601273,0.0,0.0,116921938.0,133190906,-0.06609305399551016,11120331.13867338,0.0,6.415262763213248,5649059.008049542,30.342480715479788,94.72011028457631,3752.6765417862252,33.717499828338624,43.528120037581346,23.906879619095903,58.19304669201579,0.8303818105451465,0.0,0.0,32.39000015258789,33.24500026702881,31.535000038146972,5.279407906224447,5.067251207596915,1.0,0.0,25.450000762939453,45.400001525878906,35.42500114440918,59.16809035221535,0.7393483426527309,1.8673236955018566,33.6421417290225,0.05578272429806219,-0.7117865776557747,0.7675693019538369,31.91250006357829,37.68846123035137,34.82909106511548,34.773308340817415,1.2775423944561464,0.7224576055438537,0.5550847889122926,-0.4230628432394628,30.91880627561461,-4.917500591278078,-120.95745178687561,-16.432282345915755,-104.52516944095986,32.82500076293945,41.97500038146973,37.40000057220459,36.90000009536743,77.74929690016135,32.79893391163707,52.80362401511473,33.167430845754055,97.94773675594837,37.737499475479126,28.09999918937683,8.0,68.0,-60.0,28.326735083266115,31.26120315554046,0.0,0.0,62.453078872942065,1.0,1.0,0.9909011077219678,-0.2082412328458696,82.72769419632462,100.0,99.553566917676,-0.0,-2.6914702078875337,32.67327318533398,0.16041822581656293,-2.1409132843779783,2.301331510194541,-0.3356950266602191,14.415807668663001,-14.75150269532322,34.04988058083583,4.960839591976796,4.841713833705885,746.3158055355674
2020-08-06 00:00:00+05:30,41.0,42.20000076293945,39.04999923706055,42.20000076293945,18754672,0.0,0.0,135676610.0,151945578,-0.012486531106103657,14890190.118862897,7.1382119891944456,6.925135048155709,6582127.249047685,31.419992044380336,95.91526610071622,3752.6765417862252,33.664999866485594,43.28030518782508,24.04969454514611,57.123453791614466,0.9438237066436113,0.0,0.0,33.90000025431315,35.07000052134195,32.729999987284344,6.902656390865032,4.047007954837486,1.0,0.0,25.450000762939453,45.400001525878906,35.42500114440918,59.260361925027695,0.8395989653853045,1.9955914785395616,31.630996105908004,0.6396434670539648,-0.4415005687138268,1.0811440357677915,33.02916685740153,37.269230549152084,35.963077172473014,35.32343370541905,1.2151393910665125,0.6593625611538804,0.5557768299126321,-0.34146965213340924,31.905808828924226,-6.265000247955321,-99.65277289755369,-52.782563937766284,-46.870208959787405,34.75,41.97500038146973,38.36250019073486,37.27499961853027,88.87464845008067,32.56645532704388,54.023505401788405,29.38199069385145,116.95476264616116,39.59999942779541,29.47499918937683,4.0,64.0,-60.0,29.751526964826915,31.26120315554046,0.0,0.0,65.58089666225368,1.0,1.0,1.0,4.535555048900186,85.26403009506124,100.0,100.0,-0.0,-1.3280881152433537,46.52778430853378,1.8108190511383824,-1.3505668172747063,3.1613858684130887,3.5863946569218133,12.249925066314765,-8.663530409392951,37.67215621732633,4.975124283688581,4.85532245175313,788.4210686934623
2020-08-07 00:00:00+05:30,42.79999923706055,44.29999923706055,40.099998474121094,40.099998474121094,44564920,0.0,0.0,91111690.0,107380658,0.24059415284791735,-606470.4696899559,14.843505598372467,7.985385448039456,4364439.279639026,33.41195561222766,98.32743209711967,3752.6765417862252,33.6149998664856,43.08442946807857,24.14557026489263,56.340500605112666,0.8424175943260919,0.0,0.0,35.378333409627274,36.778333791097005,33.97833302815755,7.9144507190876,2.186308492122334,1.0,0.0,25.450000762939453,44.29999923706055,34.875,56.07615216121027,0.7771882704019538,2.2160324069795507,29.21362128121738,0.9222732855803031,-0.16874579785500082,1.091019083435304,34.08750009536743,36.66730741354135,36.5995266034958,35.67725331791549,1.2324323592407833,0.6162162827203036,0.6162160765204797,-0.24949171000581014,29.52454691147185,-7.56500062942505,-80.01699552745393,-76.10232208602089,-3.914673441433038,35.79999923706055,41.97500038146973,38.88749980926514,37.67500019073486,94.43732422504033,32.800769137627206,53.45696764287155,25.244847179022727,124.84025106083386,41.575000286102295,30.924999952316284,0.0,60.0,-60.0,31.49431329656267,31.26120315554046,0.0,0.0,59.93512884164499,0.8407743198559854,0.9469247732853283,0.9823082577617761,6.8808872782368375,67.4119634793227,77.71882704019538,92.5729423467318,-22.28117295980462,0.18691171197330192,46.35036143212926,2.585045651810812,-0.5634443234576025,3.1484899752684146,19.060017160614397,13.611943485174692,5.448073675439705,38.322249764112634,-4.976308651308381,-5.1043942860420355,744.2104941920229
2020-08-10 00:00:00+05:30,38.099998474121094,39.20000076293945,38.099998474121094,38.099998474121094,10599378,0.0,0.0,80512312.0,96781280,0.34973273493929047,-3548225.5454485333,-36.84185323016153,5.353824503027918,3835791.97772751,33.67232852321172,93.90884310505957,3565.510622355677,33.567499828338626,42.9363989544632,24.198600702214055,55.82125075764556,0.7418906738542997,0.0,0.0,36.35499992370605,37.865000534057614,34.84499931335449,8.306976281229108,1.077813855985385,1.0,0.0,25.450000762939453,44.29999923706055,34.875,56.15550330086661,0.6710874660572864,2.1944291662815956,26.329857231108814,0.9736525076669693,0.059733863249393226,0.9139186444175761,35.09166669845581,36.09423043177678,36.830368429745846,35.85671592207888,1.189380383870571,0.771681487269918,0.41769889660065296,-0.16478171063986796,28.68312806735239,-6.217499446868899,-62.24001780415488,-88.4747848649058,26.23476706075092,37.29999923706055,37.89999961853027,37.59999942779541,38.07499980926514,97.21866211252016,32.2028935373444,49.85690548940443,30.279236676110816,79.95987331113037,43.612499713897705,32.424999952316284,0.0,56.00000000000001,-56.00000000000001,33.54322304704233,31.26120315554046,0.0,0.0,55.072456330488194,0.7036340118397291,0.8481361105652381,0.9316869612835221,7.368063613565763,59.98616059915002,67.10874660572864,81.609191215308,-32.89125339427136,0.7457352301653657,46.25719612274452,2.715397890266465,0.09232411928721096,2.623073770979254,13.997539033358189,13.689062594811393,0.30847643854679596,38.28911476647435,-4.987531361854591,-5.11620541773401,702.1052310341282
2020-08-11 00:00:00+05:30,36.20000076293945,36.20000076293945,36.20000076293945,36.20000076293945,4482647,0.0,0.0,80512312.0,92298633,0.3464705594987324,-4258053.1875323495,-0.0,5.353824503027918,3612248.161949661,33.754263503252126,92.44593601976523,3387.7032130910525,33.52249994277954,42.83155326598809,24.213446619570984,55.53913544096311,0.6438116598539937,0.0,0.0,37.05833333333334,38.28833382924398,35.828332837422685,6.638185721127851,0.15108446165365083,0.0,0.0,25.450000762939453,44.29999923706055,34.875,56.230885245123915,0.5702918233525869,2.1649860207716,23.260541073322774,0.8512443598894208,0.21803596257739877,0.633208397312022,35.82916673024496,35.549999750577484,36.73338878869871,35.88214442880929,1.1860868247596525,0.8139131752403475,0.3721736495193051,-0.09868581846562785,28.229103868791142,-4.8224991798400865,-46.420803306540165,-91.8724669135699,45.45166360702973,38.72500038146973,36.64999961853027,37.6875,38.5,98.60933105626009,30.9440630873103,46.64322971353364,34.773296746020684,44.79146904017634,44.3125,32.424999952316284,0.0,52.0,-52.0,35.264307237445244,31.26120315554046,0.0,0.0,50.85155157237137,0.5845932626822833,0.7096671981259992,0.8349093606588552,6.4604878262961645,52.907138404584764,57.029182335258696,67.2855853270609,-42.970817664741304,0.4889708070194061,32.35831904216649,2.3723341328673997,0.5483261220032487,1.824008010864151,6.601830416453468,12.271616159139809,-5.669785742686341,38.139680532377334,-4.98687083274344,-5.115510217593888,662.105279219778
2020-08-12 00:00:00+05:30,34.400001525878906,38.0,34.400001525878906,38.0,23121668,0.0,0.0,103633980.0,115420301,0.5313904566250593,2295809.376339023,0.0,5.353824503027918,4761943.849309306,34.07033960521749,93.5943204558797,3387.7032130910525,33.65999994277954,43.14660095880645,24.173398926752633,56.3672075588455,0.7287436801594348,0.0,0.0,37.621666717529294,39.08166694641113,36.161666488647455,7.761486166170155,0.6295661723150748,0.0,0.0,25.450000762939453,44.29999923706055,34.875,56.001183916117725,0.6657825067885427,2.308487266106549,19.538527242026223,0.8892294327079711,0.35227465660351326,0.5369547761044577,36.604166666666664,35.17115365541898,36.92825205197583,36.03902261926786,1.1145160428939327,0.7693549740699029,0.34516106882402975,-0.038002820828831746,28.400137326020506,-3.559999561309816,-24.207735492031375,-87.22407260771809,63.01633711568671,38.75,35.47500038146973,37.11250019073486,38.94999980926514,96.6625258010735,29.77514909799292,41.221537619968004,30.731335904265126,52.949035409441905,45.049999713897705,32.424999952316284,0.0,48.0,-48.0,35.264307237445244,44.29999923706055,0.0,1.0,54.41596291727725,0.6480780976801757,0.6454351240673959,0.7344128109195444,6.808809327786661,58.65998314738154,66.57825067885427,63.572059873280544,-33.421749321145725,-0.08749982609468532,32.404177664934814,2.467407182770141,0.9321423341566272,1.5352648486135139,10.150210126040898,11.847334952520027,-1.6971248264791292,38.12919695466873,4.972373478244063,4.852701981898511,700.0
2020-08-13 00:00:00+05:30,39.900001525878906,39.900001525878906,36.54999923706055,37.25,41316791,0.0,0.0,79583914.64896154,74103510,0.38504098306695667,-2458962.427423694,16.418877634840324,6.368679279839211,3946480.8690461474,35.463136354546755,94.09979266700138,3387.7032130910525,33.84749994277954,43.461420783056596,24.23357910250249,56.807272953865095,0.67695694159275,0.0,0.0,38.09666659037272,39.89166704813639,36.30166613260905,9.423399044667487,0.26415978427449727,0.0,0.0,25.450000762939453,44.29999923706055,34.875,55.69096242259462,0.6259947051592925,2.41263876837773,16.13932879065591,0.8490270888170031,0.45162514304621126,0.3974019457707918,37.199999968210854,34.85384596311129,36.977751736287246,36.12872464747024,1.1941446223911425,0.7611711695666886,0.4329734528244539,0.012365590910745516,28.872156912133388,-2.247499561309816,-1.8932615530398988,-76.18843353777007,74.29517198473017,39.35000038146973,35.42500114440918,37.38750076293945,39.42500019073486,88.82692243204916,29.20284887034751,42.838160952078496,27.525052801644573,63.67554364138708,45.71250009536743,32.424999952316284,4.0,44.0,-40.0,35.264307237445244,44.101999282836914,0.0,0.0,52.70093975237881,0.5399602553924725,0.5908772052516439,0.6486598424816796,6.577809098640797,51.15192844560408,58.529416252585015,60.71228308889933,-41.470583747414985,-0.3402938562281008,23.754151255532815,2.3500057007311286,1.2157150074715275,1.134290693259601,20.16411218566007,13.510690399148036,6.653421786512034,38.09232443699464,-1.9736842105263164,-1.993421490081726,684.2105263157895
2020-08-14 00:00:00+05:30,36.349998474121094,38.20000076293945,35.400001525878906,35.400001525878906,16532748,0.0,0.0,63051166.648961544,57570762,0.31623869094164275,-6477047.591081534,-24.133899437536897,4.6448293200151465,3125392.048293702,35.52447489608354,88.57561547745638,3219.4550043663926,34.025,43.615907161237615,24.434092838762382,56.375648265908104,0.5716825584255513,0.0,0.0,38.30333340962728,40.2183339436849,36.38833287556966,9.999132522373609,-0.258049888789487,0.0,1.0,25.450000762939453,44.29999923706055,34.875,55.40043636773283,0.5278515420889648,2.4513748152460115,13.477574676438826,0.6602757777039656,0.49335526997776213,0.16692050772620348,37.51666673024496,34.55192294487586,36.73502093468596,36.074745156982,1.095870089646507,0.8215340663703281,0.2743360232761789,0.043474790805561665,28.30218201713975,-0.8749984741210923,12.126676167690121,-61.29551155928404,73.42218772697416,39.35000038146973,35.42500114440918,37.38750076293945,39.92500019073486,69.52760275089858,28.219444843865723,39.16054289458032,28.687991069124298,36.3108392831715,45.40000009536743,32.424999952316284,0.0,40.0,-40.0,35.264307237445244,43.90795932769775,0.0,0.0,48.62958431119735,0.30245065372359414,0.49682966893208075,0.5777139994170403,5.144568656546577,42.86118558073006,47.64707228716682,57.58491307286871,-52.35292771283318,-1.0849992920370681,12.025319932076659,1.8302992157830231,1.3386318491338267,0.4916673666491964,16.956872253994025,14.199926770117235,2.7569454838767893,38.07295770856491,-4.966438856700927,-5.094008158191654,645.2631900185032
2020-08-17 00:00:00+05:30,35.099998474121094,36.79999923706055,33.650001525878906,35.650001525878906,38113641,0.0,0.0,73335835.1013232,95684403,0.31459581072736165,-4190553.6137841716,-13.016989897051857,3.715044582383478,3394556.1680476074,37.38926476970668,73.24502401703452,3219.4550043663926,34.29250011444092,43.75042138634931,24.83457884253253,55.160290094600384,0.5717653156761832,0.0,0.0,38.22166684468587,40.356667073567706,36.086666615804035,11.171675152511956,-0.10226347613878782,0.0,1.0,25.450000762939453,44.29999923706055,34.875,54.96828289338743,0.5411141426320483,2.5212371048395745,11.524820022938783,0.5248122060033893,0.4996466571828876,0.025165548820501704,37.725000063578285,34.34230767763578,36.56809487179257,36.04328266578918,1.0846714707351723,0.9051096508337787,0.17956181990139364,0.061594841596676546,27.74094786805036,0.5074991226196275,22.787942845040387,-44.497157706102115,67.2851005511425,38.97500038146973,34.875,36.92500019073486,40.44999980926514,46.31959270412841,26.659179116558022,35.471202513962666,31.219205709937786,18.498135591840512,45.12499952316284,32.424999952316284,76.0,36.0,40.0,35.264307237445244,43.717800171661374,0.0,0.0,49.20070990774235,0.20273692946684116,0.3483826128609692,0.47869649568156464,4.147508358358786,39.274991017391166,38.21430206298828,48.1302635342467,-61.78569793701172,-1.317793313194727,7.541477782582749,1.4560610665507439,1.3621176926172103,0.09394337393353358,22.385505505624174,15.837042517218624,6.54846298840555,38.05071115345324,0.7062146588249218,0.7037326418304346,650.5263479132401
2020-08-18 00:00:00+05:30,36.400001525878906,36.650001525878906,35.04999923706055,36.0,12850242,0.0,0.0,75745245.90216053,108534645,0.3116780075593269,-2949393.7986597484,7.781965744392009,0.6990542058881237,3520715.0712617342,37.45596541255206,74.01520589318277,3251.0624178530875,34.65250015258789,43.78942921381989,25.515571091355888,52.73460224225492,0.5737392092234552,0.0,0.0,37.981666946411124,40.2766674041748,35.68666648864746,12.084780065086239,0.0682643679421882,0.0,0.0,25.450000762939453,44.29999923706055,34.875,54.397224994206816,0.5596817024438754,2.429113623237453,10.491767749605605,0.4406191183501704,0.48784114941634416,-0.04722203106617373,37.82500012715658,34.22500001467191,36.48069566074756,36.04007654239739,1.0436679552051267,0.9475983871215822,0.0960695680835445,0.07201808040362796,27.55754681043326,1.8474998474121094,30.068029096818517,-27.716548719024992,57.784577815843505,38.97500038146973,34.875,36.92500019073486,41.0,24.156769798474073,25.210360941200868,33.73281096115049,29.68919827728031,22.711392308024337,44.88749980926514,32.424999952316284,72.0,32.0,40.0,35.264307237445244,43.315088225830074,0.0,0.0,50.03817680288581,0.08309636814642744,0.19609465044562088,0.3471023107462236,3.5543637852579515,44.421980543039396,25.56052967852188,37.140634676225666,-74.43947032147811,-0.8804405044106858,3.448278130022205,1.2225809726897445,1.3342103486317174,-0.11162937594197286,16.924797111674234,16.054593436109748,0.8702036755644862,37.99986296785401,0.9817628587393656,0.976974879415371,657.8947368421052
2020-08-19 00:00:00+05:30,36.099998474121094,36.400001525878906,35.099998474121094,35.29999923706055,10889899,0.0,0.0,68206089.97216886,97644746,0.28416936015686817,-3617042.91432744,-1.1937741671212005,0.6137846225223237,3308966.804363579,37.393553031503934,71.09293746868279,3187.847246384728,35.047500133514404,43.55769818901438,26.537302078014427,48.563794981554445,0.5148350897299597,0.0,0.0,37.52166684468587,39.94666760762532,35.09666608174642,12.925869061080371,0.041924348730442776,0.0,0.0,25.450000762939453,44.29999923706055,34.875,53.784145523394,0.522546380448997,2.3162025660894887,10.62392784859304,0.31379405584207376,0.4530317307014901,-0.13923767485941635,37.725000063578285,34.155769274784966,36.2990500571034,35.98525600126133,1.0073311540711376,0.9545455918379355,0.05278556223320208,0.0728840916196001,27.32873890042227,3.2524991035461426,30.89167941430785,-13.211609573262596,44.103288987570444,38.97500038146973,34.875,36.92500019073486,41.57499980926514,12.078384899237037,23.86502977836923,32.34574442822112,28.46840190287358,12.105828342015718,44.68749952316284,32.625,68.0,28.000000000000004,40.0,35.264307237445244,42.928484757832024,0.0,0.0,48.32234370440045,0.0,0.09527776587108949,0.21325167639255985,2.583905269229813,45.30066637408669,18.91890777297943,27.564579838163198,-81.08109222702058,-0.38220536288093143,-3.2876733231217896,0.8720072905166352,1.241769737008701,-0.3697624464920659,11.519343543780115,15.147543457643824,-3.6281999138637087,37.78836906677034,-1.9444465637207031,-1.9635996129874655,643.1578786749589
2020-08-20 00:00:00+05:30,34.5,35.04999923706055,34.0,34.150001525878906,12968597,0.0,0.0,58942846.78548107,84676149,0.2524280265712936,-5230873.479028819,-9.918185181805647,-0.33121831022059084,2886477.9321377845,37.76561039510148,63.1315964435253,3187.847246384728,35.45250024795532,42.91825318030253,27.986747315608117,42.11693324945557,0.41276842845729456,0.0,0.0,36.84666684468587,39.061667378743486,34.631666310628255,12.022800018216948,-0.10872791616600568,0.0,1.0,25.450000762939453,44.29999923706055,34.875,53.169729475450026,0.4615385393735477,2.2145822331865945,11.666814023061873,0.119115980838707,0.38624858072893353,-0.26713259989022653,37.37916692097982,34.113461641164925,35.96842720614578,35.849311225307076,0.970370147663241,1.034074228462024,-0.06370408079878287,0.060922152308496236,27.27100478606821,4.747500514984132,23.64580842331264,-1.6935202453996452,25.339328668712287,36.775001525878906,34.875,35.82500076293945,41.97500038146973,6.039192449618518,22.17481176502346,30.974144390996795,30.849274937636306,-21.591245663010028,44.52500009536743,33.049999952316284,64.0,24.0,40.0,35.264307237445244,42.5573454285539,0.0,0.0,45.55842412046126,0.0,0.027698789382142444,0.10635706856628428,0.9823660047388324,45.75202099089853,4.6948366897303675,16.39142471374389,-95.30516331026963,-0.49794079836676985,-10.835503378198357,0.3322685339477863,1.059869496396518,-0.7276009624487317,7.855581593953569,13.689151084905774,-5.833569490952205,37.07840236864973,-3.257783954777793,-3.312031162777096,618.9474005448191
2020-08-21 00:00:00+05:30,34.849998474121094,34.900001525878906,32.45000076293945,32.5,18878799,0.0,0.0,40834599.012156546,65797350,0.13388656085771,-8933612.575847726,-11.03087601120204,-3.568072639862852,1974324.3226231362,37.467463609849496,58.17756766872797,3187.847246384728,35.71000022888184,42.34969846085727,29.07030199690641,37.186772273416665,0.25827212949052913,0.0,0.0,36.025000381469724,38.06500091552734,33.98499984741211,11.325471269707108,-0.3639704555514033,0.0,1.0,27.299999237060547,44.29999923706055,35.79999923706055,47.605712380395325,0.30588239781996784,2.2381240861618803,13.185354239800319,-0.16639107692165567,0.2757206491988157,-0.4421117261204714,36.73750019073486,34.075000102703385,35.43482302058489,35.60121409750655,0.8797100034288043,1.0652174946641237,-0.1855074912353194,0.03181129707429546,27.445824002836655,6.490000534057614,12.381272543606936,6.5977342376850014,5.783538305921935,36.17500114440918,34.875,35.52500057220459,41.97500038146973,3.019596224809259,21.15579379265954,28.51964848840634,33.41802679489217,-61.49997934241112,42.12499952316284,33.22499990463257,60.0,20.0,40.0,35.264307237445244,42.2010516724469,0.0,0.0,41.85896719577485,0.0,0.0,0.040992185084410646,-1.4819183526823045,33.155850202080046,0.42193454429330873,8.01189300233437,-99.57806545570669,-0.6324997004340673,-19.154230390060377,-0.46737472622684917,0.7544206518718447,-1.2217953780986939,7.421795277183203,12.43567992336126,-5.013884646178057,36.217716020736496,-4.831629435297491,-4.952254136277245,584.2105263157895
2020-08-24 00:00:00+05:30,33.0,34.099998474121094,32.599998474121094,34.099998474121094,4776671,0.0,0.0,45611270.012156546,70574021,0.14474785289680708,-6565572.734815412,-10.205936423758908,-4.297068098702774,2209483.286050166,37.39480480841234,58.81132719241398,3344.787268844626,35.98000011444092,41.85234168203166,30.107658546850182,32.64225430190489,0.33992742769805034,0.0,0.0,35.538333638509116,37.6183339436849,33.45833333333333,11.705671550800636,0.15424640544308385,0.0,0.0,27.299999237060547,44.29999923706055,35.79999923706055,47.248471222702655,0.3999999551212086,2.174311524957802,14.148123976125506,-0.2605475421667407,0.16846701092570446,-0.4290145530924452,36.0625,34.161538490882286,35.229465398052,35.49001294021874,0.8527694922115677,1.0860060679260728,-0.23323657571450507,0.00112567690876438,27.700135306776303,4.119998359680174,5.605593132189046,12.378444953099358,-6.7728518209103115,36.17500114440918,34.875,35.52500057220459,41.97500038146973,1.5097981124046296,20.20956281832161,27.01411056950126,31.65390594553637,-66.38382871206865,41.08749961853027,33.40000009536743,56.00000000000001,16.0,40.00000000000001,35.264307237445244,41.615988617876454,0.0,0.0,46.403850894131,0.19158996761955918,0.06386332253985302,0.03052070397399849,-2.3531207606583875,38.893685678287405,13.9240331109327,6.346934781652126,-86.0759668890673,-0.5810294936685025,-19.194317872932075,-0.7341432718145828,0.45670786713455924,-1.190851138949142,0.5437039789626478,10.057284734481538,-9.51358075551889,36.068737558945024,4.923072228064895,4.805725020659635,617.8947047183387
2020-08-25 00:00:00+05:30,35.79999923706055,35.79999923706055,33.04999923706055,35.400001525878906,28111064,0.0,0.0,65544616.73297064,98685085,0.0033725729678658356,-406995.34581904206,10.516329435568487,-3.5459017104478825,3281168.641575717,37.128912711722656,62.50712728090953,3344.787268844626,36.245000171661374,41.4752865563391,31.01471378698365,28.860733121293197,0.419220613974608,0.0,0.0,35.393333562215176,37.748333867390954,33.03833325703938,13.307592521829651,0.5014157033544927,0.0,0.0,30.299999237060547,44.29999923706055,37.29999923706055,38.62601719876962,0.36428587777273996,2.2318803724620215,14.789051087838295,-0.2276437026354401,0.08924486821347555,-0.31688857084891564,35.670833587646484,34.35769242506761,35.255701725409985,35.483345428045425,0.8691321222239804,1.0355620931758487,-0.1664299709518683,-0.022242033573755843,28.123048125495487,1.8549983024597196,2.4980301048140974,15.345752241637744,-12.847722136823647,36.17500114440918,34.875,35.52500057220459,41.97500038146973,0.7548990562023148,18.920622845760242,30.11215434560968,28.83627270277324,-47.20401390027814,41.03749990463257,33.59999990463257,52.0,12.0,40.0,35.264307237445244,41.06602934658024,0.0,0.0,49.83507944959456,0.336233705824421,0.17594122448132668,0.0799348490070599,-2.117898236912688,48.983183965212106,24.894524411812235,13.080164022346082,-75.10547558818776,-0.5402944059932935,-11.720691089989378,-0.6415508455849105,0.2370561245906653,-0.8786069701755758,5.918452557011065,9.229518298987443,-3.3110657419763783,36.06111375499366,3.812325835569763,3.7414523701363667,645.2631900185032
2020-08-26 00:00:00+05:30,35.0,35.400001525878906,34.29999923706055,34.45000076293945,11141215,0.0,0.0,57441939.50172417,87543870,-0.037056105944980634,-1860876.403569533,4.196151242037065,-3.75604890667341,2982181.006156124,36.761425173812505,57.31657931901566,3255.025960361358,36.38750019073486,41.24588167115483,31.529118710314894,26.703573781949597,0.3006023780137654,0.0,0.0,35.18500022888183,37.290000915527344,33.07999954223633,11.96532995851797,0.32541586076305135,0.0,0.0,32.45000076293945,44.29999923706055,38.375,32.56612411406704,0.16877639304070363,2.1186925640976555,15.260935373713991,-0.27505364759456086,0.016385165051868267,-0.2914388126464291,35.36666711171468,34.57500017606295,35.13174773118375,35.40680137877831,0.9335346095012231,1.1102720570448177,-0.17673744754359455,-0.04484387740536536,28.52686714923952,-0.18749942779540874,-10.309329553494518,14.410633574920565,-24.71996312841508,35.32500076293945,34.875,35.10000038146973,41.97500038146973,0.3774495281011574,17.723750014096115,29.00015864776797,27.771393358066064,-57.68353182790987,40.375,33.80000019073486,48.0,8.0,40.0,35.264307237445244,40.54906763156179,0.0,0.0,47.44469379102783,0.3090106574992457,0.2789447769810753,0.17291644133408499,-2.5944303746556017,43.50183828757139,16.877639304070364,18.565398942271766,-83.12236069592964,-0.4732355173896394,-9.580046869715368,-0.7768384516072641,0.034277209351079446,-0.8111156609583435,2.262891685380347,7.836192976266024,-5.573301290885677,35.94614253722715,-2.68361785873078,-2.7202843637701424,625.26317395662
2020-08-27 00:00:00+05:30,33.20000076293945,34.400001525878906,33.20000076293945,33.70000076293945,9721757,0.0,0.0,55821641.51762191,77822113,-0.0406941464330277,-2636653.738773885,-12.960619007022084,-5.7420578070587345,2770531.7292758804,35.77463500312996,46.094842409946516,3184.1618263640876,36.41500015258789,41.205521703689755,31.624478601486036,26.310704550478565,0.21662799543987335,0.0,0.0,34.77166697184245,36.66166750590007,32.88166643778483,10.870922786578584,0.21649050103646028,0.0,0.0,32.45000076293945,44.29999923706055,38.375,32.54153075509174,0.10548524565043976,2.03182330768789,15.513016328445751,-0.36889273669251565,-0.06067041529700851,-0.30822232139550715,35.15833377838135,34.81730791238638,34.91147896683847,35.28037170353099,0.8540629750183523,1.2222223628043882,-0.36815938778603596,-0.06997395709714417,28.93744690690591,1.5849998474121065,-26.853580158083147,10.079493983167977,-36.933074141251126,34.625,34.875,34.75,41.97500038146973,0.1887247640505787,16.78089577917281,27.746247833562528,30.37555663333748,-92.24914533518849,39.67500019073486,34.02500009536743,44.0,4.0,40.0,35.264307237445244,40.06312361944445,0.0,0.0,45.58567737512965,0.28203831261830037,0.309094225313989,0.2546600755921303,-3.516760437762212,43.70910489861956,16.77852177167836,19.516895162520317,-83.22147822832164,-0.3402940694023542,-6.906077202516056,-1.0456033167462222,-0.1816988958683809,-0.8639044208778413,-1.4733497870482761,5.974284423603164,-7.44763421065144,35.78585480052606,-2.1770681665900904,-2.2011159608481545,609.4737002724095
2020-08-28 00:00:00+05:30,34.0,34.5,33.0,33.349998474121094,11375726,0.0,0.0,49754564.50698145,66446387,-0.18953277300341892,-2828778.938516262,-0.6593136702991047,-3.15759069563999,2652385.437085018,35.557335195298094,46.22915084621224,3184.1618263640876,36.34250011444092,41.27050916230357,31.414491066578268,27.119813069241626,0.19637823193347054,0.0,0.0,34.50000012715658,36.26000073750814,32.739999516805014,10.202902051389762,0.17329509823130998,0.0,0.0,32.45000076293945,44.29999923706055,38.375,32.60644819923223,0.07594918371906312,1.9786409769191011,15.639917113801634,-0.4661298952169659,-0.141762311281,-0.3243675839359659,34.77083365122477,35.09807711381178,34.67125119872811,35.13738109394507,0.8819561612182328,1.0809445267138154,-0.19898836549558252,-0.09751827489454185,28.866497762286368,0.9074998855590835,-36.80124998963885,3.458472557092508,-40.25972254673135,34.55000114440918,34.875,34.71250057220459,41.97500038146973,0.09436238202528935,15.991699854206031,26.27791949281936,29.473686768708102,-95.18929701006702,38.14999961853027,34.25,40.0,0.0,40.0,35.264307237445244,39.60633624805415,0.0,0.0,44.70533971590792,0.22667623556317565,0.27257506856024055,0.2868713569517683,-4.527747570289277,44.63879316804092,12.08050495321748,15.245555342988737,-87.91949504678252,-0.12602960362153937,-12.236846120733965,-1.3265925937129392,-0.41067763543729263,-0.9159149582756466,-3.708786798907484,4.037670179101035,-7.746456978008519,35.68752695860186,-1.038582435889035,-1.0440133389327588,602.1052310341282
2020-08-31 00:00:00+05:30,34.5,34.5,31.700000762939453,31.700000762939453,18432054,0.0,0.0,31322510.506981447,48014333,-0.25355254143652667,-6769360.07763914,-9.874094531051243,-3.86288316214365,1740455.9527110942,35.33746917664639,44.003987582050605,3184.1618263640876,36.10250015258789,41.42795525539427,30.777045049781524,29.50186319672175,0.08665510227206276,0.0,0.0,34.22666676839192,35.95166753133138,32.50166600545248,10.079864186672582,-0.23236663418831294,0.0,1.0,31.700000762939453,44.29999923706055,38.0,34.90062577623977,0.0,2.060776802933246,15.805079982666099,-0.6686245816170882,-0.24713476534821763,-0.4214898162688705,34.30833371480306,35.26538482079139,34.21413574706831,34.8827603286854,0.8428805644003247,1.042553287132422,-0.19967272273209724,-0.1343456939226461,29.07170277559944,-0.7024986267089872,-48.301435913632176,-5.249245777402013,-43.052190136230166,34.05000114440918,35.79999923706055,34.92500019073486,41.97500038146973,0.047181191012644674,15.806859452052077,23.751206397400598,31.103956327548765,-114.7781081491495,36.625,34.5,36.0,4.0,32.0,35.264307237445244,39.17695611894727,0.0,0.0,40.713639348376674,0.0,0.16957151606049195,0.25041360331157386,-6.554961516764216,40.71155415110069,0.0,9.61967557496528,-100.0,-0.058382219426768245,-14.899326810900797,-1.916776583380797,-0.7118974250259935,-1.2048791583548035,-1.819621885851455,2.866211766110537,-4.6858336519619925,35.34724733990129,-4.947519600224282,-5.074102165741623,567.3684371145148
2020-09-01 00:00:00+05:30,30.700000762939453,31.0,30.149999618530273,30.149999618530273,7797178,0.0,0.0,23525332.506981447,40217155,-0.27069052269056953,-7528827.898428132,-27.526002992174597,-5.8290262330132645,1359205.6520079025,35.040833965196676,37.17949624936569,3028.4692599267264,35.69500017166138,41.51023010611157,29.879770237211183,32.58288223271653,0.023234625660991996,0.0,0.0,33.68000005086263,35.33000062306722,32.02999947865804,9.798103145562965,-0.5696967297459397,0.0,1.0,30.149999618530273,44.29999923706055,37.22499942779541,39.64140510010167,0.0,2.0096992370808393,16.39131373606451,-0.9433014262809607,-0.3863680975347663,-0.5569333287461944,33.87083355585734,35.321154007544884,33.58888403498554,34.5321854612665,0.8649122944388886,1.2070175558356122,-0.3421052613967236,-0.18410492711297474,28.60836586622809,-0.0449986457824707,-61.633602106438126,-15.529832613040456,-46.10376949339767,32.97499942779541,35.79999923706055,34.38749933242798,41.97500038146973,0.023590595506322337,16.22043173818385,22.46354398968751,34.83912851176608,-163.7653213578474,36.51250076293945,34.75,32.0,0.0,32.0,35.264307237445244,38.57879969046664,0.0,0.0,37.340658555980546,0.0,0.07555874518772518,0.17256844326948592,-9.319466913507792,39.220041751018606,0.0,4.026834984405828,-100.0,-0.67029384164249,-14.830513223313446,-2.731658635793636,-1.1158496671795222,-1.6158089686141137,-5.86378657633204,1.1202120976220218,-6.983998673954062,34.64767960432836,-4.889593397806125,-5.013179442992621,534.7368340743216
2020-09-02 00:00:00+05:30,29.299999237060547,31.649999618530273,28.649999618530273,31.649999618530273,22680003,0.0,0.0,46205335.50698145,62897158,-0.1926307266518437,-1593280.4129383992,-5.6216949010306125,-7.4033528427183315,2487564.0244932952,34.07005719482196,30.020390566467142,3028.4692599267264,35.26750011444092,40.95074512273633,29.584255106145513,32.2293612524484,0.18173987830627994,0.0,0.0,33.185000038146974,35.005000305175784,31.364999771118164,10.968812806609462,0.07829664988933706,0.0,0.0,28.649999618530273,44.29999923706055,36.47499942779541,44.37513168709709,0.19169329540736033,2.108729313372755,16.409643706536016,-1.0280960888947561,-0.5147136958067643,-0.5133823930879918,33.537500063578285,35.380769362816444,33.290594124761654,34.31869021365641,0.7335702601087941,1.2539965385861325,-0.5204262784773384,-0.23200477654683704,28.311726931516777,0.7324998855590792,-70.44337092899042,-25.984185874407462,-44.45918505458296,32.22499942779541,36.47499942779541,34.34999942779541,41.97500038146973,0.011795297753161169,17.107095444273206,20.182822930732527,36.37841006463232,-144.60672317256456,35.72500038146973,35.02500009536743,28.000000000000004,100.0,-72.0,35.264307237445244,37.735919683273,0.0,0.0,42.32075162335473,0.39220995556261334,0.1307366518542044,0.12528897103414052,-10.283055045804119,45.25979100639158,31.413608801044788,10.471202933681598,-68.58639119895521,-1.5117645712459762,-11.220201223399577,-2.9957323035762204,-1.491826194458862,-1.5039061091173584,-1.1761951526084842,0.6609306475759207,-1.8371258001844049,34.47349886147295,4.9751244410567,4.855322601663037,566.3157814427426
2020-09-03 00:00:00+05:30,32.75,33.150001525878906,31.899999618530273,32.150001525878906,13143139,0.0,0.0,38319484.19467419,76040297,-0.269315705506183,-426869.70129745617,22.587874343014384,-4.066083286964669,2695197.3466972145,33.80127785193249,36.42713265258103,3076.3125592809392,34.76500015258789,39.625153999876694,29.904846305299078,27.960039269132704,0.23097573565827217,0.0,0.0,32.98500010172526,34.82500063578288,31.144999567667647,11.156589530896351,0.27309827894315986,0.0,0.0,28.649999618530273,44.29999923706055,36.47499942779541,45.01653832832012,0.2236422998505687,2.047856572770343,16.090343294938396,-1.0429282668362205,-0.6203566100126556,-0.4225716568235649,33.21666685740153,35.40192325298603,33.115118340318155,34.158046607154375,0.8752327888286368,1.1564245738621832,-0.28119178503354647,-0.27355502454805475,28.231072623053603,0.5349990844726591,-73.84234640781648,-35.564587980121175,-38.277758427695304,32.22499942779541,36.47499942779541,34.34999942779541,41.97500038146973,0.005897648876580584,17.120609700792592,24.32023622884106,34.49269419378867,-84.60490308030157,35.31250047683716,35.30000019073486,24.0,96.0,-72.0,35.264307237445244,36.64560927550387,0.0,0.0,43.92074775372943,0.5182185266284326,0.3034761607303486,0.1699238525907594,-10.629935157415078,40.364263191574814,42.94481068920349,24.78613983008276,-57.05518931079651,-1.7866176324732166,-10.694440205891926,-3.0532432923660804,-1.8041096140403057,-1.2491336783257747,-2.4398998233503,0.04076455339067653,-2.4806643767409766,34.40902787132105,1.5797848763824174,1.567436160743929,576.8421373869243
2020-09-04 00:00:00+05:30,30.700000762939453,31.299999237060547,30.549999237060547,30.700000762939453,10627000,0.0,0.0,31943327.43604788,65413297,-0.18063354306531096,-2567196.6165060434,-11.29200151837802,-3.9428698313451087,2215907.848208261,33.330600180504106,42.191970953996695,2937.5674474212396,34.29500026702881,38.80608643767885,29.783914096378773,26.30754416402203,0.1015372608620192,0.0,0.0,32.74166666666667,34.41166712443034,31.071666208902997,10.201071770508548,-0.11127704912765349,0.0,1.0,28.649999618530273,39.900001525878906,34.27500057220459,32.80362099359532,0.18222229305313228,2.0030711443751446,16.03661057036196,-1.1583332731862512,-0.7279519426473747,-0.4303813305388765,32.83333365122477,35.30769245441143,32.7435617899522,33.901895063138454,0.897233154499999,1.150197534892403,-0.252964380392404,-0.31662251596509067,27.92447891653169,-0.14499874114990519,-74.3942246868311,-44.453456626678964,-29.94076806015213,32.22499942779541,36.47499942779541,34.34999942779541,41.97500038146973,0.002948824438290292,17.598084272268615,22.95346961898889,37.29601143854641,-129.30772167433494,35.63750076293945,35.30000019073486,20.0,92.0,-72.0,35.264307237445244,35.68613611666704,0.0,0.0,40.41913876484908,0.24244739397156176,0.38429195872086924,0.27283492376847407,-11.943753776498546,37.794000016562926,25.625008195636703,33.327809228628325,-74.37499180436329,-2.3700001380022826,-13.031157432127294,-3.416721310206955,-2.1266319532736357,-1.2900893569333194,-4.77867790342419,-0.9231239379722967,-3.855553965451893,34.31649057112809,-4.510111023703334,-4.614981870026957,546.3158055355675
2020-09-07 00:00:00+05:30,31.049999237060547,31.299999237060547,29.5,29.850000381469727,9232419,0.0,0.0,26301299.03772974,56180878,-0.16619292898527732,-3321534.195846373,-10.235658853996664,-5.229843016944299,1960287.0183429471,33.00512852573196,36.05510990087116,2856.2341122795883,33.88250036239624,38.435002562183904,29.329998162608582,26.87229189756112,0.05711169331070266,0.0,0.0,32.403333473205564,34.10333385467529,30.70333309173584,10.492749968921949,-0.25098015258336837,0.0,1.0,28.649999618530273,39.900001525878906,34.27500057220459,33.20298616401464,0.10666671639900777,1.9827639536436847,16.10316242957468,-1.3033562200086592,-0.8430327981196317,-0.46032342188902753,32.47500022252401,35.11730788304256,32.298398496339516,33.601754716348175,0.8019608734846306,1.143137271914831,-0.3411763984302003,-0.3631249197597091,27.70826694895726,-1.382500362396243,-79.81611161535204,-53.599472373364094,-26.21663924198795,32.02500057220459,36.47499942779541,34.25,41.97500038146973,0.001474412219145146,18.37804113868932,21.490266011558017,38.637066187870886,-137.0759136449907,36.05000019073486,35.30000019073486,16.0,88.0,-72.0,35.264307237445244,34.84179973689063,0.0,0.0,38.48229554780155,0.09137174115884804,0.28401255391961416,0.32392689112361067,-13.61346873903925,35.32103905457677,15.483877001392733,28.01789862874431,-84.51612299860727,-2.9570591253392813,-12.59151084122393,-3.878833802017312,-2.4770723230223712,-1.4017614789949406,-7.453296883920885,-2.2291585271620145,-5.22413835675887,33.91348404960013,-2.7687308154592416,-2.8077826826432783,528.4210606625206
2020-09-08 00:00:00+05:30,29.799999237060547,30.0,28.549999237060547,28.799999237060547,9896770,0.0,0.0,19817206.552442625,46284108,-0.1830330352253449,-4331546.428718954,-16.482659072676082,-6.321906224483933,1612159.0554232097,32.65159394815328,36.63722509410477,2856.2341122795883,33.512500286102295,38.438947075599316,28.586053496605274,29.40065198024051,0.021714000941956413,0.0,0.0,31.8400000890096,33.410000546773276,30.269999631245934,9.861811893057105,-0.46815285527982425,0.0,1.0,28.549999237060547,39.900001525878906,34.22500038146973,33.86796625713191,0.022026427276256286,1.9294876345732614,16.280183797811464,-1.4858858996086184,-0.9716034184174291,-0.5142824811911892,32.16666682561239,34.821154007544884,31.76018322568121,33.24606912528983,0.7641326324603156,1.1832358590391576,-0.419103226578842,-0.4152957593893819,27.701173086478235,0.5874981880187988,-89.90790429538151,-62.44375845579599,-27.464145839585527,31.524999618530273,36.42499923706055,33.97499942779541,41.97500038146973,0.000737206109572573,19.39247564579015,20.36410044443778,40.04568291486689,-154.90533470721533,36.47500038146973,35.90000009536743,12.0,100.0,-88.0,35.264307237445244,34.098783722687386,0.0,0.0,36.17615809195501,0.0,0.1112730450434699,0.25985918589465107,-15.712123907698295,34.66485810790355,3.4482758620689653,14.852387019699465,-96.55172413793103,-3.2722062223097836,-11.384617732121393,-4.469358148805404,-2.875529488178978,-1.5938286606264263,-9.224787021835404,-3.6282842260966923,-5.5965027957387115,32.92603187867032,-3.5175917286118352,-3.5809491967219387,506.31577341180105
2020-09-09 00:00:00+05:30,27.649999618530273,28.25,27.399999618530273,27.399999618530273,13509128,0.0,0.0,6308078.552442625,32774980,-0.30225919503957943,-6414578.945570052,-9.12346371287915,-6.265140405274898,955465.4947393873,32.17731831701189,37.07109347831474,2856.2341122795883,32.98250026702881,38.13917361664494,27.825826917412684,31.269147625967168,-0.04128895413882573,0.0,1.0,31.136666679382323,32.681666946411134,29.591666412353515,9.923992718538868,-0.7092771569671106,0.0,1.0,27.399999618530273,39.900001525878906,33.65000057220459,37.89889124883703,0.0,1.8765388329689627,16.599146547864905,-1.7236411919459478,-1.122010973123133,-0.6016302188228149,31.608333587646484,34.40192325298603,31.08938574765799,32.81302693960394,0.770873852137478,1.1864076959389187,-0.41553384380144065,-0.4763473422586344,27.78171337242704,2.417501258850095,-101.27576233516447,-70.71288980880503,-30.562872526359442,30.949999809265137,35.84999942779541,33.39999961853027,41.97500038146973,0.0003686030547862865,20.66664014369432,19.311827976789225,42.22096644417151,-171.41292531844903,36.92500019073486,36.375,8.0,100.0,-92.0,35.264307237445244,33.32195389469963,0.0,0.0,33.30986911557544,0.0,0.030457247052949308,0.14191428200534442,-18.38693526441163,36.10645835398707,0.0,6.310717621153899,-100.0,-3.789412083345301,-19.648091364800297,-5.252917370648259,-3.3510070646728343,-1.9019103059754245,-8.422842277329101,-4.587195836343174,-3.8356464409859274,31.813498642283417,-4.86110991533889,-4.983236117917533,476.8420972322163
2020-09-10 00:00:00+05:30,28.75,28.75,28.75,28.75,1125342,0.0,0.0,6308078.552442625,33900322,-0.2600246774052986,-5281180.2205909155,0.0,-5.477220690189038,1010911.193660364,32.033136747798416,41.67989937545662,2996.9610172002945,32.55750026702881,37.63778381645193,27.477216717605685,31.208068848995502,0.12526695311513097,0.0,0.0,30.6349999109904,32.060000101725265,29.20999972025553,9.303085979273293,-0.161403389012289,0.0,1.0,27.399999618530273,38.20000076293945,32.80000019073486,33.17208340883103,0.12500002207579203,1.823884987819039,16.217241968335074,-1.7825817330964568,-1.2541251251177978,-0.528456607978659,31.054166793823242,33.961538608257584,30.729480248018298,32.512061981114755,0.8235294345227088,1.1541582280371367,-0.330628793514428,-0.5327564024061197,27.210648030239582,1.892500495910646,-106.19772195726381,-78.4236089163189,-27.77411304094491,30.949999809265137,35.84999942779541,33.39999961853027,41.97500038146973,0.00018430152739314326,21.543101715819116,20.214529342602532,40.07075504476123,-122.03528919657154,37.40000057220459,36.90000009536743,4.0,96.0,-92.0,35.264307237445244,32.374441210512536,0.0,0.0,38.37989980204044,0.3068058187451774,0.10226860624839244,0.08133296611493719,-19.210774430021257,44.724629492080616,16.071433842587872,6.50656990155228,-83.92856615741212,-4.613529828015498,-18.785314235134912,-5.482831984424436,-3.777372048623155,-1.7054599358012812,-15.546147152549125,-6.7789860995843645,-8.76716105296476,31.499079513038453,4.927008760090423,4.809476777158794,505.2631578947368
2020-09-11 00:00:00+05:30,30.149999618530273,30.149999618530273,30.149999618530273,30.149999618530273,471854,0.0,0.0,6308078.552442625,34372176,-0.21352658503465602,-4432355.129077645,0.0,-4.7482252313491164,1033888.425660433,31.983078658380318,40.08531198485527,3142.8999487074425,32.29500017166138,37.3026847599176,27.28731558340516,31.012135387139118,0.2858291077116301,0.0,0.0,30.28833325703939,31.563333447774255,29.013333066304522,8.419084536046832,0.44575152242550475,0.0,0.0,27.399999618530273,36.79999923706055,32.09999942779541,29.10667152365803,0.2925532033617224,1.7814964508901625,15.88689352600599,-1.6967650167578725,-1.342653103445813,-0.3541119133120596,30.69583336512248,33.49807702578031,30.640329381943218,32.33709439870109,0.8200409631288934,1.126789192005988,-0.30674822887709463,-0.5750975891260782,26.176258309866636,1.4050005912780748,-105.84020121279312,-84.8168050606701,-21.023396152123013,30.27500057220459,35.84999942779541,33.0625,41.97500038146973,9.215076369657163e-05,21.538335460620633,24.508225732426514,37.9143266267099,-70.22897275601935,38.36250019073486,37.27499961853027,0.0,92.0,-92.0,35.264307237445244,31.578530555795375,0.0,0.0,43.20225116590035,0.5986236695553738,0.30180982943351703,0.14484522757828625,-18.47364391065131,39.85730029733049,32.738096724832474,16.26984352247345,-67.26190327516753,-4.811176776885986,-12.481860810392275,-5.247116502916316,-4.0713209394817875,-1.1757955634345283,-22.457904649490384,-9.91476980956557,-12.543134839924814,31.4359974670434,4.869563890540074,4.754714327743947,534.7368340743216
2020-09-14 00:00:00+05:30,31.649999618530273,31.649999618530273,31.649999618530273,31.649999618530273,694705,0.0,0.0,6308078.552442625,35066881,-0.29356478132064434,-3650296.182066553,0.0,-5.499391619604007,1068450.863908676,31.425242058507585,27.067359064903215,3142.8999487074425,32.09500007629394,36.864581096490426,27.32541905609746,29.721645171263912,0.45335015215389535,0.0,0.0,30.189999834696454,31.18500010172526,29.19499956766764,6.591588423165787,1.2336680361873449,1.0,0.0,27.399999618530273,36.650001525878906,32.02500057220459,28.820694455087047,0.4594593647190064,1.753346805801146,15.445560220571837,-1.4905352245637289,-1.3722295276693963,-0.11830569689433257,30.52499993642171,33.17307706979605,30.795663264495076,32.286198489058805,0.790948317854628,1.2068963787927556,-0.41594806093812753,-0.5967732523862339,25.347504102730063,1.2549983978271513,-102.40930295334998,-89.34743848810477,-13.061864465245208,30.27500057220459,33.65000057220459,31.96250057220459,41.97500038146973,4.6075381848285815e-05,20.748868464982227,28.921814619904733,35.697684452123404,-18.268584741589162,38.88749980926514,37.67500019073486,12.0,88.0,-76.0,27.399999618530273,31.578530555795375,1.0,0.0,47.90627872558231,1.0,0.6351431627668503,0.3464071994829199,-16.39261594850817,44.84747886235758,53.124987334016005,33.978172633812115,-46.875012665983995,-4.64794147715849,-6.0830893115694105,-4.616632785271526,-4.180383308639735,-0.43624947663179103,-28.533896324300912,-13.63859511251264,-14.895301211788272,31.43695569217945,4.9751244410567,4.855322601663037,566.3157814427426
2020-09-15 00:00:00+05:30,32.400001525878906,33.20000076293945,31.649999618530273,33.20000076293945,29982120,0.0,0.0,36290198.552442625,65049001,-0.16074219968283407,3510077.6027734336,4.0065604895013545,-5.512933816213701,2536770.638693284,31.431857380537195,43.494546845817666,3142.8999487074425,31.955000114440917,36.41200623667271,27.49799399220912,27.895516233890483,0.6396678189747603,0.0,0.0,30.414999898274736,31.48000024159749,29.34999955495199,7.003125739830512,1.8075117215341177,1.0,0.0,27.399999618530273,36.400001525878906,31.90000057220459,28.16461234585133,0.6444444350254408,1.7330122396619494,14.98474057783087,-1.188326205204472,-1.3354488631764114,0.14712265797193935,30.512500127156574,32.98461561936598,31.165561341178826,32.3538875463833,0.7420719237215565,1.1205073078453547,-0.3784353841237982,-0.5936446493889824,24.99347358312053,-0.25499935150146413,-95.95160318086457,-92.18168651609079,-3.769916664773774,30.300000190734863,33.65000057220459,31.975000381469727,37.89999961853027,50.00002303769092,19.293902928587176,33.26371368893987,33.51704714321443,22.39540923670222,37.59999942779541,38.07499980926514,8.0,84.0,-76.0,27.484999618530274,31.578530555795375,0.0,0.0,52.30231695999869,1.0,0.8662078898517912,0.6010536273507195,-13.224965648810894,53.86651668942533,81.6901525744504,55.85107887776629,-18.309847425549606,-4.061323726878449,-0.44976826999868,-3.6729008330169273,-4.078886813515174,0.40598598049824686,-10.376025783227199,-12.986081246655553,2.6100554634283544,31.515340749716106,4.897318050840327,4.781176236511753,598.9473844829358
2020-09-16 00:00:00+05:30,31.549999237060547,31.549999237060547,31.549999237060547,31.549999237060547,1438084,0.0,0.0,36290198.552442625,63610917,-0.13523475082099365,2669660.6888997946,-0.0,-4.587175315712124,2465299.532072383,31.282071919222943,46.109766324394265,2986.701467024249,31.767500114440917,35.95310400034344,27.581896228538398,26.351484195004833,0.47401798123886824,0.0,0.0,30.504999860127764,31.27000020345052,29.739999516805018,5.015573491758386,1.18300582218948,1.0,0.0,27.399999618530273,35.79999923706055,31.59999942779541,26.442117221278576,0.4940475960707708,1.7247111682836451,14.734207319942515,-1.069634631358305,-1.28228601681279,0.21265138545448514,30.5,32.805769406832184,31.224705632852938,32.29434026421124,0.7297296482786679,1.079001961277265,-0.34927231299859707,-0.5820278663823859,24.2848084667656,-1.6175004959106438,-95.22984791103835,-94.55807557200433,-0.6717723390340211,30.300000190734863,33.65000057220459,31.975000381469727,36.64999961853027,75.00001151884547,17.987801764620773,31.086728742578295,31.720127492351235,-11.302707457807509,37.6875,38.5,4.0,80.0,-76.0,27.713599664306642,31.578530555795375,0.0,0.0,47.688825548968445,0.7570881095042783,0.9190293698347594,0.8067934741511337,-11.92451640574064,51.88965661198166,58.450695712092454,64.42194520685295,-41.549304287907546,-3.269264950471765,-0.47319092198342594,-3.3121426931383384,-3.9255379894398073,0.6133952963014688,-16.994463378087623,-13.787757672941968,-3.206705705145655,31.515506992601832,-4.9698839998846385,-5.097633409724089,564.2105102539062
2020-09-17 00:00:00+05:30,30.0,30.0,30.0,30.0,744146,0.0,0.0,36290198.552442625,62866771,-0.10122768722454237,2123505.48587673,-0.0,-4.540081482119331,2428740.8708947697,31.08524157532116,49.93117111060644,2839.9697679065753,31.560000038146974,35.663243084670455,27.456756991623497,26.002807614472985,0.3099064544240556,0.0,0.0,30.264999771118163,30.904999923706054,29.624999618530275,4.229308821595568,0.29296897817397577,0.0,0.0,27.399999618530273,35.79999923706055,31.59999942779541,26.615968340865294,0.3095238689932991,1.7072399751613354,14.595785789292682,-1.0880997518841333,-1.2434487638270588,0.1553490119429255,30.487500031789143,32.49807709913988,31.036289381644796,32.12438913352893,0.7385891511936675,1.0829873725638177,-0.3443982213701502,-0.5729382831390477,23.427534671493454,0.08999958038329936,-99.14018754001368,-97.30762700013571,-1.8325605398779743,30.300000190734863,33.65000057220459,31.975000381469727,35.47500038146973,62.49989812621233,17.44929385373743,29.156320223786057,35.96013771157641,-64.29276817764642,37.11250019073486,38.94999980926514,0.0,76.0,-76.0,27.933055708251956,31.578530555795375,0.0,0.0,43.781899343746666,0.5513786487109468,0.769488919405075,0.8515753930305419,-12.0418710753666,49.80271234406871,36.61972171516302,58.920190000568624,-63.38027828483698,-2.901617891648236,-0.49751117886609614,-3.3871453472977007,-3.817859461011386,0.4307141137136852,-23.502799357031545,-15.730766009759884,-7.772033347271661,31.47735203564226,-4.912834467646587,-5.03761831431504,531.578947368421
2020-09-18 00:00:00+05:30,28.5,28.5,28.5,28.5,3826437,0.0,0.0,36290198.552442625,59040334,-0.02177200147968491,1000196.7736086261,-0.0,-3.8347890156156708,2237419.0208947696,30.77824070850114,56.313689297130104,2839.9697679065753,31.36000003814697,35.64632755245085,27.073672523843094,27.336272379399855,0.1663810653055696,0.0,0.0,30.029999796549475,30.59499994913737,29.46499964396159,3.762904804633467,-0.8539817551743732,0.0,1.0,27.399999618530273,35.79999923706055,31.59999942779541,26.785713036710252,0.13095243231239465,1.6865159776452017,14.412460333010912,-1.2098248491407304,-1.2367239808897932,0.026899131749062777,30.22500006357829,32.16153863760141,30.646091015237907,31.855915864378638,0.7807016531186396,1.0877191045168177,-0.30701745139817815,-0.5736123698329492,22.557643863700477,0.790001487731935,-105.1859546606287,-100.1264984496109,-5.059456211017789,30.300000190734863,32.80000019073486,31.550000190734863,35.42500114440918,43.74978761329055,17.527508393687818,27.384102132223425,39.85269348190765,-109.88417107965324,37.38750076293945,39.42500019073486,0.0,72.0,-72.0,28.143733510439457,31.578530555795375,0.0,0.0,40.33780308630975,0.37003834515190837,0.5595017011223778,0.749339996787404,-13.22983362759902,50.22368349356928,18.96552007632024,38.01197916785857,-81.03447992367977,-3.0102942971622255,-9.952605549751818,-3.7978027512734593,-3.8138481190638007,0.01604536779034138,-26.460297522025954,-17.8766723122131,-8.583625209812855,31.40064404195828,-5.000000000000004,-5.129329438755059,500.0
2020-09-21 00:00:00+05:30,27.100000381469727,27.100000381469727,27.100000381469727,27.100000381469727,3609978,0.0,0.0,36290198.552442625,55430356,-0.0449078151651759,135316.11696415395,-0.0,-1.8686459447460568,2060086.816582395,30.69071415856474,58.428885125524054,2700.4625190747606,31.010000133514403,35.483321601513005,26.5366786655158,28.85083165906865,0.06296459129796904,0.0,0.0,29.71833318074544,30.103333409627275,29.33333295186361,2.59099476770975,-2.900430185301731,0.0,1.0,27.100000381469727,35.79999923706055,31.449999809265137,28.055462167470935,0.0,1.6578643417337091,14.348599976408016,-1.40308721856481,-1.2699966284247965,-0.13309059014001345,29.80416663487752,31.842307824354904,30.1005386100428,31.50362582860761,0.8167769335668522,0.9646797852923834,-0.1479028517255312,-0.5881044808106516,21.659838789463375,-0.30999937057494975,-113.10270059915439,-102.703698038919,-10.399002560235388,30.15000057220459,31.949999809265137,31.050000190734863,35.42500114440918,28.12470544852706,18.084778193006876,25.80739865132336,43.31581478842095,-144.93281155184468,37.38750076293945,39.92500019073486,0.0,100.0,-100.0,28.143733510439457,33.20000076293945,0.0,1.0,37.38206900580173,0.2144115347102039,0.37860950952435307,0.569200043350602,-15.165864141565988,42.10079219263993,0.0,18.52841393049442,-100.0,-3.5908824135275452,-15.707623342861176,-4.453732488438533,-3.941824992938747,-0.5119074954997855,-29.120450057136082,-20.125427861197696,-8.995022195938386,31.261441235352347,-4.9122793632641155,-5.037034531257589,470.52632382041526
2020-09-22 00:00:00+05:30,25.75,25.75,25.75,25.75,1914729,0.0,0.0,36290198.552442625,53515627,-0.16130242507802997,-253284.02551803202,-0.0,-1.4670963089581561,1964703.6120058142,30.605530799796583,48.067954449419474,2565.9375973190986,30.527500057220458,35.08364727800739,25.971352836433528,29.849461713189303,-0.024291668564135695,0.0,1.0,29.381666564941405,29.621666717529298,29.141666412353516,1.633672835115911,-7.065967199982188,0.0,1.0,25.75,35.400001525878906,30.575000762939453,31.610847621950818,0.0,1.627077945707311,15.21251456977868,-1.6462063450562994,-1.345238571751097,-0.3009677733052023,29.391666571299236,31.461538534898025,29.431224977728526,31.077431322784825,0.8738093947067094,0.9928569813164353,-0.11904758660972592,-0.6184063674970774,20.879115620022784,-0.677499675750731,-122.20940401475515,-105.02965822554019,-17.179745789214962,29.475000381469727,31.200000762939453,30.33750057220459,34.875,17.187150911994014,19.026872961023912,24.351383741162937,46.513851907676354,-176.03741209870512,36.92500019073486,40.44999980926514,0.0,100.0,-100.0,28.143733510439457,33.07800075531006,0.0,0.0,34.738702582088735,0.07523166461835747,0.21989384816015659,0.3860016862689624,-17.629178045887056,31.524011975419263,0.0,6.321840025440079,-100.0,-4.500882429235119,-16.12378058607417,-5.297112003749684,-4.212882395100935,-1.0842296086487497,-33.116706190584935,-22.723683527075146,-10.39302266350979,31.062732623722745,-4.981551153013342,-5.109911485228391,442.1052631578948
2020-09-23 00:00:00+05:30,24.5,25.75,24.5,24.5,48227451,0.0,0.0,-11937252.447557375,5288176,-0.3175975536613892,-8829145.41472974,-1.6199280364205855,-3.196225050346368,-376434.78605243727,28.40343156023891,27.283009363465737,2565.9375973190986,30.030000019073487,34.92462986987374,25.135370168273234,32.59826738389238,-0.0649048230040677,0.0,1.0,29.104999923706053,29.385000038146973,28.824999809265137,1.924068820992217,-7.723210788504405,0.0,1.0,24.5,34.5,29.5,33.30003327888286,0.0,1.5893701511365799,16.501536691225542,-1.9176392066088184,-1.4597186987226414,-0.457920507886177,28.945833206176758,31.019230842590332,28.672574981154906,30.590214187763724,0.6674697751939567,1.0530119649106746,-0.38554218971671794,-0.6647236454752191,20.540501658075407,-1.2300007820129402,-135.16984827462554,-108.24878337191372,-26.92106490271182,28.850000381469727,30.450000762939453,29.65000057220459,34.39999961853027,10.15586691665184,20.262722763765872,23.054395224076398,49.362598436263596,-181.1720313427918,36.92500019073486,41.0,0.0,100.0,-100.0,28.143733510439457,32.78488072509766,0.0,0.0,32.450589765508965,0.0,0.09654773310952046,0.23168369693134336,-20.413507875425427,23.167259310838656,0.0,0.0,-100.0,-5.329999923706055,-17.922949122610056,-6.268799541050242,-4.624065824290796,-1.644733716759446,3.122766953990006,-17.554393430862113,20.67716038485212,30.838253706599293,-4.854368932038833,-4.9761509559063555,415.7894736842105
2020-09-24 00:00:00+05:30,23.299999237060547,23.299999237060547,23.299999237060547,23.299999237060547,1886910,0.0,0.0,-11937252.447557375,3401266,-0.3217189578510532,-7891309.418282362,-0.0,-2.3896535133193666,-468854.9264441958,28.12190993381188,29.459127137802213,2440.2589412195907,29.50999994277954,34.91745794743808,24.102541938121,36.64830915041482,-0.07420702115199602,0.0,1.0,28.559999847412108,28.839999961853028,28.27999973297119,1.9607851256083941,-8.892854393746068,0.0,1.0,23.299999237060547,34.5,28.899999618530273,37.95323885007276,0.0,1.5504332123168671,17.89783654154238,-2.2041733988105605,-1.6086096387402253,-0.5955637600703352,28.487499872843426,30.557692381051872,27.846024866678853,30.050198265489414,0.7100736677007276,1.066338983895981,-0.35626531619525337,-0.7263301177539624,20.206823444221303,-2.110000324249267,-156.58308898118406,-113.88688201284604,-42.69620696833802,28.25,29.549999237060547,28.899999618530273,33.79999923706055,5.8589715554429285,21.731675443233836,21.851179329728712,52.00537981559579,-193.79906417574307,36.92500019073486,41.57499980926514,12.0,100.0,-88.0,28.143733510439457,32.2877878815918,0.0,0.0,30.381723407782772,0.0,0.02507722153945249,0.11383960093637648,-23.395206204954437,14.102181347333147,0.0,0.0,-100.0,-6.114117734572467,-19.097222728125857,-7.334971234921609,-5.166246906416959,-2.1687243285046494,-4.404307352488161,-14.924376215187323,10.520068862699162,30.190185408715465,-4.897962297712056,-5.021978972320973,390.5262997275905
2020-09-25 00:00:00+05:30,22.75,23.700000762939453,22.149999618530273,22.149999618530273,43493321,0.0,0.0,-55430573.447557375,-40092055,-0.4333371996752364,-13909308.438329844,-1.3364096776081105,-1.7539928578630413,-2615520.3425982934,26.526307636052778,24.577738073268335,2440.2589412195907,28.95,34.93924081490653,22.960759185093465,41.37644777137502,-0.06768466919424114,0.0,1.0,27.811666552225752,28.24666678110758,27.37666632334391,3.128185274801692,-6.007659718075005,0.0,1.0,22.149999618530273,34.5,28.324999809265137,42.659759521484375,0.0,1.5503900055260984,19.542305991369982,-2.495285075674051,-1.7859447261269905,-0.7093403495470605,28.049999872843426,30.096153846153847,26.96971329004061,29.46499836571466,0.7014925047382421,1.0472635198963465,-0.3457710151581044,-0.8019016725630693,20.197689551983235,-0.1999999999999993,-181.2741258024052,-122.6496401071855,-58.62448569521969,27.675000190734863,28.97499942779541,28.324999809265137,33.22499942779541,3.31989719306956,23.382991474801877,20.372197355079326,53.50716530076428,-179.30711438668584,35.82500076293945,41.97500038146973,8.0,100.0,-92.0,28.143733510439457,31.568764790029295,0.0,0.0,28.506088406553147,0.0,0.0,0.040541651549657616,-26.48016791926221,13.42442010797667,0.0,0.0,-100.0,-6.766617713255041,-19.160584208364337,-8.468641486766732,-5.826725822486914,-2.641915664279818,14.973962478491831,-8.944708476451492,23.918670954943323,28.86381700536753,-4.93562084200031,-5.061584855843693,366.3157814427426
2020-09-28 00:00:00+05:30,21.600000381469727,23.25,21.350000381469727,21.600000381469727,49386306,0.0,0.0,-91820480.52243489,-89478361,-0.44994092532929153,-15802611.607316826,-2.4045122175799523,-0.7484109396418894,-3841815.199890981,25.2988065813812,20.689863754702074,2440.2589412195907,28.444999980926514,35.08901258635789,21.800987375495144,46.71480126480185,-0.01512542238865662,0.0,1.0,26.853333282470704,27.478333473205566,26.22833309173584,4.654917020248281,-3.7026650382492003,0.0,1.0,21.350000381469727,33.20000076293945,27.27500057220459,41.659343959977555,0.02109704573435576,1.585350966826516,21.07776323014451,-2.7388023106383237,-1.9765162430292573,-0.7622860676090664,27.454166571299236,29.67692309159499,26.143603611798934,28.882405922437258,0.7153284908651473,1.0048661050740106,-0.28953761420886337,-0.8864600645761349,20.53802531417854,1.704999637603759,-206.29480469659595,-134.90999583115567,-71.38480886544028,26.449999809265137,28.574999809265137,27.512499809265137,32.82499980926514,1.65994859653478,25.10723319754009,18.701242770886456,52.57196359948681,-164.31207220811802,35.52500057220459,41.97500038146973,4.0,100.0,-96.0,28.143733510439457,30.62688827287939,0.0,0.0,27.62761544418767,0.0,0.0,0.008359073846484126,-29.276709352634928,14.596366093402947,2.1097045734355757,0.7032348578118586,-97.89029542656442,-7.317794205160702,-24.869563890540082,-9.482597530113267,-6.557900164012185,-2.924697366101082,27.606403333260715,-1.634486114509051,29.240889447769767,26.86390263318899,-2.4830665757683668,-2.5144146918280263,354.73685013620474
2020-09-29 00:00:00+05:30,21.850000381469727,21.950000762939453,20.549999237060547,20.549999237060547,14277573,0.0,0.0,-106098053.52243489,-103755934,-0.46266403260856126,-15686733.947612366,-10.295880603810964,-0.8321550032798761,-4535864.631586664,24.834553909731547,20.996089688523355,2321.635115493484,27.964999961853028,35.388348668748854,20.541651254957205,53.0902822601251,0.0005622787257445331,0.0,0.0,25.686666552225752,26.296666781107586,25.076666323343915,4.749547611727603,-3.710381465414366,0.0,1.0,20.549999237060547,33.20000076293945,26.875,45.235120840817935,0.0,1.566816022731755,22.61619870714432,-2.9821415198009404,-2.1776412983835938,-0.8045002214173467,26.65416653951009,29.15576927478497,25.283049092608415,28.265190612409356,0.7299270167840142,1.0097322092447263,-0.2798051924607121,-0.9793052595124175,20.830022800646233,3.6849996566772454,-233.11451775488496,-150.2305147026942,-82.88400305219076,25.274999618530273,28.174999237060547,26.72499942779541,32.42499923706055,0.82997429826739,26.894213962495627,17.558437299179758,52.85128537815422,-156.80264972649678,35.52500057220459,41.97500038146973,0.0,100.0,-100.0,28.143733510439457,29.513661725910232,0.0,0.0,25.98147479342309,0.0,0.0,0.0,-32.1443004848509,14.553768673033192,0.0,0.7032348578118586,-100.0,-7.778088300368367,-31.84079768800242,-10.550579901243196,-7.356436111458388,-3.1941437897848086,22.457225951780728,3.1838562987489047,19.273369653031825,24.057723346020794,-4.861116323451354,-4.98324285345193,332.6315628854852
2020-09-30 00:00:00+05:30,20.100000381469727,20.600000381469727,19.549999237060547,19.549999237060547,26853561,0.0,0.0,-132951614.52243489,-130609495,-0.6300778538498436,-17281994.955096312,-4.594368489723247,-1.1603241811172509,-5842607.30783803,24.23088442440464,18.489406922963212,2321.635115493484,27.35999994277954,35.42775110884593,19.29224877671315,58.97478934897086,0.015974120609440375,0.0,0.0,24.521666590372725,25.236666933695478,23.806666247049968,5.831580334784146,-2.9766887874541474,0.0,1.0,19.549999237060547,33.20000076293945,26.375,49.89035655857601,0.0,1.5151345348994973,24.63795725463966,-3.2185794583779064,-2.3858289303824565,-0.8327505279954499,25.645833174387615,28.546153802138107,24.40104142252413,27.619620880902037,0.6765432447617392,1.118518372000695,-0.4419751272389558,-1.079416346751239,21.137003843385656,5.840000820159911,-257.56867453716865,-167.8336799246003,-89.73499461256836,24.024999618530273,27.475000381469727,25.75,31.924999237060547,0.414987149133695,28.776506224222796,16.7325696917768,54.84495981067804,-152.0082585587419,35.52500057220459,41.97500038146973,0.0,100.0,-100.0,28.143733510439457,28.258748977471278,0.0,0.0,24.485165113772567,0.0,0.0,0.0,-35.02487072429757,12.956198660282535,0.0,0.7032348578118586,-100.0,-8.254264792274025,-38.230649375380985,-11.653235474363216,-8.215795984039355,-3.437439490323861,22.952714650769273,7.1376279691529785,15.815086681616295,22.05429040870513,-4.866180229323646,-4.988565640989728,311.57893130653787
2020-10-01 00:00:00+05:30,19.549999237060547,20.5,18.649999618530273,20.5,35681372,0.0,0.0,-97270242.52243489,-94928123,-0.4418341942565801,-9970662.729693063,-2.592389638870566,-1.3454948696080056,-4108728.4359418144,23.628176449277838,16.183279347947675,2321.635115493484,26.777499866485595,35.05726316816301,18.49773656480818,61.84119759470354,0.12091308424156148,0.0,0.0,23.5099999109904,24.410000292460126,22.60999952952067,7.656319735237406,-1.1722214639925925,0.0,1.0,18.649999618530273,33.20000076293945,25.925000190734863,54.33666778809246,0.12714778254024997,1.5486211195565203,26.37877128676311,-3.291360352716513,-2.5669352148492677,-0.7244251378672453,24.587499777475994,28.00961531125582,23.800881203674262,27.092241556390775,0.6400966942525707,1.1207728168812279,-0.4806761226286572,-1.1738234511007295,21.578900838763694,4.772499370574952,-277.9545118610469,-187.03018628020232,-90.9243255808446,22.875,26.574999809265137,24.72499990463257,31.47499942779541,0.2074935745668475,30.715333396835483,15.361600293809113,54.337267617432396,-131.16416919246296,35.10000038146973,41.97500038146973,4.0,100.0,-96.0,28.143733510439457,26.86534901900556,0.0,0.0,28.68696388870852,0.15105064667165047,0.050350215557216825,0.016783405185738905,-36.256043102261316,23.77734150684332,12.714778254024997,4.238259418008332,-87.28522174597501,-8.492646991505342,-38.25301346714494,-12.14871920385678,-9.002380628002841,-3.146338575853939,25.895869314815776,10.88927623828554,15.006593076530237,21.555821779586598,4.859339130502649,4.744963873802455,331.57894736842104
2020-10-05 00:00:00+05:30,21.5,21.5,21.5,21.5,1298052,0.0,0.0,-97270242.52243489,-93630071,-0.4342579664591747,-8360846.339736911,0.0,-1.3454948696080056,-4045408.826185717,23.59643749911572,16.263360402947768,2434.8856089321907,26.317499828338622,34.69612015050612,17.938879506171126,63.6733760943767,0.21251234432995733,0.0,0.0,22.8099999109904,23.710000292460126,21.90999952952067,7.891279131799432,-0.2277774198557174,0.0,1.0,18.649999618530273,33.20000076293945,25.925000190734863,55.286411092674435,0.19587629947127777,1.4937590076008682,27.925436148994194,-3.231101961070504,-2.699768564093515,-0.5313333969769887,23.74999984105428,27.54038451268123,23.446899480032066,26.67800144110257,0.7227723473439376,1.1237622420819326,-0.40098989473799507,-1.2532382821000314,21.734600236784914,3.6825001716613777,-293.2838149524066,-207.05031009723035,-86.23350485517625,22.199999809265137,26.574999809265137,24.387499809265137,31.47499942779541,0.10374678728342375,31.802360387115897,19.214700664281683,51.86360381100433,-89.17889903431707,34.75,41.97500038146973,0.0,96.0,-96.0,28.143733510439457,25.386586126920008,0.0,0.0,32.91821053257536,0.3031599160626101,0.1514035209114202,0.06725124548954564,-36.077612998420655,29.03805243775272,19.587629947127777,10.767469400384257,-80.41237005287222,-8.373970547844383,-31.854198035146723,-12.111484318658041,-9.624201366133882,-2.4872829525241595,15.563404872064046,11.82410196504124,3.7393029070228057,21.544456581725267,4.878048780487809,4.7628048989254435,352.6315789473684
2020-10-06 00:00:00+05:30,22.549999237060547,22.549999237060547,22.549999237060547,22.549999237060547,745118,0.0,0.0,-97270242.52243489,-92884953,-0.4274900625200642,-7054672.100985912,0.0,-1.6316777617152451,-4009019.368905713,22.4257263150783,0.854267718406831,2553.7985406395633,25.952499771118163,34.319785976659134,17.58521356557719,64.48154342999126,0.29667837035355515,0.0,0.0,22.35499979654948,23.25500017801921,21.454999415079754,8.051893443619205,0.6083329765886462,0.0,0.0,18.649999618530273,33.20000076293945,25.925000190734863,56.06396791341651,0.26804118981315983,1.449383030546836,28.94472526229431,-3.063308672795202,-2.7724765858338527,-0.2908320869613492,23.12916644414266,27.124999926640438,23.308914827267216,26.372223500062418,0.7157360872988425,1.205583669846355,-0.4898475825475124,-1.3111469623958605,21.587707483029888,2.5475002288818374,-303.5569027056289,-227.2000321739941,-76.3568705316348,22.199999809265137,26.574999809265137,24.387499809265137,31.47499942779541,0.051873393641711875,32.1077943041074,23.169723036382457,49.324506783983715,-63.135667315573926,34.71250057220459,41.97500038146973,0.0,92.0,-92.0,28.143733510439457,24.174000555409854,0.0,0.0,37.13591076608689,0.545204739900665,0.33313843421164185,0.17829739022675958,-34.690085972163686,35.17672404163052,30.232556076421105,20.844988092524627,-69.7674439235789,-7.932794234331915,-24.833335876464844,-11.615663248068376,-10.022493742520782,-1.5931695055475945,5.957066809494982,10.65069493393199,-4.693628124437007,21.650152233101956,4.883717381676966,4.7682096981834565,374.73682604337995
2020-10-07 00:00:00+05:30,23.649999618530273,23.649999618530273,22.649999618530273,23.649999618530273,20008510,0.0,0.0,-77261732.52243489,-72876443,-0.32448913644216876,-2902666.281896377,2.998725949457139,-1.4174830510397352,-3032994.1193585275,22.44440004286155,9.040624421569689,2553.7985406395633,25.694999790191652,34.01274613361621,17.377253446767092,64.742139804178,0.3770700567661566,0.0,0.0,22.111666425069174,23.1116668065389,21.11166604359945,9.045002418596289,1.2691663033168914,1.0,0.0,18.649999618530273,33.20000076293945,25.925000190734863,56.62580760153668,0.3436425846551389,1.414444765639125,29.457059157497863,-2.809187876077136,-2.7798188438825093,-0.0293690321946265,22.724999745686848,26.815384498009315,23.361389410538454,26.17057728661559,0.7885118271032101,1.1592688611098854,-0.37075703400667526,-1.3431306893711852,21.609937826992187,1.4050005912780748,-308.63461082984276,-246.47389468012932,-62.16071614971344,21.175000190734863,25.925000190734863,23.550000190734863,31.47499942779541,50.02593669682086,31.70327634066843,27.191230095341822,46.74272704752108,-44.566715507675504,34.92500019073486,41.97500038146973,40.0,88.0,-48.0,18.649999618530273,24.174000555409854,1.0,0.0,41.299800169439834,0.8713720599182361,0.5732455719605037,0.35259584236118857,-32.267667204488106,45.0937148627418,44.0528619555213,31.291015993023393,-55.9471380444787,-7.182206064112044,-17.01754519813939,-10.734145622052587,-10.164824118427143,-0.569321503625444,6.852001361584363,9.890956219462465,-3.0389548578781023,21.720297993206565,4.878050637189801,4.762806669269226,397.89472881116365
2020-10-08 00:00:00+05:30,24.0,24.799999237060547,23.649999618530273,24.799999237060547,40658538,0.0,0.0,-36603194.52243489,-32217905,-0.13149893665342202,4191615.0712314807,3.0405652327563373,-1.2002998201285684,-1055941.098462774,22.699882037886056,22.70045526233386,2553.7985406395633,25.564999771118163,33.85331109060962,17.2766884516267,64.8410826809794,0.45385063949887006,0.0,0.0,22.061666361490886,23.051666704813638,21.07166601816813,8.974846478966073,1.8829959221927912,1.0,0.0,18.649999618530273,33.20000076293945,25.925000190734863,56.913754252589186,0.42268035290797235,1.3880002509282399,29.548627171929418,-2.4863389874143884,-2.7211228725888854,0.234783885174497,22.533332983652752,26.609615252568172,23.582713999234162,26.06905298664855,0.8373334071180405,1.10133329237197,-0.2639998852539296,-1.3463739808774484,21.581298370663443,0.18500022888183665,-303.1282933940299,-262.7566951704455,-40.37159822358444,21.72499942779541,25.925000190734863,23.824999809265137,31.47499942779541,75.01296834841042,30.660895253200493,31.24315969520095,44.14141625007182,-21.67518960906778,34.38749933242798,41.97500038146973,36.0,84.0,-48.0,18.749999618530275,24.174000555409854,0.0,0.0,45.373503947684284,1.0,0.8055255999396337,0.5706365353705931,-28.966623293613925,56.10039998343927,62.43654193252556,45.573986654822654,-37.56345806747444,-6.049264958325555,-8.487088974293375,-9.537511733501729,-10.03936164144206,0.5018499079403309,15.866621630780314,11.086089301726036,4.780532329054278,21.741120406552984,4.8625777466365205,4.748052359910471,422.10524709601145
2020-10-09 00:00:00+05:30,24.049999237060547,24.399999618530273,23.600000381469727,23.600000381469727,10273343,0.0,0.0,-46876537.52243489,-42491248,-0.15853662586720177,1831670.0834709888,-1.7521012447008508,-1.3254499090357719,-1553037.8816219156,22.665666480126685,22.243401273432738,2430.2277575567405,25.30749979019165,33.50349142005377,17.111508160329528,64.77124724140957,0.39583326302453486,0.0,0.0,22.118333117167154,23.188333384195964,21.048332850138344,9.675234217340988,1.192367707728188,1.0,0.0,18.649999618530273,33.20000076293945,25.925000190734863,57.4928430901273,0.3402062112442847,1.3692001113944978,29.507976615114377,-2.300786758424728,-2.637055649756054,0.3362688913313261,22.354166348775227,26.299999897296612,23.58537344265502,25.886160201079747,0.8102982338160976,1.1029809942298836,-0.29268276041378605,-1.335184457135738,21.60667767511773,-0.807499790191649,-296.26362449443616,-275.53330613622677,-20.730318358209388,21.72499942779541,25.925000190734863,23.824999809265137,31.47499942779541,87.50648417420521,29.7133648724753,29.404267054533285,41.78860100522336,-28.314578564044982,34.34999942779541,41.97500038146973,32.0,80.0,-48.0,18.991999603271484,24.174000555409854,0.0,0.0,42.09098827766577,0.8428541543624606,0.9047420714268988,0.761171081109012,-27.073694037636486,57.44465819123178,58.579885396572735,55.023096428206536,-41.420114603427265,-4.879706062990074,-8.349513081670965,-8.888095957656784,-9.809108504685005,0.9210125470282211,10.285312156846265,10.925933872750083,-0.6406217159038174,21.753688663425848,-4.838705211722627,-4.959689421171287,396.84211329409953
2020-10-12 00:00:00+05:30,22.450000762939453,22.450000762939453,22.450000762939453,22.450000762939453,990019,0.0,0.0,-46876537.52243489,-43481267,-0.15829213030484818,1407357.0040697444,-0.0,-1.3254499090357719,-1601280.3161106738,22.610808021940777,22.494930781180614,2311.805683448372,24.92249984741211,32.89272432315096,16.952275371673263,63.96007242079656,0.34489150261709195,0.0,0.0,22.096666526794433,23.011666679382323,21.181666374206543,8.281793559027196,0.6930787853672412,0.0,0.0,18.649999618530273,33.20000076293945,25.925000190734863,58.38098599053665,0.26116844299145126,1.3472800621080754,29.297418343760338,-2.220929149629839,-2.5538303497308115,0.33290120010097235,22.183333079020183,25.926922944875862,23.410700722698778,25.631629872328617,0.8076924407068801,1.1483515637060113,-0.34065912299913126,-1.3199179238378806,21.554483337384855,-1.6225006103515618,-290.73868621842075,-284.91595963865177,-5.8227265797689824,21.72499942779541,25.925000190734863,23.824999809265137,31.47499942779541,93.7532420871026,29.29737133985112,27.72041949408075,45.12210093589999,-51.28203225282071,34.34999942779541,41.97500038146973,28.000000000000004,76.0,-48.0,19.224319588623047,24.174000555409854,0.0,0.0,39.16668223572006,0.7028570935527148,0.8485704159717251,0.8529460291127524,-26.30891050711486,57.144392667196655,53.52114000341174,58.17918911083668,-46.47885999658826,-4.369117742426255,-8.367343824736926,-8.664798768912892,-9.580246557530582,0.9154477886176906,1.2626500257451105,8.993277103349088,-7.730627077603978,21.758396567888997,-4.872879660769969,-4.995608002333274,372.6315950092516
2020-10-13 00:00:00+05:30,21.600000381469727,22.950000762939453,21.350000381469727,21.450000762939453,28871306,0.0,0.0,-72138917.36595842,-72352573,-0.21541496912319666,-2918166.282225933,-1.662551807032117,-1.444203609538066,-2887307.2657248955,22.530066228626737,20.68942591151685,2311.805683448372,24.41249990463257,31.885376042464628,16.93962376680051,61.221719750331594,0.3017832032103934,0.0,0.0,22.081666564941408,22.966666793823244,21.19666633605957,8.015701408035316,0.14312675783144135,0.0,0.0,18.649999618530273,33.20000076293945,25.925000190734863,59.60061935995395,0.19243992606042348,1.3725520940442404,28.903369661332512,-2.2128249928859205,-2.4856292783618334,0.27280428547591296,22.02916653951009,25.571153714106632,23.109054575043498,25.321879567929418,0.7506776255632235,1.1192411131264335,-0.36856348756321,-1.3071328149080723,21.675990911327084,-2.262500286102295,-287.3082300269486,-290.93748322443656,3.6292531974879694,21.72499942779541,25.925000190734863,23.824999809265137,31.47499942779541,89.99140971340256,29.318364701887138,25.529893133623567,46.989228237991284,-58.1833906343133,34.34999942779541,41.97500038146973,24.0,72.0,-48.0,19.447346774560547,24.174000555409854,0.0,0.0,36.7741213908597,0.58831659017022,0.7113426126951317,0.8215517000312519,-26.362622580443883,45.44876269483639,39.436633717892406,50.5125530392923,-60.563366282107594,-4.088088102901686,-7.939907874239414,-8.738786498647203,-9.411954545753908,0.6731680471067047,6.774663468727081,8.549554376424688,-1.774890907697607,21.75675325716008,-4.454342833033675,-4.556596722990491,351.57896343030427
2020-10-14 00:00:00+05:30,21.5,22.5,21.049999237060547,22.5,14908641,0.0,0.0,-57230276.36595842,-57443932,-0.26789528606922236,-264990.8596780016,-3.6472249142680497,-1.5890105293843135,-2157514.2065723697,22.10580099905914,28.64676926465036,2424.9709103721393,23.877499866485596,30.20098581319299,17.554013919778203,52.96606413624588,0.3910806572439009,0.0,0.0,22.181666564941406,23.071666717529297,21.291666412353514,8.024646389686115,0.678838977798466,0.0,0.0,18.649999618530273,31.549999237060547,25.09999942779541,54.02575516977254,0.29844965079994057,1.3802969609337616,28.151357314263755,-2.097497580595846,-2.408002938808636,0.31050535821279013,22.0583332379659,25.288461391742413,23.015353871190655,25.1128514517865,0.8042896007178584,1.1420911062037091,-0.33780150548585075,-1.28738413142824,21.899456785892724,-2.27749948501587,-278.5288183462562,-293.26638809211295,14.737569745856774,21.72499942779541,25.925000190734863,23.824999809265137,31.47499942779541,94.99570485670128,29.44613395761723,23.701938627925774,45.10616909394639,-51.76661604214608,34.25,41.97500038146973,20.0,68.0,-48.0,19.661452873060547,24.174000555409854,0.0,0.0,40.85925851300581,0.7838868150037043,0.6916868329088796,0.750533287191912,-25.195665823214767,49.29218145190627,62.60163610204905,51.8531366077844,-37.39836389795095,-3.9785292569328767,1.580137189604838,-8.352287611077443,-9.200021158818615,0.8477335477411714,4.678059122442734,7.775255325628297,-3.097196203185563,21.77945516571109,4.895101164167315,4.779062826807623,373.6842105263157
2020-10-15 00:00:00+05:30,22.799999237060547,23.600000381469727,22.0,22.950000762939453,22700904,0.0,0.0,-52973841.64381971,-34743028,-0.24102212027483416,1232211.2801924676,7.224387656694341,-1.072982839620432,-1703495.3568205805,22.15300659744099,34.217033057711404,2424.9709103721393,23.44749994277954,28.70539651648449,18.18960336907459,44.8482489522221,0.45269028471117995,0.0,0.0,22.47666664123535,23.4216667175293,21.531666564941407,8.408720842620523,0.7504413140157611,0.0,0.0,18.649999618530273,30.0,24.324999809265137,48.40601517930641,0.37885471364648243,1.4022673029873582,27.073236704515864,-1.9473407428053626,-2.3158704996079815,0.3685297568026189,22.170833269755047,25.06346145043006,23.005299546844316,24.95264028964968,0.858267799314516,1.0157479889239631,-0.1574801896094471,-1.2583394197214457,22.254426258750723,-2.8975007057189934,-263.08636723745894,-291.6143720228254,28.528004785366477,22.924999237060547,25.925000190734863,24.424999713897705,31.47499942779541,97.49785242835064,28.83102474861086,27.23430180451173,41.56925008923662,-21.578633877953163,33.97499942779541,41.97500038146973,16.0,64.0,-48.0,19.866994727620547,24.174000555409854,0.0,0.0,42.57181845022436,0.8658732262179005,0.7460255437972748,0.716351663133762,-23.73333322152406,48.239471276864904,69.91872213216159,57.31899731736768,-30.08127786783841,-3.939999664531033,6.250001655684548,-7.80414705698746,-8.920846338452385,1.1166992814649257,6.4031572252324445,7.500835705549127,-1.0976784803166826,21.863040008378924,2.000003390842009,1.9802660539728567,383.15791079872537
2020-10-16 00:00:00+05:30,23.100000381469727,23.549999237060547,22.149999618530273,23.200000762939453,11725451,0.0,0.0,-47111092.18182433,-23017577,-0.21870727730716596,1474947.2044506865,0.5969826901461643,-0.934883384780841,-1575767.1366658474,22.107025160031416,42.576923197354624,2451.386714617864,23.107499980926512,27.421231109818017,18.793768852035008,37.336199350446066,0.5107216675366495,0.0,0.0,22.784999974568684,23.684999974568683,21.884999974568682,7.8999341760327315,0.7305559935393169,0.0,0.0,18.649999618530273,28.5,23.574999809265137,42.626854439468374,0.4619290323042881,1.4020405345416498,25.62824638932461,-1.7875615594332714,-2.2102087115730393,0.4226471521397679,22.391666730244953,24.90192303290734,23.035253580089723,24.822815139522994,0.9259259520898282,1.0396826373967054,-0.11375668530687721,-1.220073191959735,22.732493266242454,-3.5575007438659654,-246.31537101505475,-286.3956560297863,40.08028501473157,22.924999237060547,25.925000190734863,24.424999713897705,31.47499942779541,98.74892621417533,28.259851911676375,25.36043634075294,38.7090635988428,-7.541009694528096,33.39999961853027,41.97500038146973,12.0,60.0,-48.0,20.064314907998146,24.174000555409854,0.0,0.0,43.54981168785327,0.9126932843089326,0.8541511085101791,0.763954495072111,-22.24782945440482,49.02506230713044,73.98376303471282,68.83470708964116,-26.016236965287185,-3.8494115268482894,12.895385032909424,-7.201284581888974,-8.576933987139704,1.37564940525073,2.844910845304588,6.569650733500219,-3.724739888195631,21.93843666463728,1.0893245825233766,1.0834341807482328,388.42106869346213
2020-10-19 00:00:00+05:30,23.700000762939453,23.700000762939453,22.600000381469727,22.799999237060547,6377452,0.0,0.0,-51169484.801351756,-29395029,-0.22782572382317795,899813.2422120911,5.174501874595876,-0.39352523533971046,-1685723.6214645258,22.14059203957214,53.0994071667323,2409.121266595431,22.82249994277954,26.35612077922289,19.28887910633619,30.966115415075716,0.49681619693220386,0.0,0.0,22.938333320617676,23.94833335876465,21.928333282470703,8.806219911706963,0.4315177830037866,0.0,0.0,18.649999618530273,27.100000381469727,22.875,37.024869248001984,0.4911241708677239,1.3718365192344575,23.963585202486765,-1.6739163202866933,-2.10295023331577,0.4290339130290768,22.66250006357829,24.67307684971736,22.99906060423908,24.672976924525774,0.9917127293059549,1.0082872706940451,-0.016574541388090225,-1.177631322021252,23.245032286991698,-2.3224999427795403,-230.82040735310576,-278.3138232128393,47.49341585973352,22.924999237060547,25.925000190734863,24.424999713897705,31.47499942779541,99.37446310708768,27.623834778513345,24.7154220135786,36.57941236002623,8.290480099281933,33.39999961853027,41.97500038146973,8.0,56.00000000000001,-48.00000000000001,20.25374228116064,24.174000555409854,0.0,0.0,42.30832257099026,0.8532587296162694,0.8772750800477008,0.8258172441183849,-21.322006900666253,44.079267774074424,67.47967277959019,70.4607193154882,-32.52032722040981,-3.4167645117815795,16.624041569469934,-6.78441164763853,-8.21842951923947,1.4340178716009397,-2.7221557815919786,4.71128943048178,-7.433445212073758,21.95872912049289,-1.7241444513996895,-1.7391809059447372,379.99998393811677
2020-10-20 00:00:00+05:30,22.299999237060547,22.649999618530273,21.700000762939453,21.899999618530273,9338507,0.0,0.0,-56576006.616453156,-38733536,-0.23835251006587274,-429396.1834813915,-9.918600977617231,-0.3665766906115867,-2054348.7538715852,22.207910388987404,54.073133738834,2409.121266595431,22.562499904632567,25.51662845726023,19.608371352004905,26.18618118660792,0.3878687446568621,0.0,0.0,22.891666730244953,23.996666653951007,21.786666806538896,9.6541674900946,0.05128181892143057,0.0,0.0,18.649999618530273,25.75,22.199999809265137,31.468145868055796,0.4577464542793782,1.344652714723121,21.91622517539119,-1.637596899410319,-2.00987956653468,0.37228266712436087,22.77916669845581,24.355769157409668,22.829974298745416,24.467571198155735,0.9775282175097613,0.9859551627322063,-0.008426945222445026,-1.1384279601227207,23.765177072909903,-1.062499904632567,-218.4138836968484,-268.28929797583993,49.87541427899154,22.924999237060547,25.925000190734863,24.424999713897705,31.47499942779541,99.68723155354384,27.455425537900084,23.332970873594665,39.109836373585054,-33.17972095497807,33.0625,41.97500038146973,4.0,52.0,-48.0,20.435592559396635,24.174000555409854,0.0,0.0,39.57469366650079,0.7223900700150813,0.8294473613134277,0.8536245166237691,-21.253184839656054,46.240060774481016,52.84553173316594,64.76965584915632,-47.15446826683406,-3.1647057757658104,6.829266431854992,-6.692927900966951,-7.913329195584966,1.2204012946180152,-5.899953763382699,2.589040791708884,-8.488994555091583,21.958021534187928,-3.947366880027603,-4.027388309439184,361.0526235480058
2020-10-21 00:00:00+05:30,21.899999618530273,22.600000381469727,21.399999618530273,21.850000381469727,10059927,0.0,0.0,-59090980.37154657,-48793463,-0.23979444013718224,-439909.3965390208,-2.0874938992736802,-0.18751421986518907,-2077316.2736727824,22.485863296662814,57.60277326106374,2409.121266595431,22.367499923706056,24.945149100322734,19.78985074708938,23.048165288108684,0.3996179257187397,0.0,0.0,22.755000114440918,23.880000114440918,21.630000114440918,9.887936667475959,0.09777789645724827,0.0,0.0,18.649999618530273,25.75,22.199999809265137,31.742485327762694,0.45070430859287375,1.3301875195447543,19.227192019166583,-1.5944679828833976,-1.9267972498044235,0.3323292669210258,22.80833339691162,23.978846109830418,22.679209080703004,24.2736770635864,1.0167131567429455,0.9136490620678912,0.10306409467505429,-1.101479162382303,24.110396837006583,0.18249931335449077,-205.51107312906987,-257.4429401686222,51.931867039552344,22.72499942779541,25.925000190734863,24.324999809265137,29.27500057220459,99.84361577677191,27.435889612417636,21.89422074375401,38.239805091114086,-33.681754112038526,31.96250057220459,41.97500038146973,0.0,48.0,-48.0,20.61016882650319,24.174000555409854,0.0,0.0,39.422301913058895,0.6433531448945157,0.7396673148419555,0.8154632520676947,-21.23583330711749,49.10195267655475,52.03253595817603,57.45258015697738,-47.96746404182397,-2.8799998283386223,1.627908751021984,-6.568712184423439,-7.644405793352661,1.075693608929222,-8.10632483489133,0.4499676663888412,-8.556292501280172,21.953387089045794,-0.22830702251812607,-0.22856804035780165,360.0000080309417
2020-10-22 00:00:00+05:30,21.75,22.25,21.450000762939453,22.100000381469727,6634973,0.0,0.0,-54944118.29179071,-42158490,-0.12074821553148185,-140101.87560487504,-1.8085918417993836,-0.13152866293153317,-2001401.252114855,22.969071852841083,65.2644007475937,2436.6855826656324,22.24749994277954,24.633181225340937,19.861818660218145,21.44673593614884,0.4690864906414802,0.0,0.0,22.506666882832846,23.59666684468587,21.416666920979814,9.686018525332464,0.31345572679114025,0.0,0.0,18.649999618530273,24.799999237060547,21.72499942779541,27.64355381210492,0.5609757686072725,1.2771686912963336,16.541775092289264,-1.52256392597047,-1.845950585037633,0.323386659067163,22.770833492279053,23.551923018235428,22.59010005005173,24.1126639760222,1.0739646199195392,0.9230769578033481,0.1508876621161911,-1.0638501652078964,24.48325866428629,1.4024996757507324,-193.18680385691533,-245.98996009778648,52.80315624087115,22.375,25.09999942779541,23.737499713897705,29.27500057220459,99.92180788838596,27.417749110183937,20.966056522634506,36.61870063055543,-27.27564168509308,31.975000381469727,37.89999961853027,0.0,44.0,-44.0,20.777762042925485,24.174000555409854,0.0,0.0,40.65286803551426,0.620993600484462,0.6622456051313529,0.7437867604289119,-20.905439030639048,54.016645301371966,28.000030517578125,44.29269940297337,-71.99996948242188,-2.7560291963465104,-1.9955604027305451,-6.3143745854233195,-7.378399551766793,1.0640249663434735,-11.893198486636285,-2.018665564216184,-9.874532922420101,21.967220890469537,1.14416473974992,1.1376686784612566,365.2631659256785
2020-10-23 00:00:00+05:30,22.799999237060547,23.200000762939453,22.149999618530273,23.200000762939453,16503143,0.0,0.0,-38440975.29179071,-25655347,-0.07147983372909485,2473264.620260028,5.249004652421351,0.24340024081284906,-1179977.5741917263,22.968780946559622,67.9074826081631,2436.6855826656324,22.242500019073486,24.619741234138584,19.865258804008388,21.375665622358596,0.7013890592587062,0.0,0.0,22.405000241597495,23.52000039418538,21.290000089009602,9.953136715595846,0.8565024271506977,0.0,0.0,18.649999618530273,24.799999237060547,21.72499942779541,27.64976784649432,0.7398376303471281,1.2594518603136728,13.707459175651332,-1.361128364614089,-1.7489861409529244,0.38785777633883534,22.733333587646484,23.23076923076923,22.683930928957537,24.045059293571626,1.002941244118774,0.8647059120521446,0.1382353320666293,-1.017187468177026,24.924122081916266,2.5574992179870613,-175.82804502349094,-233.22211107612762,57.394066052636674,22.375,24.324999809265137,23.34999990463257,29.27500057220459,99.96090394419298,26.61922525832308,24.828873123596573,34.45575760104302,46.97275209629432,31.975000381469727,36.64999961853027,0.0,40.0,-40.0,20.938651530690887,24.174000555409854,0.0,0.0,45.863822588939605,1.0,0.7547822484596591,0.7188983894776557,-19.208577192914085,52.966643583179085,57.3333740234375,45.788646833063886,-42.6666259765625,-2.5483820129843338,-1.9027436061277425,-5.6607403125763245,-7.0348677039286995,1.374127391352375,-9.017548735952095,-3.4184421985633664,-5.599106537388729,21.979798984250454,4.977377205803335,4.857468577280466,388.42106869346213
2020-10-26 00:00:00+05:30,23.100000381469727,23.100000381469727,22.049999237060547,22.299999237060547,9439749,0.0,0.0,-43385610.619647235,-35095096,0.03577012850041861,906257.0310923276,-1.1123231664800348,0.16394858606427512,-1546175.34249031,22.94829816105847,64.7824519291793,2342.1588296325285,22.25,24.626973025287054,19.873026974712946,21.366049665501606,0.510517417852167,0.0,0.0,22.408333460489906,23.628333727518715,21.188333193461098,10.888808569186082,0.45560073782065763,0.0,0.0,18.649999618530273,24.799999237060547,21.72499942779541,27.640447723731565,0.5934959097448774,1.2485068268701962,11.705921326534902,-1.2909310708623813,-1.6573751269348158,0.36644405607243447,22.525000254313152,22.93461535527156,22.624864514819535,23.915795585681916,0.9912280926792949,0.8654971236402473,0.12573096903904757,-0.9710628032816072,25.419471396319324,1.3500003814697266,-161.09307431558136,-219.19820488597574,58.10513057039438,22.375,23.574999809265137,22.97499990463257,29.27500057220459,99.98045197209649,25.935534414209734,23.280670165750994,32.849489055336164,18.634346773861242,31.975000381469727,35.47500038146973,0.0,36.0,-36.0,21.093105438945674,24.174000555409854,0.0,0.0,42.57030909930199,0.6376653733861644,0.7528863246235421,0.7233047260715181,-18.596181754099682,47.811185557968884,33.333333333333336,39.555579291449654,-66.66666666666667,-2.433235112358542,-10.08064547140815,-5.397817798857778,-6.707457722914516,1.3096399240567376,-10.830306990274106,-4.900815156905515,-5.9294918333685915,21.981784236826087,-3.879316794319254,-3.9565667304044094,369.47366814864307
2020-10-27 00:00:00+05:30,22.25,22.799999237060547,21.450000762939453,22.149999618530273,9539268,0.0,0.0,-43032309.38912058,-44634364,0.16433334203359581,572379.3750708459,-6.368403276464376,-0.5051320729301187,-1610340.6613249418,22.87181814374391,58.1347816674428,2342.1588296325285,22.277499961853028,24.636414094621646,19.91858582908441,21.177548080421182,0.4729747807366965,0.0,0.0,22.430000050862628,23.625000127156575,21.234999974568684,10.655372925404764,0.3828450148719984,0.0,0.0,18.649999618530273,24.799999237060547,21.72499942779541,27.606327590893287,0.5691057263571717,1.258655991595286,10.63871644226321,-1.233187507482544,-1.5725376030443614,0.3393500955618174,22.40416685740153,22.690384571368877,22.55180837692888,23.784995884411423,0.9567724404258565,0.9423632172565926,0.014409223169263963,-0.9265712365893263,26.004636869887126,0.17250080108642507,-145.42213744320048,-204.4085736745251,58.9864362313246,22.550000190734863,22.875,22.71250009536743,28.425000190734863,99.99022598604824,25.648788788769846,21.579557918079825,33.69672470897028,-9.929086566395457,31.550000190734863,35.42500114440918,0.0,32.0,-32.0,21.241381190870268,24.174000555409854,0.0,0.0,42.02860051363621,0.578069510567241,0.738578294651135,0.7487489559114454,-18.224604104428675,44.876905039228696,29.333343505859375,40.000016954210075,-70.66665649414062,-2.232941044078153,-6.144070930091875,-5.18472869819065,-6.4029119179697425,1.2181832197790925,-12.182969232070313,-6.357245971938475,-5.825723260131838,21.98513580370466,-0.6726440522965893,-0.6749164984506173,366.3157814427426
2020-10-28 00:00:00+05:30,22.149999618530273,22.549999237060547,21.799999237060547,21.950000762939453,6530766,0.0,0.0,-46950742.415365696,-51165130,0.20456387043123675,304018.6463276624,0.5741964693790921,-0.6813012703142077,-1669308.8666805185,22.4578185465074,44.563379716603826,2321.0107892891524,22.347500038146972,24.57673202187522,20.118268054418724,19.950616220364424,0.4108438964385558,0.0,0.0,22.438333384195964,23.563333384195964,21.313333384195964,10.027482707716372,0.2829632794415507,0.0,0.0,18.649999618530273,24.799999237060547,21.72499942779541,27.519855053282388,0.5365855852195669,1.2077903924357574,10.229122264289227,-1.1898477296966696,-1.4959996283748231,0.3061518986781535,22.362500190734863,22.492307662963867,22.459222590161275,23.649070319857945,0.917404146722494,1.0235989116746735,-0.1061947649521795,-0.884882404586854,26.564121178763344,-0.8974992752075188,-134.00129253062389,-190.06578759598787,56.064495065363985,22.550000190734863,22.199999809265137,22.375,27.72499942779541,99.99511299302412,25.382524993718526,20.675679625212663,32.28530849179001,-18.22127859719782,31.050000190734863,35.42500114440918,0.0,28.000000000000004,-28.000000000000004,21.38372591271788,24.174000555409854,0.0,0.0,41.27444280627638,0.49510113889852897,0.570278674283978,0.6872477645195517,-18.1022292831186,44.52864835443595,26.86571413117433,29.844130323455676,-73.13428586882567,-2.0317647092482645,-2.22717141651684,-5.031266403303658,-6.128582815036525,1.0973164117328675,-15.191818105288144,-8.12416039860841,-7.067657706679734,21.984488446360125,-0.9029293861635312,-0.9070304989793332,362.105279219778
2020-10-29 00:00:00+05:30,21.5,21.75,21.200000762939453,21.399999618530273,5166504,0.0,0.0,-48359805.24898224,-56331634,0.3162883576014839,-145353.0335183757,-7.451824996520028,-1.0884243954441488,-1798765.951592896,22.333875607146997,46.251871886234376,2262.853224554556,22.44000005722046,24.32403813692626,20.55596197751466,16.791783198766773,0.22399696962266655,0.0,0.0,22.298333358764648,23.31833324432373,21.278333473205564,9.148664782681243,0.05964027400749276,0.0,0.0,18.649999618530273,24.799999237060547,21.72499942779541,27.40641534246077,0.4471544992806349,1.1620113531921816,9.849890874886754,-1.1862072802196195,-1.4340411587437825,0.24783387852416294,22.358333428700764,22.32499995598426,22.29626520991035,23.482472490129968,0.8999999075224905,1.0606060606060606,-0.16060615308357007,-0.8495037897566146,26.73217129426979,0.059999942779541016,-127.98527625274944,-176.91799928906505,48.93272303631561,22.450000762939453,22.199999809265137,22.325000286102295,27.65000057220459,99.99755649651206,25.491045266058904,19.7832976651734,34.34471109170588,-90.47044071091851,30.33750057220459,34.875,0.0,24.0,-24.0,21.38372591271788,24.799999237060547,0.0,1.0,39.19171607548442,0.2659707543670866,0.4463804679442855,0.5850791456264661,-18.535655945706253,46.73059509557778,13.207553959941384,23.135537198991695,-86.79244604005862,-1.892794132232666,-0.23310556005000188,-5.051458191713841,-5.913157890371989,0.861699698658148,-18.638881787149852,-10.2271046763167,-8.411777110833153,21.944670218021987,-2.5056998874360192,-2.537627007712384,350.5263077585321
2020-10-30 00:00:00+05:30,21.450000762939453,22.399999618530273,21.299999237060547,21.850000381469727,6963216,0.0,0.0,-48359793.17509505,-49368418,0.2048747766785541,323047.75877170754,5.923973836357161,-0.6652834071329232,-1652342.934379431,22.31272786295751,48.755942891863256,2262.853224554556,22.507500076293944,24.19518320844759,20.819816944140296,14.996628914209822,0.30520641514465346,0.0,0.0,22.186666679382324,23.17666664123535,21.196666717529297,8.924278497166192,0.3299665096539783,0.0,0.0,21.049999237060547,24.799999237060547,22.924999237060547,16.66111290586951,0.21333363850911458,1.1558102560199361,9.365237563893464,-1.1339395477712664,-1.3740208365492794,0.24008128877801305,22.304166793823242,22.223076893733097,22.227609082457946,23.361548630229212,0.9057748948407439,0.9726444477373745,-0.06686955289663055,-0.8148947366968673,27.037518283428238,0.44250068664550923,-121.75820910373301,-164.79997726135696,43.04176815762395,22.200000762939453,21.72499942779541,21.96250009536743,27.52500057220459,99.99877824825603,24.963943620136757,22.291958916615467,32.15278531158715,-71.0825791806558,29.65000057220459,34.39999961853027,36.0,20.0,16.0,21.38372591271788,24.727999267578124,0.0,0.0,41.780260770356236,0.5507485087137987,0.4372734673264714,0.4846442031849116,-18.24530096960815,49.21960081793039,30.188705047777255,23.420657712964324,-69.81129495222274,-1.813676632151882,-2.888887193467882,-4.853871486516007,-5.701300609600792,0.847429123084785,-20.1327310617256,-12.20822995339848,-7.924501108327121,21.939716949017303,2.102807340939372,2.0810034798050214,360.0000080309417
2020-11-02 00:00:00+05:30,21.850000381469727,22.25,21.399999618530273,21.5,6323296,0.0,0.0,-53195249.81424056,-55691714,0.18081408041791278,-39267.06564510724,-0.3360539390743382,-0.5705335594216533,-1753631.5372859507,22.36663136193831,56.35017883261234,2226.606108857672,22.507500076293944,24.19518320844759,20.819816944140296,14.996628914209822,0.20151385141585323,0.0,0.0,22.05499998728434,23.019999949137368,21.090000025431316,8.750849806478262,0.21243522838145418,0.0,0.0,21.049999237060547,24.799999237060547,22.924999237060547,16.66111290586951,0.12000020345052083,1.1252292685649152,8.860560112498396,-1.1079869154828614,-1.320814052335996,0.21282713685313448,22.18333339691162,22.153846153846153,22.11566922361826,23.22365613910112,0.97770686166815,1.0127389014790091,-0.03503203981085912,-0.7835222896043949,26.95336441904501,0.6925006866455092,-116.20033401925525,-153.44291618606883,37.24258216681358,22.200000762939453,21.72499942779541,21.96250009536743,27.22499942779541,99.99938912412802,24.474492091780473,21.167738649935934,30.531267300868937,-88.48556087124962,28.899999618530273,33.79999923706055,32.0,16.0,16.0,21.38372591271788,24.65743929748535,0.0,0.0,40.34183159285971,0.17237667220328856,0.32969864509472463,0.4044508601218271,-18.363243554460524,45.345752482043785,16.981151087835872,20.125803365184836,-83.01884891216413,-1.674706049526442,-6.31808590299034,-4.770940926985954,-5.515228673077825,0.7442877460918709,-21.761749319190244,-14.118933826556834,-7.64281549263341,21.917600449787166,-1.6018323815067292,-1.6148003866550908,352.6315789473684
2020-11-03 00:00:00+05:30,21.0,21.700000762939453,20.899999618530273,21.149999618530273,5290128,0.0,0.0,-55179052.5439768,-60981842,0.16951499305021503,-298164.1731277607,-7.939321990670197,-0.8771119220218067,-1839749.9939382153,22.361430336541538,49.381428841073586,2190.358993160788,22.437500095367433,24.22548069595281,20.649519494782055,15.937431469511473,0.13995681037712687,0.0,0.0,21.971666653951008,22.921666844685873,21.021666463216146,8.647502310108386,0.06754375239380556,0.0,0.0,20.899999618530273,24.799999237060547,22.84999942779541,17.381613824864065,0.06410257037261281,1.0927064561493416,8.828530767814025,-1.1029472834028304,-1.277240698549363,0.17429341514653252,22.012499968210857,22.115384615384617,21.96710466898934,23.07005195239217,0.9634550762400775,1.0199335026078713,-0.056478426367793766,-0.7570453101135831,26.5529895710339,0.3624991416931138,-110.15047574349157,-142.84729425433795,32.696818510846384,22.050000190734863,21.72499942779541,21.887499809265137,27.22499942779541,99.99969456206401,24.36041735189259,20.138341303974784,32.085917852035095,-124.0920648321604,28.324999809265137,33.22499942779541,28.000000000000004,12.0,16.000000000000004,21.38372591271788,24.58829052679443,0.0,0.0,38.89956108813597,0.0,0.24104172697236237,0.33600461313118607,-18.836142243713205,37.78634018471722,8.928567779308954,18.69947463830736,-91.07143222069105,-1.5125001290265274,-8.836211538768257,-4.780861723583869,-5.368355283179034,0.5874935595951651,-23.86784068740227,-16.068715198725922,-7.799125488676349,21.895849162359664,-1.6279087510219892,-1.6413047677724002,345.26314986379526
2020-11-04 00:00:00+05:30,22.200000762939453,22.200000762939453,21.850000381469727,22.200000762939453,7735867,0.0,0.0,-47443185.5439768,-53245975,0.12633318179020742,904812.0234615204,3.2801806194457783,-1.1588409961109896,-1455699.4336781264,22.248852800647665,42.652863009454165,2190.358993160788,22.36500015258789,24.065911622683917,20.66408868249186,15.210475819283303,0.4514967731862256,0.0,0.0,21.98500003814697,22.850000190734864,21.119999885559082,7.869002966449832,0.6242778536797046,0.0,0.0,20.899999618530273,24.799999237060547,22.84999942779541,17.43795927530543,0.33333365937586656,1.0884359249753255,8.677284588989044,-1.0026688788470537,-1.2223263346089013,0.2196574557618476,21.96250009536743,22.13846155313345,22.00293483728936,23.005603716136413,0.9137929832467726,1.0344826225435162,-0.12068963929674359,-0.7252599210905276,26.042802705147132,-0.46500053405761577,-104.96690629306326,-133.0450834139099,28.078177120846647,22.050000190734863,21.72499942779541,21.887499809265137,27.22499942779541,99.999847281032,23.73683190059389,21.905796987617425,30.02226838368126,-32.0835037441349,27.512499809265137,32.82499980926514,24.0,8.0,16.0,21.38372591271788,24.440758890463865,0.0,0.0,45.22615914544572,0.9084377513078303,0.3602714745037063,0.3103372821902644,-17.562104628053454,46.102502187757686,46.42859332414628,24.112770730430366,-53.57140667585372,-1.262352842443132,-2.6315723429754274,-4.358368035974511,-5.166357833738131,0.8079897977636197,-23.382845366063005,-17.53154123219334,-5.8513041338696645,21.89913312215796,4.964544507552793,4.8452435788982395,367.3684371145148
2020-11-05 00:00:00+05:30,22.799999237060547,23.149999618530273,22.399999618530273,22.850000381469727,10455864,0.0,0.0,-45351991.47146703,-42790111,-0.04250531112050521,1746454.250310506,5.379749437676912,-0.8172147998587934,-1149559.461703435,22.226044262019933,41.96765736287042,2190.358993160788,22.26750020980835,23.577567311090853,20.957433108525848,11.766629293264327,0.7223169221985394,0.0,0.0,22.071666653951006,22.931666882832847,21.211666425069176,7.792798272693092,0.9525194885882169,0.0,0.0,20.899999618530273,24.399999618530273,22.649999618530273,15.71797447860055,0.557143075125558,1.074592218036875,8.51379745182194,-0.8608249298810335,-1.1500260536633278,0.28920112378229423,22.041666825612385,22.226923135610726,22.133252613317108,22.99407754319814,0.925266828549192,0.9786474713649976,-0.05338064281580568,-0.6845358032021408,25.62630951759241,-0.41749982833862376,-100.12051342258141,-124.63313545825329,24.512622035671882,22.024999618530273,21.72499942779541,21.874999523162842,27.22499942779541,99.999923640516,22.268384847462617,26.51112985710625,28.25180996204836,68.2931912545694,26.72499942779541,32.42499923706055,20.0,4.0,16.0,21.38372591271788,24.29912851958652,0.0,0.0,48.76301600636514,1.0,0.6361459171026101,0.4124863728595596,-15.463598484520633,47.32156109431013,69.64285592643631,41.66667234329718,-30.35714407356368,-0.789852983811322,4.337903102681462,-3.7436810772853697,-4.881822482447578,1.1381414051622087,-20.444376879852104,-18.114108361725094,-2.33026851812701,21.91859303367752,2.9279261089728337,2.885881078985575,381.052639609889
2020-11-06 00:00:00+05:30,22.600000381469727,22.850000381469727,21.799999237060547,22.299999237060547,6952806,0.0,0.0,-45683084.688561216,-49742917,0.005893367615901441,950667.7492868607,-6.7958219273241065,-1.6722379285673636,-1316913.9996909327,22.18740391596217,36.17206386736788,2137.636895445537,22.20250015258789,23.362015428885293,21.04298487629049,10.444907270159396,0.5420430357692192,0.0,0.0,22.01833324432373,22.878333473205565,21.15833301544189,7.811674202029286,0.6637592545196402,0.0,0.0,20.899999618530273,23.700000762939453,22.300000190734863,12.61119750102925,0.49999965940216906,1.0721331106741054,8.301459136384407,-0.7837583952892331,-1.076772521988509,0.29301412669927585,22.079166730244953,22.33269236637996,22.158905940046864,22.942664335336097,0.849999856948872,1.010714120767577,-0.1607142638187049,-0.6425100341565968,25.196674407111225,-0.10249977111816477,-98.99371096016117,-117.73320619653994,18.739495236378772,22.024999618530273,21.72499942779541,21.874999523162842,27.02500057220459,99.999961820258,21.376796236446403,24.772289357334117,30.146745336970948,17.255471089250204,25.75,31.924999237060547,16.0,0.0,16.0,21.38372591271788,24.16316336354427,0.0,0.0,46.0532031124027,0.7252673716839021,0.8779017076639107,0.6247730330900757,-14.380902069327384,50.09921106331723,60.86951834495295,58.98032253184518,-39.13048165504705,-0.5132352548487056,2.059491293979334,-3.416161191366493,-4.588690224231362,1.172529032864869,-20.899618389202026,-18.671210367220482,-2.2284080219815436,21.929452185942644,-2.4070071563552564,-2.43644897811901,369.47366814864307
2020-11-09 00:00:00+05:30,22.5,23.399999618530273,22.299999237060547,23.399999618530273,11908289,0.0,0.0,-33774795.688561216,-37834628,0.06138773314766185,2686161.276910416,4.849561348861803,-0.6173691909617184,-729509.3857534473,22.27983135469526,45.54918251017213,2137.636895445537,22.250000095367433,23.51885799973355,20.981142191001315,11.405464260023095,0.9531632420012168,0.0,0.0,22.073333231608075,22.938333384195964,21.208333079020182,7.837512744556835,1.2668590479164108,1.0,0.0,20.899999618530273,23.700000762939453,22.300000190734863,12.584274752394967,0.8928567779308955,1.0749198377536675,7.690718370597949,-0.6266975939357984,-0.9867575363779668,0.36005994244216843,22.1875,22.444230813246506,22.349843429044313,22.97654102298011,0.960714078436149,0.9071426644617723,0.0535714139743767,-0.5910990114204316,25.116859346024253,0.9500006675720201,-89.2181656998332,-111.48832044727692,22.270154747443726,22.149999618530273,22.84999942779541,22.499999523162842,26.574999809265137,99.999980910129,20.05393244206297,26.510459087679987,28.069650786673826,119.89404104270574,24.72499990463257,31.47499942779541,12.0,84.0,-72.0,21.38372591271788,24.03263681374371,0.0,0.0,51.81993847735417,1.0,0.9084224572279673,0.8074900273314961,-11.718336156067402,58.49330709831266,100.0,76.83745809046309,-0.0,-0.1832353030934044,5.882349387426085,-2.7275541314465195,-4.2164630056743935,1.488908874227874,-16.798885190457877,-18.29674533186796,1.497860141410083,21.980972815732212,4.932737305396984,4.814936180798934,392.6315709164268
2020-11-10 00:00:00+05:30,23.75,24.549999237060547,23.549999237060547,24.549999237060547,9003800,0.0,0.0,-24770995.688561216,-28830828,0.24472141082207835,3781619.175255053,13.327703961273425,0.48371637050593197,-287015.08087647875,22.455072869865415,53.79451323162157,2242.6916670008286,22.405000019073487,23.968297783434966,20.841702254712008,13.954900808128867,1.1860494740306795,1.0,0.0,22.28166650136312,23.1116668065389,21.45166619618734,7.450073854439955,1.866465001008062,1.0,0.0,20.899999618530273,24.549999237060547,22.72499942779541,16.291004755291276,1.0,1.082427815831328,7.002883720985619,-0.40476454531247796,-0.8703589381648691,0.4655943928523911,22.299999872843426,22.561538476210373,22.688328937969885,23.093093483282363,1.060931778596107,0.8315410868111448,0.2293906917849622,-0.5247454645495006,25.245855176340637,-0.10500078201294016,-71.3702001058998,-104.52931017786312,33.159110071963326,22.72499942779541,22.84999942779541,22.78749942779541,26.574999809265137,99.9999904550645,19.33170188003022,31.800811293803694,26.048977679713282,230.30109169439424,24.387499809265137,31.47499942779541,8.0,80.0,-72.0,20.899999618530273,24.03263681374371,1.0,0.0,56.99560987921593,1.0,0.9084224572279673,0.8982488740399485,-7.753124324541726,65.1562075890308,100.0,86.95650611498432,-0.0,0.41676452861112523,5.8189587488188,-1.7527515125052284,-3.7237207070405605,1.970969194535332,-15.835498364635988,-17.804495938421567,1.968997573785579,22.19750862742076,4.914528364434667,4.797581710203547,416.84208920127463
2020-11-11 00:00:00+05:30,25.75,25.75,24.700000762939453,25.75,32311412,0.0,0.0,7540416.311438784,3480584,0.30702638788638803,8780490.58616876,3.818311329677911,0.885638025611453,1292362.526317837,23.1393198609091,67.51288358479951,2242.6916670008286,22.567500019073485,24.706255469157025,20.428744568989945,18.954296650279538,1.2440074508757433,1.0,0.0,22.61166655222575,23.471666781107583,21.751666323343912,7.6066947732092975,2.324611984030914,1.0,0.0,20.899999618530273,25.75,23.324999809265137,21.491083980815898,1.0,1.0941851105421407,6.369775409529014,-0.13054611820431106,-0.7223963741727575,0.5918502559684464,22.58749993642171,22.684615428631123,23.159355255205284,23.289901373409595,1.125435317307622,0.7386759016871723,0.3867594156204496,-0.4399199714847012,25.324809892821055,-0.41750040054321147,-48.914633675943506,-95.74368322488469,46.829049548941185,23.324999809265137,23.324999809265137,23.324999809265137,26.574999809265137,99.99999522753225,19.450234443012864,36.904954153863216,24.09942804491421,275.7794089883013,24.387499809265137,31.47499942779541,100.0,76.0,24.0,20.972999610900878,24.03263681374371,0.0,0.0,61.62778266006026,1.0,1.0,0.9389483048186449,-2.7791888550312414,72.3694717975999,100.0,100.0,-0.0,1.0538233027738677,15.470855968487522,-0.5605267111751593,-3.0910819078674807,2.5305551966923217,2.171952032320806,-13.809206344273093,15.9811583765939,22.693695146696417,4.887986966321112,4.772280394617923,442.1052631578948
2020-11-12 00:00:00+05:30,25.399999618530273,25.649999618530273,24.5,24.549999237060547,19013292,0.0,0.0,-9819570.628818061,-15532708,0.20819944321448994,4266711.2301459955,-0.9072631967920182,0.44590460781049807,406305.6367648046,23.400179770964186,54.62742017198515,2138.177814129413,22.64749994277954,24.950861440708685,20.344138444850394,20.34097806600063,0.9129832195231758,0.0,0.0,22.956666501363117,23.876666768391928,22.036666234334312,8.01510329885378,1.3659414528449996,1.0,0.0,20.899999618530273,25.75,23.324999809265137,21.415168975487735,0.7525771817412086,1.1097665994879267,6.2571715876802285,-0.009941472719241062,-0.5799053938820542,0.5699639211628131,22.78749990463257,22.719230798574593,23.373300483183016,23.383241955902257,1.058620437458844,0.8103447459399136,0.24827569151893036,-0.35510034968242066,25.355834625565972,-0.6974991798400865,-30.577265088054357,-85.61246722314262,55.035202135088255,23.324999809265137,23.324999809265137,23.324999809265137,25.925000190734863,99.99999761376613,19.374098714907714,34.04651196791873,23.472098384955384,185.20781181451397,23.550000190734863,31.47499942779541,96.0,72.0,24.0,21.164079626464844,24.03263681374371,0.0,0.0,55.22204529645153,0.7181593226140666,0.9060531075380222,0.9381585215886631,-0.5226820444342368,65.46262771317348,75.25771817412085,91.75257272470695,-24.74228182587914,1.4616174417383547,10.835212911346865,-0.04251537377917648,-2.4813686010498204,2.438853227270644,5.867678846128502,-9.873829306192775,15.741508152321277,22.860918568526216,-4.660197137628941,-4.772280394617923,416.84208920127463
2020-11-13 00:00:00+05:30,25.75,25.75,25.0,25.75,35616122,0.0,0.0,25796551.37118194,20083414,0.31539306893913843,9762805.850545801,0.6317367821548552,0.570480318427276,2147217.038033831,23.883033501080007,67.42091305385281,2138.177814129413,22.77499990463257,25.440426534425146,20.109573274839992,23.406600579176416,1.0580720290918202,1.0,0.0,23.321666526794434,24.20666675567627,22.4366662979126,7.589511048578392,1.8719394605545314,1.0,0.0,20.899999618530273,25.75,23.324999809265137,21.295281676305112,1.0,1.1187900158330792,5.647447810213517,0.18038919611715798,-0.42784647588221175,0.6082356719993698,23.104166507720947,22.755769289456882,23.73894656269332,23.558557366576164,1.0756011227529996,0.773195714116422,0.3024054086365776,-0.26314247330178947,25.35302731353176,-1.3750002861022956,-11.230249560311231,-73.94912450548217,62.718874945170946,23.324999809265137,23.324999809265137,23.324999809265137,25.925000190734863,99.99999880688307,19.3702585369048,32.14016457332916,21.731900475662417,188.71708184820113,23.824999809265137,31.47499942779541,92.0,68.0,24.0,21.34751644140625,24.03263681374371,0.0,0.0,59.72980728962787,0.9164925700664182,0.8782172975601616,0.9280901350327279,2.9011464717610345,67.59203562432482,100.0,91.75257272470695,-0.0,1.9995586619657608,17.312068815398376,0.7657056130825998,-1.8319537582233363,2.597659371305936,16.840562361347025,-4.530950972684815,21.37151333403184,23.17817281903432,4.887986966321112,4.772280394617923,442.1052631578948
2020-11-14 00:00:00+05:30,26.299999237060547,26.450000762939453,25.149999618530273,25.399999618530273,6978162,0.0,0.0,21502295.470038265,13105252,0.3135579217639382,8019210.820188181,7.917568183849012,1.5909068513068034,2052368.1307733431,24.054178421348904,72.32177807105373,2109.115171387844,22.904999923706054,25.80584442233731,20.0041554250748,25.329356108217745,0.930047128689847,0.0,0.0,23.716666539510094,24.64666684468587,22.78666623433431,7.842588701295557,1.4050174874415837,1.0,0.0,20.899999618530273,26.450000762939453,23.675000190734863,24.230522431327664,0.8108106436217759,1.1369111286906892,4.885688188598206,0.29953269031769736,-0.28237064264222994,0.5819033329599272,23.43749984105428,22.825000029343826,23.994493186668237,23.69496049635054,1.127585788232558,0.7034480508812013,0.4241377373513566,-0.1726656265784842,25.579614871330996,-1.0549995422363274,9.981799155050778,-60.60109396119968,70.58289311625046,24.125,23.675000190734863,23.90000009536743,25.925000190734863,99.99999940344154,19.825266736490615,33.86817154710462,20.001831618738002,162.5980787645369,23.824999809265137,31.47499942779541,100.0,64.0,36.0,21.52361578375,24.03263681374371,0.0,0.0,57.89901293877492,0.8359409815904201,0.8235309580903016,0.8692671210628284,5.070807796817303,61.768672667859924,81.0810643621776,85.4462608454328,-18.918935637822408,2.4866176380830645,18.691589118237168,1.264119813003406,-1.212739043977988,2.476858856981394,10.499124852328944,-1.5249358076820632,12.024060660011006,23.422154864107146,-1.3592247824067094,-1.368546810374749,434.7368340743215
2020-11-17 00:00:00+05:30,24.25,24.5,24.149999618530273,24.149999618530273,3384277,0.0,0.0,18118018.470038265,9720975,0.33078136612078823,6269274.0958755845,-15.254386570082666,0.4602937770595351,1885819.063311397,24.13485560278772,73.43726373162328,2005.3201318669985,23.017499923706055,25.92821693684577,20.106782910566338,25.29133939643834,0.6945396425883772,0.0,0.0,24.018333180745444,24.903333409627276,23.133332951863604,7.36937257237572,0.5743877987190968,0.0,0.0,20.899999618530273,26.450000762939453,23.675000190734863,24.11209368004886,0.5855854648379493,1.1482200158216203,4.810009135325889,0.2897501551150654,-0.1679464830907709,0.4576966382058363,23.62916644414266,22.890384600712704,24.01841725310855,23.728667097993483,1.0599996973674657,0.7666665013631816,0.2933331960042841,-0.09724142766487828,25.46869825498156,-1.5174999237060547,28.669319208298027,-45.75262446104843,74.42194366934646,24.125,23.675000190734863,23.90000009536743,25.925000190734863,99.99999970172077,19.2681712506289,31.288845841924974,24.571160605224595,70.54037491032531,23.824999809265137,31.47499942779541,96.0,60.0,36.0,21.819198882501368,24.03263681374371,0.0,0.0,51.793151224018416,0.5672942819164363,0.7732426111910916,0.8249969556138517,4.966427385891389,56.11896845545929,58.55854648379493,79.87987028199085,-41.44145351620507,2.451176581663244,10.526312113985597,1.2210974763920346,-0.7259717399039834,1.947069216296018,3.003094880085453,-0.61932967012856,3.6224245502140127,23.467917843088923,-4.921259916429599,-5.046479470326393,408.4210446006374
2020-11-18 00:00:00+05:30,22.950000762939453,23.100000381469727,22.950000762939453,22.950000762939453,7153133,0.0,0.0,10964885.470038265,2567842,0.31428706880249446,4147413.308766369,-2.726069676723871,0.7978477284735465,1530384.2165421809,24.16888221271448,72.47227640199955,2005.3201318669985,23.07249994277954,25.934050870738904,20.210949014820176,24.804862369106875,0.4785956666639786,0.0,0.0,24.10999984741211,24.975,23.24499969482422,7.175447184258172,-0.17051958372619597,0.0,1.0,20.899999618530273,26.450000762939453,23.675000190734863,24.054615486719435,0.3693694994052854,1.1533978997985401,5.223227855065816,0.1830573751785245,-0.09774571143691181,0.2808030866154363,23.74999984105428,22.94807690840501,23.854045485390227,23.670988110211702,1.0938509073544873,0.7572815018594483,0.336569405495039,-0.04513917037336895,25.139840582205608,-1.9225003242492669,41.62127892701947,-30.00353642220389,71.62481534922335,24.125,23.675000190734863,23.90000009536743,25.925000190734863,99.99999985086038,18.021414073960248,29.005116890197048,30.076605746645203,-2.71463410536635,23.824999809265137,31.47499942779541,92.0,56.00000000000001,35.99999999999999,22.097046995327652,24.03263681374371,0.0,0.0,46.70146311288735,0.343269357880113,0.5821682071289898,0.7263139254701277,3.180316052221246,47.54819831378217,36.936949940528535,58.85885359550036,-63.063050059471465,1.924411891488468,6.7441895950672235,0.7733406578813381,-0.42610926034691915,1.1994499182282572,-1.1584695577032953,-0.7271576476435071,-0.4313119100597882,23.4616093722061,-4.968939439113129,-5.096639455263086,383.15791079872537
2020-11-19 00:00:00+05:30,22.049999237060547,23.350000381469727,22.049999237060547,22.25,23323354,0.0,0.0,-5182030.856244242,-20755512,0.20769472431596206,1222587.7511844672,-1.8114948808612412,0.24531424867223203,818995.7611364888,24.052349942700864,62.98804951115589,2005.3201318669985,23.079999923706055,25.932086680148505,20.227913167263605,24.7147899988769,0.35449251818318545,0.0,0.0,24.08499984741211,25.005000114440918,23.164999580383302,7.6396119813773655,-0.4972822363075743,0.0,1.0,20.899999618530273,26.450000762939453,23.675000190734863,24.046798798767032,0.2432432618198027,1.168058224259604,6.16926686286622,0.04153952519115123,-0.06988866411129921,0.11142818930245044,23.84166653951009,22.938461523789627,23.607269256868655,23.565729731677504,1.028753788797469,0.7859424188097417,0.24281136998772723,-0.01678739986250957,24.87563802978301,-0.8799991607666016,50.30039874361867,-13.415302010672791,63.71570075429146,24.25,23.675000190734863,23.96250009536743,25.925000190734863,49.99999992543019,17.50001707047468,26.7290446755505,33.149092314133924,-30.68138256001053,23.824999809265137,31.47499942779541,88.0,52.0,36.0,22.097046995327652,26.450000762939453,0.0,1.0,43.98504355227792,0.22375188696787196,0.3781051755881404,0.5778386646360739,0.826050263111371,40.09222590029998,24.32432618198027,39.939940868767906,-75.67567381801973,1.3575001267825861,5.200947523923247,0.1762709055230868,-0.30563322717291797,0.48190413269600474,5.289905016504945,0.4762548851861834,4.813650131318761,23.44924727012249,-3.050112155420237,-3.0975961137853503,368.42105263157896
2020-11-20 00:00:00+05:30,22.399999618530273,22.75,21.799999237060547,22.149999618530273,11081143,0.0,0.0,-8098118.777508954,-31836655,0.12957594253858096,889629.711426602,-3.64358176270745,0.009062261269866883,769192.6812659001,24.02402526752319,61.48487499635829,1996.3074227364086,23.027499866485595,25.907339083435716,20.147660649535474,25.01217443185364,0.3476477015121987,0.0,0.0,24.076666514078774,24.986666742960615,23.166666285196943,7.559187883004616,-0.5586079181078336,0.0,1.0,20.899999618530273,26.450000762939453,23.675000190734863,24.101622740585466,0.22522517878382664,1.146252478127589,6.941598805196217,-0.07778690651381837,-0.07146831259180304,-0.0063185939220153226,23.837499777475994,22.907692249004658,23.38307392789352,23.460860834407338,1.0063489860598902,0.8158729858859886,0.19047600017390165,-0.006418541492780923,24.643626911850003,-0.17749948501586843,57.572337151599484,2.8947538617086153,54.67758328989087,24.125,23.675000190734863,23.90000009536743,25.925000190734863,24.999999962715094,17.18436708984114,25.174385486886923,32.75164115061468,-46.53047330333439,24.424999713897705,31.47499942779541,84.0,48.0,36.0,22.097046995327652,26.362000732421876,0.0,0.0,43.594930769225705,0.2065876411065013,0.25786962865149543,0.40604767045620854,-1.163225218283186,35.52989245874654,22.522517878382665,27.927931333630482,-77.47748212161734,0.7147059440612793,-0.22523037248111852,-0.33156032535574004,-0.3108186468094824,-0.020741678546257636,3.0637259141603215,0.9937490909810112,2.06997682317931,23.442118344448065,-0.4494399167178753,-0.4504529343214436,366.3157814427426
2020-11-23 00:00:00+05:30,22.399999618530273,22.700000762939453,22.0,22.25,9530433,0.0,0.0,-10821107.054177746,-22306222,0.13900941777003575,898689.3148758975,0.5508730954685715,0.615504767422636,812219.6316941245,24.015812707013087,64.71915449733407,2005.3201318669985,23.02499990463257,25.90744655488667,20.14255325437847,25.037538868125324,0.3655656116715552,0.0,0.0,24.004999923706055,24.875000190734863,23.134999656677245,7.248492145752046,-0.5086203362325744,0.0,1.0,20.899999618530273,26.450000762939453,23.675000190734863,24.104239597814438,0.2432432618198027,1.1016273066087754,7.470280542851006,-0.16241257720230706,-0.08965716551390385,-0.07275541168840322,23.787499745686848,22.87115375812237,23.20875486206375,23.371167439266056,1.0511180227931132,0.7827475804711942,0.268370442321919,-0.0077030686452472935,24.444480707252374,-0.7250006675720222,61.73436087846499,17.684149526638038,44.05021135182695,24.125,23.675000190734863,23.90000009536743,25.925000190734863,12.499999981357547,16.89126353639571,24.06374324099968,31.30670592854305,-41.11536174815676,24.424999713897705,31.47499942779541,80.0,44.0,36.0,22.097046995327652,26.179520672607424,0.0,0.0,44.128584454689175,0.02959341587753554,0.15331098131730295,0.2630952618523129,-2.6237147532540916,37.65244944637506,9.67743258652797,18.84142554896363,-90.32256741347203,0.030588301490336534,-2.625822194542713,-0.6949271046230947,-0.3876403383722049,-0.3072867662508898,0.30911637223141625,0.8568225472310922,-0.5477061749996759,23.416544831573024,0.45146899860923906,0.4504529343214436,368.42105263157896
2020-11-24 00:00:00+05:30,22.25,22.549999237060547,21.899999618530273,22.100000381469727,9275128,0.0,0.0,-14388438.85406448,-31581350,0.12241127670160865,571552.889633704,-0.8760048616496295,0.3186343759158213,749690.837904486,24.00536771645425,60.607702221066205,1991.801154122678,23.02249994277954,25.908062871526454,20.136937014032625,25.067329229395025,0.3401525830333532,0.0,0.0,23.80166664123535,24.63666687011719,22.966666412353515,7.016317314815555,-0.5189615528874498,0.0,1.0,20.899999618530273,26.450000762939453,23.675000190734863,24.106857023360774,0.21621630909901338,1.0564645378009252,8.296367148710337,-0.23882966680165651,-0.11949166577145438,-0.11933800103020213,23.770833174387615,22.84423072521503,23.03817724966467,23.277006916466327,1.0295079892247962,0.845901777948654,0.1836062112761423,-0.01798661258511649,24.284827144206847,0.37749967575073384,60.39068997220656,29.829185487543597,30.56150448466296,24.125,23.675000190734863,23.90000009536743,25.925000190734863,6.2499999906787735,16.69427916816104,23.046960333683675,30.63394107651536,-48.90789368985958,24.424999713897705,31.47499942779541,76.0,40.0,36.0,22.097046995327652,26.00433981518555,0.0,0.0,43.46431030778106,0.0,0.07872701899467895,0.1633025429878258,-4.018785304083241,29.742983089422914,6.45163539709755,12.883861954002723,-93.54836460290245,-0.3622058868408189,-0.896855885351066,-1.0260325464469688,-0.5153187799871577,-0.5107137664598111,-2.1057914589114968,0.26429974600257444,-2.370091204914071,23.325799991136375,-0.674155588900105,-0.6764382827468829,365.2631659256785
2020-11-25 00:00:00+05:30,22.100000381469727,22.200000762939453,21.0,21.350000381469727,11633281,0.0,0.0,-19235636.188966077,-43214631,0.11591452686014792,-756520.4874568251,-6.447014667893356,-0.5261344887677694,354896.2406466659,23.92244923462095,55.400298998168,1991.801154122678,22.992499923706056,25.933974633701983,20.05102521371013,25.58638442758602,0.2208033887466936,0.0,0.0,23.413333320617674,24.2633337020874,22.563332939147948,7.26082330806968,-0.7137247136173404,0.0,1.0,20.899999618530273,26.450000762939453,23.675000190734863,24.138311026748937,0.08108120182871738,1.070818160314778,9.461645987563418,-0.35580796017093164,-0.16675492465134983,-0.1890530355195818,23.59999990463257,22.82307690840501,22.778457731480835,23.134265691651766,0.9483869189402971,0.919354868480977,0.029032050459320113,-0.040125501216786805,24.22032544587185,1.5574993133544908,49.7752183720622,38.75723920533432,11.017979166727876,23.725000381469727,23.675000190734863,23.700000286102295,25.925000190734863,3.1249999953393868,17.15562004206345,21.260886057556252,34.07217906906472,-83.82952239203284,24.424999713897705,31.47499942779541,72.0,36.0,36.0,22.097046995327652,25.83616619206055,0.0,0.0,40.20543383622558,0.0,0.009864471959178512,0.08063415742372014,-6.177752889809309,29.604752554458578,6.4220244490563,7.517030810893935,-93.5779755509437,-0.5700000706840989,-8.760680643076459,-1.5380127682173572,-0.7198575776331977,-0.8181551905841595,-2.5267248399385647,-0.2939051711856534,-2.2328196687529114,22.938032708088723,-3.393665099792742,-3.4525868242712754,349.4736922414679
2020-11-26 00:00:00+05:30,21.350000381469727,22.399999618530273,20.850000381469727,22.399999618530273,20505614,0.0,0.0,1269977.8110339232,-22709017,0.19505601643800857,2427393.732959588,0.18896966288709297,-0.027220803752683636,1363368.3095345602,23.77700029192766,61.11049314651364,1991.801154122678,23.042499923706053,25.906984754783938,20.17801509262817,24.862622029399784,0.3878506357923334,0.0,0.0,23.111666679382324,24.001667022705078,22.22166633605957,7.701740905745356,0.10018719869528832,0.0,0.0,20.850000381469727,26.450000762939453,23.65000057220459,24.30292025609801,0.2767855591920063,1.1187362679893549,10.02682790002871,-0.35964220574976835,-0.20533238087103353,-0.15430982487873482,23.420833269755047,22.84423072521503,22.720233406411516,23.079875612161285,0.9781248621642918,0.890625145286287,0.08749971687800484,-0.060377290433528095,24.33966338988021,2.7075000762939467,45.28363922591658,45.03656018158186,0.2470790443347184,23.65000057220459,23.65000057220459,23.65000057220459,25.925000190734863,1.5624999976696934,17.368299829975467,20.44759275614481,30.756603844869186,-65.32331213151147,24.324999809265137,29.27500057220459,68.0,100.0,-32.0,22.097046995327652,25.545996220536917,0.0,0.0,46.27834455913456,0.28348482105529943,0.09449494035176648,0.06102881043520798,-6.340591789318211,42.9429689053028,27.67855591920063,13.517405255118154,-72.32144408079937,-0.7151470913606524,-8.757636192854317,-1.558250190743078,-0.8875361002551737,-0.6707140904879042,2.630599824326201,0.2909958279167175,2.3396039964094837,22.90345415247694,4.918029125525791,4.800918428902801,371.5789393374794
2020-11-27 00:00:00+05:30,21.799999237060547,22.350000381469727,21.700000762939453,21.950000762939453,8225888,0.0,0.0,-628300.3215943754,-30934905,0.18666895673529701,1551817.458791324,3.1607556454072134,-0.14784978257086862,1198116.5126927383,23.749171219825886,60.372409222851026,1951.787392730548,23.04749994277954,25.903979103970943,20.19102078158814,24.787757182195342,0.3078930183088863,0.0,0.0,22.761666742960614,23.641667048136394,21.881666437784833,7.732301110576041,0.03882630764597859,0.0,0.0,20.850000381469727,26.450000762939453,23.65000057220459,24.29764788099773,0.19642862616752718,1.0768625267495016,10.77463675129676,-0.39444510223900764,-0.2431549251446284,-0.15129017709437925,23.104166666666668,22.838461509117714,22.601736076646585,22.996181178885593,0.9967947989055733,0.9230770077225601,0.07371779118301325,-0.0821769126249221,24.371743419150423,1.5024992942810051,36.05843762940405,47.933964456510004,-11.875526827105958,22.675000190734863,23.65000057220459,23.162500381469727,25.09999942779541,0.7812499988348467,17.565788204465196,19.523598293853837,29.366761433077404,-59.35419282059808,23.737499713897705,29.27500057220459,64.0,96.0,-32.0,22.097046995327652,25.170316553411542,0.0,0.0,44.20617529296952,0.1867554995786774,0.15674677354465893,0.08703539528520131,-7.0793586348155,45.44703289068037,19.64286261675272,17.914480995003213,-80.35713738324728,-0.7526468950159426,-14.757278590526395,-1.7152635003640317,-1.0530815802769453,-0.6621819200870864,-0.8381389328975213,0.06516887575386976,-0.903307808651391,22.719178976438897,-2.008923496670778,-2.029376755185419,362.105279219778
2020-12-01 00:00:00+05:30,21.950000762939453,22.200000762939453,21.5,21.649999618530273,9667767,0.0,0.0,-6152753.660191985,-40602672,0.18159917442404222,915794.7984095203,-1.2670999107545113,-1.1903357734300068,1065982.5234867674,23.637401353907634,56.02271321173836,1951.787392730548,23.054999923706056,25.895932590303413,20.2140672571087,24.644829112978645,0.25272199836073905,0.0,0.0,22.373333422342935,23.193333689371745,21.553333155314128,7.330157304230063,0.05894294618122928,0.0,0.0,20.850000381469727,26.450000762939453,23.65000057220459,24.289743656479416,0.14285699688659417,1.0391763503684968,11.584533416246867,-0.4411489431764508,-0.2827537287509929,-0.1583952144254579,22.862500031789143,22.77884608048659,22.45531508309023,22.89646402626668,0.9108909582252975,0.9966997210739315,-0.08580876284863392,-0.10646890121393078,24.356492071965178,2.695000076293944,22.430439113250756,47.240755557060304,-24.810316443809548,22.100000381469727,23.65000057220459,22.875000476837158,24.324999809265137,0.39062499941742335,17.906925134222572,18.617581372557733,29.329856632760492,-72.01293559892459,23.34999990463257,29.27500057220459,60.0,92.0,-32.0,22.097046995327652,24.8246912596562,0.0,0.0,42.829330814866864,0.1224840936079761,0.19757480474731767,0.14960550621458102,-8.088428050742433,45.84864692225217,14.285699688659417,20.535706074870916,-85.71430031134058,-0.8438233599943281,-11.81262610449474,-1.926712101354897,-1.2278076844925359,-0.698904416862361,-2.7671967364893133,-0.5013042466947669,-2.2658924897945463,22.514297433485982,-1.3667477630146752,-1.3761737450591838,355.78946565326885
2020-12-02 00:00:00+05:30,21.75,22.299999237060547,21.549999237060547,21.799999237060547,9421439,0.0,0.0,-9293233.32685865,-31181233,0.174353407927084,986854.4352090518,0.5970334435441893,-1.420427051010987,1131257.9175240342,23.23981304280258,49.73024661499447,1965.31013497167,23.08749990463257,25.85442482830709,20.32057498095805,23.96903029867975,0.2673408742398762,0.0,0.0,22.135000038146973,22.99500026702881,21.27499980926514,7.770501264059002,0.3052321442274537,0.0,0.0,20.850000381469727,26.450000762939453,23.65000057220459,24.255551292264744,0.1696426412280872,1.0102587153316471,12.288582204242264,-0.4607471516272881,-0.31835241332625197,-0.1423947383010361,22.53333330154419,22.75961531125582,22.354497260624125,22.815244412251413,0.8435372357852274,1.0612245824756212,-0.2176873466903938,-0.12995771107870802,24.27509161374341,2.3124997138977044,10.068772828423128,43.734921546105156,-33.66614871768203,22.100000381469727,23.65000057220459,22.875000476837158,23.574999809265137,0.19531249970871167,18.095486243592642,18.349003362152107,27.839190183234848,-69.23899751969587,22.97499990463257,29.27500057220459,56.00000000000001,88.0,-31.999999999999993,22.097046995327652,24.50671598940128,0.0,0.0,43.77231428708635,0.182688599937593,0.16397606437474885,0.17276588088890846,-8.675001446488857,44.12860841531076,16.96426412280872,16.964275476073613,-83.03573587719129,-0.9082351516274834,-15.33980878811438,-2.0194705930034846,-1.3861402661947257,-0.6333303268087589,-4.474684455461983,-1.2959802884482101,-3.1787041670137723,22.42660295045405,0.6928388968741039,0.6904497969170365,358.94735235916943
2020-12-03 00:00:00+05:30,21.899999618530273,22.399999618530273,21.649999618530273,22.100000381469727,12068273,0.0,0.0,-6879554.1738943765,-19112960,0.15163437133138433,1363088.903185245,0.6214666017440517,-1.3112320654012675,1297335.7082464972,22.981612402549104,58.76265580012646,1965.31013497167,23.08249988555908,25.856175001508397,20.308824769609764,24.032709885852434,0.322888502975756,0.0,0.0,22.039999961853027,22.960000228881835,21.11999969482422,8.348459787850727,0.5326089142400328,0.0,0.0,20.850000381469727,26.450000762939453,23.65000057220459,24.260805412039492,0.22321427050902024,0.9842328437984824,12.798816354026306,-0.446919478333875,-0.3440658263277766,-0.10285365200609842,22.25833336512248,22.75769226367657,22.315343894600375,22.76226337293425,0.8661971008037592,1.0563380981669175,-0.19014099736315826,-0.14915588442304417,24.24433804295295,1.0674997329711928,-2.4736423186139014,37.87113920585709,-40.34478152447099,21.800000190734863,23.65000057220459,22.725000381469727,22.875,13.454737634641036,18.136646845003803,18.088725680599023,26.394519119280446,-59.42029465449229,22.71250009536743,28.425000190734863,52.0,84.0,-32.0,22.097046995327652,24.214178740766755,0.0,0.0,45.70133717269523,0.2814893573710015,0.1955540169721902,0.18570162869808557,-8.661124345516217,46.63584947542122,22.321427050902024,17.857130287456716,-77.67857294909798,-0.8004411697387681,-12.992123175675447,-1.9634228416199162,-1.501596781279764,-0.4618260603401523,-4.030237783005128,-1.8428317873595939,-2.187405995645534,22.41470145515815,1.3761520867357158,1.3667690986960412,365.2631659256785
2020-12-04 00:00:00+05:30,22.399999618530273,22.649999618530273,21.850000381469727,22.299999237060547,13061517,0.0,0.0,-5246887.90472908,-6051443,0.14847411015716874,1541545.9816273595,1.3780951593456814,-1.2579207527447802,1415538.8035944211,22.343959605099343,51.42627966398671,1965.31013497167,23.054999828338623,25.848187771415084,20.261811885262162,24.23064813596871,0.36484966162955246,0.0,0.0,22.011666615804035,22.881666692097983,21.14166653951009,7.904899628720524,0.6657083884893196,0.0,0.0,20.850000381469727,26.450000762939453,23.65000057220459,24.289743756954394,0.2589283494316953,0.9658094831246888,13.20792819251636,-0.41503840703596495,-0.3582603424694143,-0.05677806456655066,22.104166666666668,22.77115374345046,22.312983178055788,22.728021585091753,0.873188416313358,1.0797103041737068,-0.20652188786034886,-0.1626999957053018,24.288283353387772,-0.10499906539916992,-12.32049061117113,30.10526945443813,-42.42576006560926,21.77500057220459,23.65000057220459,22.71250057220459,22.550000190734863,39.290534431291874,17.83415966488758,18.82914525895569,24.909634450068552,-44.69221584087406,22.375,27.72499942779541,48.0,80.0,-32.0,22.097046995327652,23.945044472022992,0.0,0.0,47.00660078719353,0.3843861613045839,0.28285470620439285,0.21412826251711062,-8.306995591955848,47.12354585027601,25.89283494316953,21.726175372293415,-74.10716505683047,-0.6577941277447863,-7.660457187130648,-1.8261088211400052,-1.5664991892518123,-0.25960963188819286,-2.9782180007817614,-2.0699090300440277,-0.9083089707377336,22.414090257361295,0.9049721816227319,0.9009018468760566,369.47366814864307
2020-12-07 00:00:00+05:30,22.299999237060547,24.5,22.100000381469727,24.5,42641218,0.0,0.0,37394330.09527092,36589775,0.2716692365317081,14722855.431775957,5.909775037899682,-1.401334548884018,5622297.339117719,22.525330418759392,60.81522579630566,1965.31013497167,23.164999866485594,26.003502776900273,20.326496956070915,24.506824319229434,0.7351591975854932,0.0,0.0,22.158333333333335,23.17333329518636,21.143333371480306,9.161338504878769,1.6535304210217017,1.0,0.0,20.850000381469727,26.450000762939453,23.65000057220459,24.174402822128368,0.6517856017667497,1.1092284966652473,13.20293162232283,-0.2098319409465823,-0.32857466216484793,0.11874272121826562,22.233333269755047,22.89038452735314,22.649447304508744,22.859279245455326,0.8892617677333183,0.9966444744300708,-0.10738270669675243,-0.15295659513280085,24.5728658315184,-0.9149998664855943,-13.455364465873155,21.750855527289453,-35.206219993162605,22.675000190734863,23.65000057220459,23.162500381469727,22.550000190734863,62.48405214117444,17.54110675169679,27.78867754783279,21.07851820411716,32.833099541898214,22.325000286102295,27.65000057220459,44.0,76.0,-32.0,20.850000381469727,23.945044472022992,1.0,0.0,58.752509736816855,1.0,0.5552918395585285,0.34456685424503714,-4.268832678918755,61.62839338702328,100.0,49.40475399802384,-0.0,-0.40720595752491917,6.753809087290078,-0.9179289455869402,-1.4367851405188379,0.5188561949318977,14.252797560204083,1.1946322880055946,13.058165272198488,22.621022838454714,9.865474610793946,9.408647329714048,415.7894736842105
2020-12-08 00:00:00+05:30,25.25,25.299999237060547,23.350000381469727,24.149999618530273,23471912,0.0,0.0,33181415.74905466,13117863,0.21097397217388852,11445993.490975985,8.515488994313971,0.29651370571574187,5286983.945084091,22.69106198930106,66.51840090404207,1937.2342453003882,23.202499866485596,26.07207713466396,20.33292259830723,24.735069795847906,0.665093960450516,0.0,0.0,22.353333282470704,23.493333053588866,21.213333511352538,10.199819031125374,1.2880117091152212,1.0,0.0,20.850000381469727,26.450000762939453,23.65000057220459,24.13533202755682,0.5892855379046347,1.1933055325578046,13.103641047595492,-0.07458665531349595,-0.2777770607945776,0.20319040548108164,22.391666571299236,22.978846036470852,22.8803015066659,22.954888161979397,1.0128205629809026,0.8782052630111756,0.134615299969727,-0.13059622095187984,24.934959466421052,-1.0525002479553223,-15.388054788549077,13.330994998316605,-28.719049786865682,23.074999809265137,23.65000057220459,23.362500190734863,22.550000190734863,80.45099437649999,17.894505455164776,29.358752326628725,18.578330945514573,58.077429945499595,21.96250009536743,27.52500057220459,40.0,72.0,-32.0,20.92300037384033,23.945044472022992,0.0,0.0,56.603022626555926,0.8841064153841952,0.7561641922295931,0.5314369126641715,-1.5942105748638504,55.15179117031738,74.15730529715856,66.68338008010936,-25.842694702841435,0.02455864513621364,8.539324128225948,-0.32492711263579666,-1.2144135349422296,0.8894864223064329,16.113875548631718,4.17848094013082,11.935394608500898,22.72313638088494,-1.4285729855907259,-1.438875324794786,408.4210446006374
2020-12-09 00:00:00+05:30,24.299999237060547,25.25,23.799999237060547,24.549999237060547,12104016,0.0,0.0,33598789.02280508,25221879,0.18213955045666974,10502508.961220035,2.395897989743184,0.6623685390348173,5487464.3533309465,22.784061873667877,70.7621702501159,1969.3209107813004,23.202499866485596,26.07207713466396,20.33292259830723,24.735069795847906,0.7347905709871958,0.0,0.0,22.588333257039388,23.80833314259847,21.368333371480308,10.80203547270477,1.3039615426366198,1.0,0.0,20.850000381469727,26.450000762939453,23.65000057220459,24.13533202755682,0.6607140363479317,1.2189750555959695,12.777314035465727,0.06413354266143756,-0.20939494010337456,0.2735284827648121,22.59166653951009,23.09615369943472,23.13717808057277,23.073044537911333,1.0504731367701308,0.8611988137134151,0.18927432305671565,-0.09703361085084383,25.256097087180123,-0.9524998664855957,-12.783561393005305,6.38001946886466,-19.163580861869967,23.074999809265137,23.65000057220459,23.362500190734863,22.550000190734863,90.22549718824999,18.222661394099333,26.812034718124327,16.966758286391386,70.40152235792644,21.96250009536743,27.22499942779541,36.0,68.0,-32.0,21.09808032836914,23.945044472022992,0.0,0.0,58.47291088549605,0.9849249093054128,0.9563437748965361,0.755933268894886,1.1962596197429385,56.74084169467109,83.14606308139324,85.76778945951726,-16.85393691860677,0.47029402676750465,10.835212911346865,0.2779587347307361,-0.9159390810076365,1.1938978157383726,12.140852485421467,5.770955249188949,6.369897236232518,22.892409143475174,1.6563131463710468,1.642745886083219,416.84208920127463
2020-12-10 00:00:00+05:30,24.299999237060547,24.799999237060547,23.799999237060547,24.049999237060547,7952647,0.0,0.0,29622465.52280508,17269232,0.07457415292287985,8434104.323902888,-2.8292514614282083,0.589671640422891,5325495.9776253635,22.86805350974904,75.9033270067127,1929.2125406798377,23.117499828338623,25.772923207515635,20.46207644916161,22.973274782265662,0.6755839419119166,0.0,0.0,22.85833314259847,24.05833295186361,21.658333333333335,10.499451572248141,0.9965276182801375,0.0,0.0,20.850000381469727,26.450000762939453,23.65000057220459,24.224074502230373,0.5714283281443236,1.1970775500363726,12.262124440086033,0.13220055198468472,-0.1410758416857627,0.2732763936704474,22.741666475931805,23.20769214630127,23.27761210464781,23.145411552663127,1.1093248132699465,0.9035370954182171,0.20578771785172933,-0.06141928326848617,25.555290923466504,-1.0174994468688965,-5.905816351096722,0.6923021825298483,-6.59811853362657,23.399999618530273,23.65000057220459,23.52500009536743,22.550000190734863,95.112748594125,18.527377623109995,25.189200937344893,15.93982285284658,60.230302725222515,21.887499809265137,27.22499942779541,32.0,64.0,-32.0,21.266157084716795,23.945044472022992,0.0,0.0,55.26723911057336,0.81208516938606,0.8937054980252227,0.8687378217171173,2.6293236074803454,56.51561256760697,71.91010513565539,76.40449117140238,-28.089894864344615,0.8532351606032442,8.089884211508076,0.5711739092817023,-0.6185164829497688,1.189690392231471,6.7325335861631945,5.963270916583799,0.7692626695793958,23.02628674005687,-2.0366599410936104,-2.0576858334850456,406.31577341180105
2020-12-11 00:00:00+05:30,24.200000762939453,24.649999618530273,23.899999618530273,24.0,8357092,0.0,0.0,23493939.89074535,8912140,0.11670425139986701,7169539.674196076,-0.22435691623001253,0.8339019865998508,5308121.830544273,22.95912912334812,76.64279239677612,1929.2125406798377,23.089999866485595,25.696453152173053,20.483546580798137,22.576468607699233,0.674566745260963,0.0,0.0,23.088333129882812,24.208333015441895,21.96833324432373,9.70186872528694,0.9069941800315905,0.0,0.0,20.850000381469727,26.450000762939453,23.65000057220459,24.252925135776852,0.5624998935631416,1.1523697950327354,11.694315035853258,0.18003430331875947,-0.07685381268485827,0.2568881160036177,22.899999777475994,23.276922886188213,23.388748703932766,23.208714400614006,1.1335505764293934,0.8729642313073602,0.26058634512203316,-0.026264543943945725,25.733553453621564,-1.7399994850158684,1.5589852575981757,-3.1409703032263594,4.699955560824535,23.399999618530273,23.65000057220459,23.52500009536743,22.550000190734863,97.55637429706249,18.81032840719132,24.015179440590234,15.196897552030128,62.62042091807448,21.887499809265137,27.22499942779541,28.000000000000004,60.0,-31.999999999999996,21.427510770810546,23.945044472022992,0.0,0.0,54.9428594212938,0.794595636749316,0.8638685718135962,0.9046392815784516,3.7106832244931054,55.334437361926845,70.78652648579282,75.28089823428047,-29.21347351420718,1.2111762776094324,8.597283193367605,0.775718552140038,-0.33966947593180746,1.1153880280718456,2.3690708821027537,5.2444309096875905,-2.8753600275848368,23.092686598987356,-0.20789704218991956,-0.20811344807696308,405.2631578947368
2020-12-14 00:00:00+05:30,24.299999237060547,24.299999237060547,23.049999237060547,23.600000381469727,7332296,0.0,0.0,22614077.79658031,1579844,-0.012375047724924803,5726331.777460773,-10.228726129402826,0.06393061339475103,5185917.013754646,23.01629609272422,72.58962606087911,1897.0590289991812,22.982499885559083,25.302903667203914,20.66209610391425,20.19278836679419,0.6330588453602944,0.0,0.0,23.253333028157552,24.433332951863605,22.073333104451496,10.149082045805544,0.6468929558162129,0.0,0.0,20.850000381469727,26.450000762939453,23.65000057220459,24.36636749420133,0.4910713951198445,1.162132815529462,11.163791743064346,0.18355041467131628,-0.02477296721362337,0.20832338188493965,23.087499777475994,23.305769040034367,23.421248962015376,23.23769854734406,1.0628930908145195,0.8962265441069037,0.16666654670761583,0.003708806044786684,25.844821469761232,-0.5825002670288093,6.541616001476788,-4.906395093423468,11.448011094900256,23.424999237060547,23.65000057220459,23.53749990463257,22.550000190734863,98.77818714853125,17.96460999055845,22.161265193368916,19.27317275725695,41.09368836722596,21.874999523162842,27.22499942779541,24.0,56.00000000000001,-32.00000000000001,21.582410309460546,23.945044472022992,0.0,0.0,52.298294152009476,0.6520089948733309,0.7528966003362356,0.8368235567250181,3.9058096331240493,54.270150803209994,61.797768701558155,68.16480010766878,-38.202231298441845,1.2538231625276453,10.538641497884182,0.789882071571563,-0.11375916643113335,0.9036412380026964,-1.8954177542775867,3.8164611768945553,-5.7118789311721425,23.129497770418062,-1.6666650772094727,-1.6807102152410103,396.84211329409953
2020-12-15 00:00:00+05:30,23.200000762939453,23.399999618530273,22.700000762939453,22.950000762939453,7463962,0.0,0.0,20481525.94131561,-5884118,-0.003961778135131499,4215202.601720026,-5.861479696350713,-0.2921747319410407,4980341.913148554,23.056153397913512,73.14098318153877,1897.0590289991812,22.85999994277954,24.898528581959948,20.821471303599136,17.83489627544191,0.5220749462210392,0.0,0.0,23.376666386922203,24.556666119893393,22.19666665395101,10.095534696352843,0.3192094404511342,0.0,0.0,20.850000381469727,25.299999237060547,23.074999809265137,19.466311752972587,0.47191031944454565,1.135919495829543,10.644834479674168,0.13236163872949547,0.0066539539750004005,0.12570768475449506,23.133333206176758,23.33076909872202,23.348749239080618,23.216387600351123,1.0340558032419027,0.931888511618294,0.10216729162360871,0.023370260341177618,25.820761000989297,-0.9099991798400886,9.676412241913818,-4.949990714146724,14.626402956060542,23.47499942779541,23.65000057220459,23.5625,22.550000190734863,99.38909357426562,16.772875216177386,20.90965886820662,20.38100494098941,10.542671630817212,21.874999523162842,27.02500057220459,20.0,52.0,-32.0,21.731113866564545,23.945044472022992,0.0,0.0,48.235299767646445,0.4329451162252954,0.6265165826159808,0.7477605849219375,2.9205710497830846,52.29034916588602,47.191031944454565,59.92510904393517,-52.808968055545435,0.9716173508588,2.4553622936412656,0.5701215925921811,0.023016985373529544,0.5471046072186515,-5.386445837963842,1.9758797739228762,-7.3623256118867175,23.12119635827779,-2.7542356272190593,-2.7928758445432855,383.15791079872537
2020-12-16 00:00:00+05:30,23.200000762939453,23.200000762939453,22.700000762939453,22.850000381469727,6619111,0.0,0.0,17833871.441353757,-12503229,-0.0010891481998677602,3518471.712189956,-0.7553841278338598,0.11437030663463761,4951500.361820183,23.14607745891607,74.79081458744861,1888.7929453275478,22.794999980926512,24.745871375496904,20.84412858635612,17.11666063788343,0.5140963675761226,0.0,0.0,23.47999986012777,24.634999593098957,22.325000127156574,9.838157920371524,0.22727288990907804,0.0,0.0,20.850000381469727,25.299999237060547,23.074999809265137,19.521819957509596,0.4494383178295138,1.0723275462465889,9.791932482565146,0.08277083924211226,0.02187733102842277,0.06089350821368949,23.208333174387615,23.309615281911995,23.27201864560202,23.18924780635991,1.0938512006052161,0.9190938351517138,0.1747573654535023,0.03437149714338209,25.696798391259005,-1.1450003623962388,12.848657684563985,-3.247512936015848,16.096170620579834,23.574999809265137,23.65000057220459,23.612500190734863,23.65000057220459,99.69454678713282,15.66626435425211,20.226219066241676,19.714844384831522,8.85829007391574,22.499999523162842,26.574999809265137,16.0,48.0,-32.0,21.873869281384387,23.945044472022992,0.0,0.0,47.622325092229346,0.30100737427219215,0.4619871617902729,0.6138001149141631,1.933204093589332,43.31348806119423,44.943831782951385,51.31087747632136,-55.056168217048615,0.633823417214785,4.1002259100138145,0.3569362832864783,0.0898008449561193,0.267135438330359,-8.846704969166455,-0.18863717469498997,-8.658067794471464,23.111683994814587,-0.435731495186753,-0.4366835715371664,381.052639609889
2020-12-17 00:00:00+05:30,23.0,23.899999618530273,22.950000762939453,23.100000381469727,9683336,0.0,0.0,11208426.927332722,-2819893,0.0009245387102541488,3361666.324734248,4.660056336080191,0.4337336404341446,5057444.955237485,23.30076464926192,73.43624778092422,1888.7929453275478,22.802499961853027,24.75684747436937,20.848152449336684,17.141519708679557,0.5761124666190124,0.0,0.0,23.606666564941406,24.78166618347168,22.431666946411134,9.954811835020202,0.2843972987389416,0.0,0.0,20.850000381469727,25.299999237060547,23.074999809265137,19.515399026577587,0.5056181075582031,1.0700947153279847,9.288930095230246,0.06291741127630246,0.03008534707799871,0.03283206419830375,23.329166571299236,23.253846095158504,23.245554297273976,23.182636885997674,1.117056880082224,0.8762541298252741,0.24080275025694997,0.04115317649358794,25.569616993257267,-1.0025007247924798,20.921068950588115,0.4459936819574016,20.475075268630714,23.699999809265137,23.65000057220459,23.675000190734863,23.65000057220459,99.84727339356641,15.413149299910197,23.422767028529716,18.35784782109035,39.200132334785344,22.78749942779541,26.574999809265137,12.0,44.0,-32.0,22.010914479611433,23.945044472022992,0.0,0.0,49.355077444821276,0.4098268732607605,0.3812597879194161,0.48992117744188995,1.5503607789749925,39.39856655563511,42.105281650198215,44.74671512586804,-57.894718349801785,0.4014706723830308,6.697463226273662,0.27139885590109303,0.12612044714511406,0.14527840875597897,-9.533011696037676,-2.0575120789635273,-7.475499617074148,23.111294495337585,1.0940918854545734,1.0881500006857614,386.31579750462583
2020-12-18 00:00:00+05:30,23.100000381469727,23.25,22.5,22.649999618530273,6730095,0.0,0.0,7170363.081126057,-9549988,0.0500449123261935,2448778.580535785,-6.129187523372961,-0.22983372876443922,4926338.9883698635,23.342275383019718,69.53593557096947,1851.9982157865963,22.82249994277954,24.76195198707034,20.88304789848874,16.995964939453472,0.4555285925328602,0.0,0.0,23.6599999109904,24.829999605814614,22.490000216166177,9.890107347639821,0.06837583081085125,0.0,0.0,20.850000381469727,25.299999237060547,23.074999809265137,19.498297148637683,0.40449431459945023,1.0380852437951862,8.660661067647359,0.010748226951491802,0.02621792305269733,-0.015469696101205528,23.39999993642171,23.13461531125582,23.153930500544174,23.143182273592682,1.0333332104152948,0.919999938964836,0.1133332714504588,0.04091525197309585,25.39754714265386,-0.7224995613098137,24.778848536427567,4.694239571101926,20.084608965325643,23.899999618530273,23.65000057220459,23.77500009536743,23.65000057220459,99.9236366967832,14.612189999166095,22.24496039847757,20.451815740376144,-2.8860075410675003,23.324999809265137,26.574999809265137,8.0,40.0,-32.0,22.1424778699094,23.945044472022992,0.0,0.0,46.38076805384696,0.2230356925829968,0.3112899800386499,0.3848456432494463,0.4027954153760522,35.418912747337416,30.263153932100384,39.104089121749986,-69.73684606789962,0.0913236730238971,3.899084455125597,0.04644230350186529,0.11018481841646431,-0.06374251491459902,-12.14448386075177,-4.074906435321176,-8.069577425430595,23.10631383882716,-1.9480552186502686,-1.9672798954476267,376.8420972322163
2020-12-21 00:00:00+05:30,22.700000762939453,22.850000381469727,21.049999237060547,21.299999237060547,11810609,0.0,0.0,-1359523.2824789993,-21360597,0.027220529729612072,-178807.88173929648,-14.09750675770795,-1.1462913606896847,4222395.1948191775,23.320279203695186,68.7669937073162,1851.9982157865963,22.779999923706054,24.811600171830342,20.748399675581766,17.83670109682572,0.13575494539047617,0.0,0.0,23.4633331934611,24.57333304087321,22.35333334604899,9.461570001669243,-0.47447488909310365,0.0,1.0,20.850000381469727,25.299999237060547,23.074999809265137,19.534674585138696,0.1011233643409723,1.1142768338565854,8.331653801236765,-0.13793989065044698,-0.006613639687931532,-0.13132625096251546,23.333333174387615,23.00961531125582,22.868710306162075,23.006650196812522,0.9534160261844636,0.9409937358400082,0.012422290344455411,0.02445436983810925,25.435313209715844,-0.4800006866455071,18.92047721326148,8.50629868241421,10.414178530847272,23.149999618530273,23.65000057220459,23.40000009536743,23.65000057220459,49.9618183483916,14.7341293308841,19.686386294882627,27.364835447879997,-84.48498115876157,23.324999809265137,25.925000190734863,4.0,36.0,-32.0,22.1424778699094,25.299999237060547,0.0,1.0,38.82219644374379,0.0,0.2109541886145858,0.30116798552421725,-3.004049233772982,32.3543629181287,5.882352941176471,26.083596174491678,-94.11764705882354,-0.2573526831234183,-3.6199146181009105,-0.5995652972963357,-0.03176520472609569,-0.56780009257024,-10.432726514945436,-5.346470451246028,-5.086256063699408,22.66780336609466,-5.960266685237703,-6.1452798190487545,348.42103656969573
2020-12-22 00:00:00+05:30,21.0,22.5,19.899999618530273,21.350000381469727,16288609,0.0,0.0,519938.4959348056,-5071988,0.044594690119709034,-36914.02851458787,-11.971558075353734,-2.044047897753822,4260632.242706792,23.211520969965644,61.7465681355575,1851.9982157865963,22.73499994277954,24.849733810049525,20.62026607550956,18.603332945611957,0.17253573067854133,0.0,0.0,23.161666552225746,24.336666552225747,21.98666655222575,10.146074742511013,-0.2709217747897971,0.0,1.0,19.899999618530273,25.299999237060547,22.59999942779541,23.751922727606036,0.26851867877244445,1.2628491886178996,8.046391954098253,-0.24887277023584176,-0.05506546579751358,-0.19380730443832817,23.25416660308838,22.840384556696964,22.635062625440177,22.88393539567602,0.8913648530772974,0.9721447387617577,-0.08077988568446026,-0.001774466898094203,25.61702459185561,1.7650000572204583,14.448067457573194,11.532035221367376,2.916032236205817,22.34999942779541,23.175000190734863,22.762499809265137,23.175000190734863,24.9809091741958,15.707932127343609,16.698703825766202,29.924471874294323,-111.3573353993049,23.324999809265137,25.925000190734863,0.0,100.0,-100.0,22.1424778699094,25.214999237060546,0.0,0.0,39.21730142943254,0.019824323876838825,0.08095333881994525,0.20106583582439366,-5.654931710541498,38.64431929613512,26.851867877244445,20.999124916840426,-73.14813212275556,-0.6244115717270766,-4.260084699967207,-1.087543579951143,-0.24292087977110516,-0.8446227001800379,-5.831813750101454,-5.443539111017113,-0.388274639084341,22.381696391451896,0.23474716525895278,0.23447206454427771,349.4736922414679
2020-12-23 00:00:00+05:30,21.5,21.950000762939453,21.25,21.450000762939453,10300137,0.0,0.0,-3894389.895142082,5228149,0.04109852548085298,115504.77972898821,2.718417295997429,-1.8942657053071523,4308876.627286965,23.1946762703624,61.35055936638241,1860.6727134330065,22.70249996185303,24.87447464499346,20.5305252787126,19.13423355833054,0.21166809433003997,0.0,0.0,22.863333320617677,23.963333320617675,21.763333320617676,9.622393940327525,-0.1424238898537376,0.0,1.0,19.899999618530273,25.299999237060547,22.59999942779541,23.78592501972859,0.28703726924170525,1.206564346050055,7.860146144476438,-0.3249725996486248,-0.10904689256773584,-0.21592570708088896,23.0,22.688461523789627,22.452745415824683,22.777718015473308,0.9608938112928894,1.0083797605797913,-0.04748594928690186,-0.03257283995541112,25.772681357221465,1.4474996566772447,7.296517557367249,12.998961211196708,-5.702443653829459,22.274999618530273,22.59999942779541,22.437499523162842,23.175000190734863,12.4904545870979,16.612177581198868,15.99488738461274,28.663216179378352,-83.91313728601565,23.90000009536743,25.925000190734863,56.00000000000001,96.0,-39.99999999999999,22.1424778699094,25.002399252319336,0.0,0.0,40.05118539864562,0.06166430686912356,0.027162876915320832,0.10635680144995063,-7.626054184222031,37.343756339650135,28.703726924170525,20.47931591419714,-71.29627307582948,-0.8819116424111755,-12.44897647779815,-1.4267127173488807,-0.47967924728666034,-0.9470334700622204,-6.323198732725832,-5.619471035358858,-0.7037276973669737,22.106836910054636,0.46838585331605564,0.4672923400230289,351.57896343030427
2020-12-24 00:00:00+05:30,21.5,21.700000762939453,21.25,21.350000381469727,9298726,0.0,0.0,-9060340.0255706,-4070577,0.04021788408829143,-33835.352686933606,-0.604922603025744,-2.0359098311908257,4265525.759496365,23.1710331921069,55.725482914745854,1851.9982157865966,22.70249996185303,24.87447464499346,20.5305252787126,19.13423355833054,0.18864748035926907,0.0,0.0,22.585000101725264,23.630000178019205,21.540000025431315,9.253930233226946,-0.09090891391865497,0.0,1.0,19.899999618530273,25.299999237060547,22.59999942779541,23.78592501972859,0.26851867877244445,1.1309079877389947,7.954749328014303,-0.3888688200790362,-0.16501127806999594,-0.2238575420090403,22.766666730244953,22.580769245441143,22.283092333616228,22.671961153695264,0.9487178651173128,1.0370369042049155,-0.08831903908760264,-0.06591908659491674,25.91675258588981,1.847499275207518,0.39072201508658366,12.869154184250975,-12.478432169164392,22.09999942779541,22.59999942779541,22.34999942779541,23.175000190734863,6.24522729354895,17.451834074064465,15.541398991399614,27.85055426204523,-91.53342582337201,23.90000009536743,25.925000190734863,52.0,92.0,-40.0,22.1424778699094,24.798303266967775,0.0,0.0,39.468067737028605,0.032406479706934194,0.037965036817632226,0.048693750850966104,-9.438360439007965,36.64425269473873,26.851867877244445,27.469154226219796,-73.14813212275556,-1.2336763325859543,-11.594199922521364,-1.715197099372478,-0.726782817703824,-0.9884142816686541,-7.364778050013235,-5.968532438289734,-1.3962456117235007,21.895017548547614,-0.46620222803209765,-0.4672923400230289,349.4736922414679
2020-12-28 00:00:00+05:30,21.5,21.950000762939453,21.399999618530273,21.600000381469727,7739793,0.0,0.0,-11171182.90163481,3669216,-0.051786718883574875,247419.44769691405,1.4212282418592184,-2.3565203166222872,4356155.652490623,22.934534943160642,44.513483636682345,1873.684377176481,22.6625,24.88418265281453,20.440817347185472,19.606686401010734,0.26087952588902563,0.0,0.0,22.331666819254558,23.356667009989422,21.306666628519697,9.179791182009744,0.14308960895886635,0.0,0.0,19.899999618530273,25.299999237060547,22.59999942779541,23.827907858931155,0.31481497833922906,1.0778172271120678,8.578560141066902,-0.4145553879937047,-0.2149201000547377,-0.19963528793896704,22.520833492279053,22.528846153846153,22.178001264055226,22.59255665204893,0.9333332687458742,1.139682450105885,-0.2063491813600109,-0.09732883669870314,25.85105451506365,1.3874992370605455,-7.36939948190459,11.3234857972086,-18.692885279113188,21.899999618530273,22.59999942779541,22.249999523162842,23.175000190734863,3.122613646774475,17.886562157780304,16.563369261716886,26.761092990976103,-74.3859502593333,23.90000009536743,25.925000190734863,48.0,88.0,-40.0,22.1424778699094,24.602371121030274,0.0,0.0,41.75130000575531,0.1490583749865092,0.08104305385418901,0.04872365586238069,-10.405376349281093,34.7811848906226,31.481497833922905,29.012364211779282,-68.5185021660771,-1.4545586585998542,-12.016288990907658,-1.8349202101308373,-0.9484102961892267,-0.8865099139416106,-9.291087073131418,-6.633043365258072,-2.6580437078733468,21.833914792151102,1.1709601664315672,1.1641574808686883,354.73685013620474
2020-12-29 00:00:00+05:30,21.75,21.75,21.149999618530273,21.25,8792927,0.0,0.0,-17033124.917653352,-5123711,-0.06812479707608553,-227573.01686485342,-1.5353285056576715,-3.0744358523345476,4213677.515921903,22.590347611511884,30.951263673364707,1873.684377176481,22.627499961853026,24.914085629737233,20.34091429396882,20.210678791197335,0.19878671479480675,0.0,0.0,22.105000178019203,23.065000406901042,21.14499994913737,8.68581968921621,0.054687513452433036,0.0,0.0,19.899999618530273,25.299999237060547,22.59999942779541,23.864764678528157,0.2500000883031837,1.0300355425478336,9.29258146375142,-0.4578761723404554,-0.26351131451188126,-0.19436485782857416,22.287500222524006,22.490384615384617,22.03523183881596,22.493108011156416,0.8229166294137725,1.2222220897674876,-0.39930546035371506,-0.1289213830445264,25.7185157110508,1.372500038146974,-17.685500607564208,8.283273258377708,-25.968773865941916,21.899999618530273,22.59999942779541,22.249999523162842,23.175000190734863,1.5613068233872376,18.502898805949513,15.893807585339017,27.3636384636186,-88.0770386073302,23.96250009536743,25.925000190734863,44.0,84.0,-40.0,22.1424778699094,24.414276260930272,0.0,0.0,39.50469138015583,0.03473130396531187,0.07206538621958512,0.06369115896380212,-11.853338924266884,34.50000952311583,25.23365019085963,27.855671967342317,-74.76634980914037,-1.513382199231316,-11.64240883943899,-2.035628745095396,-1.1658539859704606,-0.8697747591249354,-10.000084983087545,-7.306451688823967,-2.693633294263578,21.714512124075142,-1.620372107817114,-1.6336436980328717,347.3684210526316
2020-12-30 00:00:00+05:30,21.299999237060547,21.450000762939453,20.899999618530273,21.25,5516297,0.0,0.0,-15528687.237639897,392586,-0.03961873918050416,-195062.58588416007,-2.7418774751203254,-3.441419814110513,4213677.515921903,22.338603385785508,22.234243649518604,1873.684377176481,22.607499980926512,24.934574080384245,20.28042588146878,20.586744234621584,0.20832471960328974,0.0,0.0,21.923333485921223,22.868333943684895,20.97833302815755,8.620955917771676,0.14373906891291094,0.0,0.0,19.899999618530273,25.299999237060547,22.59999942779541,23.885876912910067,0.2500000883031837,0.9820321027339682,9.799689015587024,-0.48659899571935483,-0.308128850753376,-0.17847014496597885,22.05833355585734,22.455769245441143,21.914426940536583,22.401025936255937,0.7592593272853916,1.2555553985721732,-0.49629607128678166,-0.15908658148647364,25.58161227089042,0.9925004005432143,-26.287359491527123,3.934826905478695,-30.222186397005817,21.899999618530273,22.59999942779541,22.249999523162842,23.175000190734863,0.7806534116936188,19.28645498235456,15.283888106494176,28.057867258001075,-95.70956077725653,23.90000009536743,25.925000190734863,40.0,80.0,-40.0,22.1424778699094,24.233705195234272,0.0,0.0,39.50469138015583,0.04150156069759954,0.07509707988314024,0.07606850665230479,-13.06812019989728,36.67743677302614,27.551030338134012,28.088726120972172,-72.44896966186599,-1.4338233274572012,-11.458333333333332,-2.1722174560398013,-1.367126679984329,-0.8050907760554724,-13.094117382106537,-8.46398482748048,-4.630132554626057,21.63804391833051,0.0,0.0,347.3684210526316
2020-12-31 00:00:00+05:30,21.299999237060547,23.350000381469727,21.200000762939453,23.299999237060547,49948942,0.0,0.0,32096994.57151875,50341528,0.14932535417586346,14460702.496668076,4.7348358260382515,-2.901127865005765,9032279.539073978,22.3322941078786,47.10446288103686,1873.684377176481,22.682499980926515,24.997294446542725,20.367705515310305,20.41039980216199,0.6333810118579255,0.0,0.0,21.893333435058594,23.003333854675294,20.783333015441894,10.140076867775793,1.1336330046107983,1.0,0.0,19.899999618530273,25.299999237060547,22.59999942779541,23.806897930435703,0.6296296034657234,1.0988288543135987,9.815562157336482,-0.3400246418977737,-0.3145080089822555,-0.0255166329155182,22.03333346048991,22.496153831481934,22.127591909232578,22.46761655113035,0.7986349375932599,1.0750852024803077,-0.2764502648870478,-0.16927244153889873,25.711540539155518,0.26750078201293803,-28.417981071286924,-1.547289763618531,-26.870691307668395,21.625,22.59999942779541,22.112499713897705,23.175000190734863,8.169286053885596,18.095106239118866,25.449038493858172,24.155562520841386,-4.794510876683658,23.90000009536743,25.925000190734863,36.0,76.0,-40.0,22.1424778699094,24.06035697216611,0.0,0.0,55.69799201706631,1.0,0.35874428822097054,0.1686355847745653,-9.190795106199824,53.12974040516861,71.57893933747944,41.45453995549102,-28.42106066252056,-1.2120585890377242,-1.271191269321906,-1.5133988116806587,-1.396381106323595,-0.1170177053570638,13.598673475367926,-4.051453166910799,17.650126642278725,21.661680600125095,9.647055233226109,9.20964324570459,390.5262997275905
2021-01-01 00:00:00+05:30,23.5,24.399999618530273,23.299999237060547,23.549999237060547,21049768,0.0,0.0,20615299.617036745,71391296,0.09608108955427586,13146665.282858353,8.230491385768646,-2.2972101291487186,9258135.426297769,22.41278183187176,56.09019852528876,1893.7882874611241,22.754999923706055,25.083067424110723,20.426932423301388,20.462030395168647,0.6707423245280267,0.0,0.0,21.936666679382324,23.061667251586915,20.811666107177736,10.256805089370728,1.2170363275978964,1.0,0.0,19.899999618530273,25.299999237060547,22.59999942779541,23.731046524436934,0.6759259030325079,1.0989460070292114,9.797446783700595,-0.20136924056294703,-0.2918802552983938,0.09051101473544676,22.083333333333332,22.551923018235428,22.346423805821495,22.54779304638444,0.9366666319105449,0.9933333095974453,-0.05666667768690037,-0.163117016811884,25.739613552114932,0.09500045776367116,-30.812648384014036,-7.724122754778709,-23.088525629235328,22.149999618530273,22.59999942779541,22.374999523162842,23.175000190734863,24.71803132418151,17.882856318944985,30.431801906328538,22.43624593383768,66.13708601417176,23.90000009536743,25.925000190734863,32.0,72.0,-40.0,19.899999618530273,24.06035697216611,1.0,0.0,57.20252871075715,1.0,0.6805005202325333,0.37144729611221466,-5.565881716926674,50.18926403109383,81.11110263400607,60.08035743653983,-18.888897365993923,-0.7010293567881867,2.6143723493464734,-0.8930773852176933,-1.2957203621024147,0.4026429768847214,15.047443729350746,-0.23167378765849023,15.279117517009237,21.68853666914513,1.0729614085237982,1.0672460238374537,395.7894576223273
2021-01-04 00:00:00+05:30,23.600000381469727,23.75,22.700000762939453,22.950000762939453,16119458,0.0,0.0,12171779.575394753,55271838,0.06022616072555491,9886905.927641582,-4.07115749056536,-1.857383797803185,8847449.629398089,22.426355896822056,53.42724200635431,1845.5390254825109,22.7875,25.107386464268192,20.46761353573181,20.361044118645662,0.535023430120903,0.0,0.0,21.970000076293946,23.12500057220459,20.8149995803833,10.514342211194737,0.9242425393388417,0.0,0.0,19.899999618530273,25.299999237060547,22.59999942779541,23.697200739573333,0.5648150666424128,1.094051330032345,9.766474749745557,-0.13830441134944138,-0.2611650865086033,0.12286067515916194,22.09166669845581,22.6134614944458,22.439281799224258,22.5775862105737,0.9527027897803251,1.013513433402101,-0.060810643621775906,-0.15102245552484686,25.633919667110213,0.31250038146972514,-34.00116952928066,-13.60430572617228,-20.39686380310838,22.149999618530273,22.59999942779541,22.374999523162842,23.175000190734863,51.00020972644745,17.083112326434307,28.356985872761154,24.802507986284816,21.837343521360953,23.700000286102295,25.925000190734863,28.000000000000004,68.0,-40.0,19.989999618530273,24.06035697216611,0.0,0.0,52.58669582126717,0.7488710855475731,0.916290361849191,0.651845056767565,-3.8869016061668757,48.46001546676283,67.77780320909288,73.48928172685946,-32.22219679090712,-0.3277940357432634,0.43763842363356,-0.6125739486033704,-1.159091079402606,0.5465171307992355,13.556384115187555,2.525937792910719,11.030446322276836,21.701135390729764,-2.547764303859845,-2.5807818315743525,383.15791079872537
2021-01-05 00:00:00+05:30,22.399999618530273,23.450000762939453,22.299999237060547,22.75,13625607,0.0,0.0,9209695.027379388,41646231,-0.10831689721621979,8085186.252905192,-2.9540039775724107,-1.6497069607475918,8728707.507179348,22.4322428051643,51.712582889114664,1829.4558359025311,22.7,24.882887584621518,20.51711241537848,19.232489732348178,0.5114527198634166,0.0,0.0,22.080000114440917,23.170000648498537,20.9899995803833,9.873193192102638,0.8073392464611695,0.0,0.0,19.899999618530273,25.299999237060547,22.59999942779541,23.78854457502323,0.5277778857038912,1.099646349617001,9.652686189971856,-0.10327300303945464,-0.2295866698147736,0.12631366677531897,22.0625,22.62692304757925,22.487084599343603,22.590357602383058,0.9634550855030526,0.986710917140367,-0.023255831637314373,-0.13685722681578893,25.623629657476677,-0.05000038146972585,-34.54741916303369,-19.048248684017487,-15.4991704790162,22.649999618530273,22.59999942779541,22.624999523162842,23.175000190734863,75.50010486322373,15.959568208588108,26.24634260338083,25.545344870506923,4.393778832852766,23.65000057220459,25.925000190734863,24.0,64.0,-40.0,20.078199618530274,24.06035697216611,0.0,0.0,51.106307855058056,0.6683291266371826,0.8057334040615852,0.8008414287144365,-2.9574293403474137,48.521474988171896,63.33334181043837,70.74074921784576,-36.66665818956163,0.04323541977826295,-1.5151531415146147,-0.45715523789920154,-1.0187039111019252,0.5615486732027236,11.019415206761641,4.224633275680904,6.794781931080737,21.78666382932789,-0.871462990373495,-0.8752824353143396,378.94736842105266
2021-01-06 00:00:00+05:30,22.950000762939453,23.149999618530273,22.450000762939453,22.649999618530273,8068284,0.0,0.0,5751840.183637818,33577947,-0.11204813618875686,6814898.005660723,-0.6506932658186736,-1.6422290420322216,8693242.387275783,22.428946422661177,51.33576241811751,1821.4142411125413,22.625,24.704061912492413,20.545938087507587,18.378447845236803,0.506012235224949,0.0,0.0,22.23000011444092,23.130000495910643,21.329999732971192,8.097169382244605,0.7333329589280201,0.0,0.0,19.899999618530273,25.25,22.574999809265137,23.646410525833044,0.51401865493784,1.059681600214383,9.528511073511195,-0.08262708105582917,-0.2001947520629847,0.11756767100715554,22.0625,22.65384608048659,22.512148448449246,22.594775529505075,0.9737705233788354,0.9934427246487165,-0.019672201269881118,-0.12249000870407191,25.5973794739771,-1.3250007629394531,-34.732325281735456,-23.718120110584454,-11.014205171151001,22.649999618530273,22.59999942779541,22.624999523162842,23.175000190734863,87.75005243161186,14.916277242016635,25.02533527183536,24.356948687271522,4.126984546802739,23.162500381469727,25.09999942779541,20.0,60.0,-40.0,20.164635618530273,24.06035697216611,0.0,0.0,50.34318400014241,0.6268106250219967,0.6813369457355841,0.8011202372154534,-2.4149775193913343,47.700147924480746,61.111111111111114,64.07408537688077,-38.888888888888886,0.41308834973503394,0.0,-0.36569109061487126,-0.8881013470045145,0.5224102563896432,5.989939211125897,4.5776944627699026,1.4122447483559943,21.84512186207986,-0.43956211635044484,-0.44053103098469215,376.8420972322163
2021-01-07 00:00:00+05:30,22.950000762939453,23.200000762939453,22.700000762939453,22.799999237060547,9708219,0.0,0.0,-73150.4706285391,43286166,-0.13890725188547323,6049373.882938957,0.7725442339351319,-1.919908477899726,8757535.06591305,22.408315375088048,51.29717348505557,1821.4142411125413,22.5375,24.423467648193952,20.65153235180605,16.73626310100012,0.5695927200320539,0.0,0.0,22.3650000890096,23.245000394185382,21.48499978383382,7.869441553082954,0.7471585211348614,0.0,0.0,19.899999618530273,24.799999237060547,22.34999942779541,21.74154018205335,0.5918367029179712,1.0087135546338626,9.435318292200616,-0.05354410046161462,-0.17086462174271072,0.1173205212810961,22.1875,22.69807683504545,22.556433185158678,22.609977285620293,0.9762711697835749,1.0406778468719042,-0.06440667708832937,-0.10707092090860072,25.520040087292802,-1.1874996185302749,-35.11780938381933,-27.66351248824067,-7.454296895578658,22.649999618530273,22.59999942779541,22.624999523162842,23.175000190734863,93.87502621580593,13.998201854891578,24.421853742975518,23.43447159526246,23.527817018298432,22.875000476837158,24.324999809265137,16.0,56.00000000000001,-40.00000000000001,20.249342898530273,24.06035697216611,0.0,0.0,51.51274085691467,0.690441512635015,0.6618604214313981,0.7163102570761891,-1.636369555639427,48.06046572605571,64.44443596733942,62.962962962962955,-35.55556403266059,0.5502942646251014,7.042253773371514,-0.23681625056593092,-0.7578443277167979,0.521028077150867,2.683968736660017,4.1989493175479256,-1.5149805808879084,21.91229598691346,0.6622499825896577,0.6600667411025274,379.99998393811677
2021-01-08 00:00:00+05:30,23.049999237060547,23.100000381469727,22.700000762939453,22.75,7315418,0.0,0.0,-5559740.132626966,35970748,-0.14552010947948837,5132925.425550679,-0.27339595933391947,-1.501637651896937,8741492.726833299,22.41135775194505,51.13671298049403,1817.419972451391,22.472500038146972,24.230758964314816,20.714241111979128,15.648093653872131,0.5789132811223214,0.0,0.0,22.50666675567627,23.381666946411134,21.631666564941405,7.775475597817574,0.639047537875031,0.0,0.0,19.899999618530273,24.649999618530273,22.274999618530273,21.136945119309804,0.6000000803094161,0.9478421610235037,9.250467757700052,-0.034136643403044786,-0.14351902607477754,0.10938238267173275,22.30416663487752,22.734615325927734,22.586212695134265,22.62034933853731,1.0069444683598794,1.0034721679525813,0.003472300407298068,-0.09182158260455052,25.391307725202036,-1.0224992752075188,-33.91777673021275,-30.613332182497132,-3.304444547715619,22.649999618530273,22.59999942779541,22.624999523162842,23.175000190734863,96.93751310790296,13.145703281132596,23.71830054075323,22.759363239166582,26.608372363068007,22.875000476837158,23.574999809265137,12.0,52.0,-40.0,20.332356032930274,24.06035697216611,0.0,0.0,51.08086530261288,0.666944899623461,0.6613990124268243,0.6681987931979355,-1.102463089222575,46.334351033681074,63.33334181043837,62.962962962962955,-36.66665818956163,0.3544121181263655,6.557375145273407,-0.15091121225474474,-0.6364577046243872,0.4855464923696425,-1.4923612593212492,3.060687202174091,-4.55304846149534,21.975771287388806,-0.2192949067264638,-0.21953571011783524,378.94736842105266
2021-01-11 00:00:00+05:30,23.049999237060547,23.700000762939453,22.799999237060547,23.149999618530273,11649876,0.0,0.0,-8148606.952463358,47620624,-0.12912085626193584,5065356.929889866,2.7038916042764165,-0.3015377688980537,8946325.516104728,22.500342758212632,57.12754931229343,1817.419972451391,22.430000019073486,24.076025339217626,20.783974698929345,14.676997937979785,0.7187085431327808,0.0,0.0,22.663333384195962,23.5733336130778,21.753333155314127,8.030594736045453,0.76739896259823,0.0,0.0,19.899999618530273,24.399999618530273,22.149999618530273,20.06241638953811,0.7222222222222222,0.9480580212150986,8.55915877097906,0.01336645227663169,-0.1121419304044957,0.1255083826811274,22.445833206176758,22.774999911968525,22.672949144887497,22.659582692610865,1.1180811657485354,0.9261992890026259,0.1918818767459095,-0.07371501794957622,25.306064293669344,-1.079999637603759,-29.995690457200087,-31.981131054678897,1.98544059747881,22.649999618530273,22.59999942779541,22.624999523162842,23.175000190734863,98.46875655395148,12.990783995816033,26.42489767399826,21.197469790265973,65.83512464196394,22.725000381469727,22.875,8.0,48.0,-40.0,20.413708904642274,24.06035697216611,0.0,0.0,54.37631868179371,0.8428593653693718,0.7334152592092827,0.6855582310225018,0.2662869603682355,36.66543959229661,72.22222222222223,66.66666666666667,-27.77777777777778,0.3307355600244861,7.925402308274123,0.058988077838654986,-0.49736854813177883,0.5563566259704338,-2.2245281468465996,2.0036441323699528,-4.228172279216553,22.074126379696846,1.7582400814517563,1.7429618657109458,387.36841302168995
2021-01-12 00:00:00+05:30,23.799999237060547,24.0,23.399999618530273,23.549999237060547,10534655,0.0,0.0,-13415951.196835887,58155279,-0.1451279839618368,4943714.22295532,2.562970094610466,0.7366428146708177,9128349.62197016,22.67157651601218,64.21002244941138,1848.8224479446503,22.427499961853027,24.066546585188696,20.788453338517357,14.616400634252832,0.8424244494409471,0.0,0.0,22.890000025431313,23.80000025431315,21.979999796549478,7.95107232739891,0.8626368382567371,0.0,0.0,19.899999618530273,24.399999618530273,22.149999618530273,20.064652804164787,0.8111110263400607,0.9382522572405614,7.818145069850925,0.0823404546175226,-0.07324545340009206,0.15558590801761465,22.62916644414266,22.82307683504545,22.807879928298735,22.725539473681213,1.2627117863266113,0.8389831508448662,0.4237286354817451,-0.05087212361197963,24.921074794306147,-0.8274995803833001,-19.119053148095087,-31.184652572075336,12.065599423980249,22.800000190734863,22.59999942779541,22.699999809265137,23.175000190734863,99.23437827697575,13.143999601373638,26.97499930868148,19.88270911761176,105.50401875311442,22.71250057220459,22.550000190734863,4.0,44.0,-40.0,20.493434718920035,24.06035697216611,0.0,0.0,57.462311927807484,1.0,0.8366014216642776,0.7438052311001283,2.328138437836551,38.41059944605174,75.71427481515067,70.42327961593708,-24.28572518484933,0.45602965635411863,10.304444104367613,0.36232563241406135,-0.3254297120226108,0.6877553444366722,-3.4924521399329103,0.9044248779093801,-4.39687701784229,22.303543696667578,1.7278601517129122,1.7131024011777463,395.7894576223273
2021-01-13 00:00:00+05:30,23.600000381469727,23.799999237060547,23.0,23.149999618530273,10221419,0.0,0.0,-19804344.164282184,47933860,-0.16048786438612136,3653388.8052705475,-2.348009838026493,0.37475516224053756,8954737.569601007,22.767289253160342,58.82424518166172,1817.419972451391,22.437499904632567,24.091547537380258,20.783452271884876,14.743600131725792,0.7153806516182691,0.0,0.0,23.10166664123535,24.036666679382325,22.16666660308838,8.094654404527185,0.5258465108679083,0.0,0.0,19.899999618530273,24.399999618530273,22.149999618530273,20.055710391650656,0.7222222222222222,0.9244269552225599,7.066844615209214,0.10353276090364005,-0.03788981053934564,0.1414225714429857,22.758333047231037,22.77115374345046,22.860513726795894,22.756980965892254,1.1134453774778095,0.8109245845787862,0.3025207928990232,-0.02917566213503316,24.49832278983616,-1.187499904632567,-8.39689167286814,-28.960087083362136,20.563195410493996,23.34999942779541,22.59999942779541,22.97499942779541,23.175000190734863,99.61718913848787,12.769270348176788,25.37948528583694,21.664083025468486,72.56999492139622,23.162500381469727,22.550000190734863,0.0,40.0,-40.0,20.57156601691224,24.06035697216611,0.0,0.0,53.56077114681625,0.7831784019586345,0.8753459224426688,0.8151208677720764,3.0496280334359436,37.86046665340673,64.28571428571429,70.74073710769572,-35.714285714285715,0.5414707127739398,7.175922267067481,0.45494945510923906,-0.16935387859624082,0.6243033337054799,-4.68624125557374,-0.21370834878724387,-4.472532906786496,22.38659238167555,-1.6985122356216298,-1.7131024011777463,387.36841302168995
2021-01-14 00:00:00+05:30,23.450000762939453,23.450000762939453,23.0,23.200000762939453,5830748,0.0,0.0,-20452194.06922009,53764608,-0.15300171157163778,3173125.2720549745,-1.3505949869736835,0.3214928491013991,8967331.26625611,22.848012348839465,59.70860905223105,1821.3453754748075,22.454999923706055,24.133361848868063,20.776637998544047,14.948670058913144,0.7219428444080931,0.0,0.0,23.161666679382325,23.926666831970216,22.396666526794434,6.60574356049141,0.5250549515757933,0.0,0.0,19.899999618530273,24.399999618530273,22.149999618530273,20.040080228409565,0.7333335876464844,0.8769843359942492,6.161351764998656,0.12294525443220294,-0.005722797545035924,0.12866805197723888,22.920833110809326,22.734615325927734,22.91274250158721,22.789797247155008,1.1134453774778095,0.819327815273819,0.29411756220399043,-0.008696258306855071,24.087055073867088,-1.2049999237060547,-2.511598867072811,-25.815526025924225,23.303927158851415,23.149999618530273,22.574999809265137,22.862499713897705,23.175000190734863,99.80859456924394,12.421307470208285,24.501591765561358,20.9147077762634,61.3206229701751,23.362500190734863,22.550000190734863,0.0,36.0,-36.0,20.6481346889446,24.06035697216611,0.0,0.0,53.981392752272704,0.8061592199090104,0.8631125406225483,0.8583532949098315,3.7632179342787566,37.851861316090485,65.71431841169085,68.57143583751859,-34.28568158830915,0.5486765188329343,9.176474178538603,0.539474981277207,-0.027588106621551256,0.5670630878987584,-8.627679335203904,-1.8965025460705762,-6.731176789133328,22.39284503579791,0.21598766839354688,0.2157547503516266,388.42106869346213
2021-01-15 00:00:00+05:30,23.399999618530273,23.799999237060547,23.200000762939453,23.450000762939453,12779089,0.0,0.0,-22582015.153397955,66543697,-0.13338577619507502,3176217.6974756923,1.291166776458376,0.3122027444299103,9105036.96215865,22.93898916384693,60.92633783261513,1821.3453754748075,22.472499942779542,24.184362660720204,20.76063722483888,15.235178305034875,0.7855079469619578,0.0,0.0,23.13500010172526,23.850000063578285,22.420000139872233,6.181110514019027,0.720280194419748,0.0,0.0,19.899999618530273,24.399999618530273,22.149999618530273,20.024474408535305,0.78888914320204,0.8492857498069337,5.259417952081501,0.15669640743113789,0.026761043450198835,0.12993536398093905,23.104166507720947,22.692307692307693,22.995397618718325,22.838701211287187,1.1218487879842822,0.8151261702944753,0.3067226176898069,0.012253211171480444,23.785184936866486,0.8274992942810044,4.305963459668715,-21.559177916040962,25.865141375709676,23.149999618530273,22.34999942779541,22.749999523162842,23.175000190734863,99.90429728462198,12.492719105656798,26.10244479827405,19.925060874052157,83.6552471089032,23.362500190734863,22.550000190734863,0.0,32.0,-32.0,20.723171987536315,24.06035697216611,0.0,0.0,56.121347580895396,0.9253261676092467,0.8382212631589638,0.858893242074727,4.9570052205645325,38.180790200678175,72.857175554548,67.6190694173177,-27.14282444545201,0.6135293455684874,10.352944766773897,0.686100343366708,0.1151495833761006,0.5709507599906074,-6.895272161476952,-2.8962564691518518,-3.9990156923251003,22.40097137094216,1.0775861714597879,1.0718215869434111,393.68422658819895
2021-01-18 00:00:00+05:30,24.200000762939453,24.5,23.399999618530273,23.700000762939453,17717869,0.0,0.0,-30635558.456728704,84261566,-0.14303279851804443,3355253.347836308,2.7937894893169974,0.6214254583566724,9293926.81742042,23.08950090792039,66.98243724231043,1821.3453754748075,22.525,24.317902497840556,20.73209750215944,15.919223066286865,0.8276811662526745,0.0,0.0,23.20833339691162,23.928333473205566,22.488333320617677,6.204668504027576,0.8414356346728397,0.0,0.0,19.899999618530273,24.5,22.199999809265137,20.421755300642516,0.8260871368004229,0.8743572129732129,3.841266472872074,0.2012969243684104,0.06166821963384115,0.13962870473456926,23.137499968210857,22.678846212533806,23.103798102444653,22.902501178076243,1.153225756832768,0.75,0.40322575683276796,0.034738810106775576,23.69638107226674,1.0249992370605483,12.714528715885692,-16.307850373938805,29.022379089824497,23.475000381469727,22.274999618530273,22.875,23.175000190734863,99.95214864231099,13.266439488203265,29.309392820217422,18.222639277045094,107.47713545438444,23.52500009536743,22.550000190734863,0.0,28.000000000000004,-28.000000000000004,20.796708540156192,24.06035697216611,0.0,0.0,58.213951906198844,1.0,0.9104951291727524,0.8706096443180882,6.557816390073791,37.58068698343457,77.77780132528927,72.1164317638427,-22.222198674710732,0.6969116828020887,1.7167448024748053,0.8789298723455796,0.2679056411699964,0.6110242311755832,-2.191816418528207,-2.755368459027123,0.5635520404989158,22.492356180368773,1.0660980463382375,1.0604552905603803,398.9473844829359
2021-01-19 00:00:00+05:30,22.649999618530273,22.950000762939453,21.649999618530273,22.350000381469727,21498489,0.0,0.0,-28981823.68097989,62763077,-0.10080972223504966,-1270206.8948578383,-9.97745186819439,0.1045987159942392,8069329.036123848,23.0608445588312,62.104932032510575,1821.3453754748075,22.57750005722046,24.283218070898865,20.87178204354205,15.109892675056425,0.43331263610796805,0.0,0.0,23.15666675567627,23.89166679382324,22.4216667175293,6.348064217548104,-0.04875260703404295,0.0,1.0,19.899999618530273,24.5,22.199999809265137,20.374268053644013,0.5326088173402855,0.9919216061168097,2.7186610355016265,0.12625402915223916,0.07458538153752076,0.0516686476147184,23.03750006357829,22.61538468874418,22.987829222294664,22.861575193142425,1.0395681488730726,0.8129496333774447,0.22661851549562784,0.04557036166134992,23.715059655872707,0.37250070571899485,19.555377505474297,-10.275883397582168,29.831260903056467,23.074999809265137,22.199999809265137,22.637499809265137,23.175000190734863,83.07534689552016,12.72690451448538,25.019115493187655,28.05098364559704,-26.64898785715268,23.52500009536743,22.550000190734863,96.0,24.0,72.0,20.944840198549944,24.06035697216611,0.0,0.0,45.57436160053751,0.0,0.6417753892030822,0.7968305938449328,4.182445348197858,37.53684657936916,34.84848134554807,61.82781940846178,-65.15151865445192,0.4036764705882341,-5.095536706864884,0.5522542873166081,0.3247753703993187,0.2274789169172894,3.54586659988037,-1.4951214472456242,5.040988047125994,22.489747994201615,-5.696203957852908,-5.864874220504879,370.52632382041526
2021-01-20 00:00:00+05:30,22.5,22.799999237060547,22.0,22.100000381469727,9969237,0.0,0.0,-36458739.54671195,52793840,-0.13814253262092807,-1444792.945592433,0.8024632772078684,-0.17628503749364524,7957816.319906341,23.143764219172596,48.21259191465938,1800.9723850454106,22.61500005722046,24.24229813669508,20.98770197774584,14.391316164998733,0.34176234143992756,0.0,0.0,23.111666742960615,23.856666819254556,22.366666666666667,6.446961048543656,-0.17897064287797848,0.0,1.0,20.899999618530273,24.5,22.699999809265137,15.91863971859831,0.33333350993966954,0.9727293692111834,3.1684318675760688,0.04607792573042602,0.0688838903761018,-0.02280596464567579,22.96666669845581,22.557692381051872,22.851240169860056,22.80516224412963,1.0478084870167321,0.9561753635930493,0.0916331234236828,0.045888891768952486,23.782325805881182,0.1349999427795403,24.775636537086058,-3.621056073037126,28.396692610123182,23.074999809265137,22.199999809265137,22.637499809265137,23.175000190734863,41.53767344776008,12.225907753175916,23.569197331541005,26.42536140284115,-35.742996621158156,23.53749990463257,22.550000190734863,92.0,20.0,72.0,21.087046590607947,24.06035697216611,0.0,0.0,43.68285554651758,0.0,0.3333333333333333,0.6285346172363894,1.641143081388615,32.11469595105535,15.789498340606912,42.80526033714808,-84.21050165939309,0.189705871133242,-3.7037052427568544,0.20205041839720794,0.30023037999889657,-0.09817996160168863,1.020798844631461,-0.9919373888702072,2.012736233501668,22.48004209659893,-1.11856821357047,-1.1248712342793787,365.2631659256785
2021-01-21 00:00:00+05:30,21.899999618530273,23.350000381469727,21.700000762939453,21.799999237060547,10005459,0.0,0.0,-45251433.86283599,42788381,-0.15466921223798377,-1667200.9748419607,2.0613899460138954,-0.6169351403332702,7821995.093728629,23.01428277037553,38.56649002920032,1800.9723850454106,22.632499980926514,24.21625332232161,21.04874663953142,13.995390193127577,0.23717474744753023,0.0,0.0,23.05000006357829,23.910000101725263,22.190000025431317,7.4620393559640315,-0.22674463434391118,0.0,1.0,20.899999618530273,24.5,22.699999809265137,15.906331092471525,0.24999986754524786,1.0404563941430924,3.82446060205617,-0.041194929504268174,0.04686812640002781,-0.08806305590429599,22.887499968210857,22.51346155313345,22.689510795583207,22.730705725087475,0.8625953364890488,0.9961831188585378,-0.13358778236948898,0.036489540281637464,24.065159902201184,0.017499637603759055,23.043359917567724,2.707959110049594,20.33540080751813,23.074999809265137,22.199999809265137,22.637499809265137,23.175000190734863,20.76883672388004,11.541387586252231,24.682724995066724,23.411767707105348,-43.661002825794974,23.5625,22.550000190734863,88.0,16.0,72.0,21.22356472698363,24.06035697216611,0.0,0.0,41.459160484540476,0.0,0.0,0.32503624084547184,-1.1653264859350265,27.010851226059668,5.263143805367479,18.63370783050748,-94.73685619463252,0.034999998878031846,-4.175827529404189,-0.18123031463471925,0.20393824107217343,-0.3851685557068927,-1.0171582515162327,-0.9969815613994124,-0.02017669011682033,22.44492000934403,-1.3574712182390813,-1.3667690986960412,358.94735235916943
2021-01-22 00:00:00+05:30,21.799999237060547,21.799999237060547,21.299999237060547,21.450000762939453,9431526,0.0,0.0,-49023986.69736968,33356855,-0.14938392108747806,-1900603.651097884,-5.168841898670708,-0.6953411694836523,7670572.16601487,22.912967651244887,40.37302291396128,1772.0578158362277,22.6375,24.205579870798623,21.069420129201376,13.853825473648799,0.12135243900052345,0.0,0.0,22.916666666666668,23.786666742960612,22.046666590372723,7.592727938565334,-0.34291136500525793,0.0,1.0,20.899999618530273,24.5,22.699999809265137,15.902817808811603,0.15277807948026875,0.9864107547287831,4.538798320321839,-0.13702174644704002,0.010090151830614243,-0.14711189827765425,22.78750006357829,22.45961541395921,22.498816944407245,22.635838690854285,0.8725096374290159,1.067729107885252,-0.1952194704562361,0.017913319627787923,24.200353221211664,0.16249923706054759,18.517875778014155,8.098355358406732,10.419520419607423,22.899999618530273,22.199999809265137,22.549999713897705,23.175000190734863,10.38441836194002,10.955653773235356,23.797082742929927,25.442224221890577,-123.96268708991215,23.612500190734863,23.65000057220459,84.0,12.0,72.0,21.22356472698363,24.5,0.0,1.0,38.96692934428902,0.0,0.0,0.1111111111111111,-4.302321893812148,27.648024583250706,4.6875465661176285,8.580062904030664,-95.31245343388237,-0.3344118959763449,-5.29800828168264,-0.6053309900215973,0.04208439485341929,-0.6474153848750166,-3.0327093127123286,-1.4041271116619958,-1.6285822010503328,22.37755222195551,-1.6054976438994006,-1.6185253855522053,351.57896343030427
2021-01-25 00:00:00+05:30,21.700000762939453,21.700000762939453,20.799999237060547,20.899999618530273,10320574,0.0,0.0,-57051094.948011816,23036281,-0.16986025996265564,-2439992.7739352756,-2.6161313422780546,-0.6712074098197698,7405941.522235733,22.801508850946835,41.4351651070373,1772.0578158362277,22.602499961853027,24.288464046272995,20.91653587743306,14.918385906562765,-0.0049040958391693215,0.0,1.0,22.708333333333336,23.57833340962728,21.838333257039388,7.6623859930476,-0.539272158748685,0.0,1.0,20.799999237060547,24.5,22.649999618530273,16.36987399262942,0.027027124553964037,0.9777698318437954,5.454020559943289,-0.2544129707118046,-0.04281047267786953,-0.21160249803393505,22.6291667620341,22.375,22.25284504811848,22.507258018830285,0.8617884136489855,1.0528454925246673,-0.1910570788756818,-0.010773559595893637,24.340318910823434,0.14750003814697266,10.407246983839746,11.379055373066159,-0.9718083892264122,22.649999618530273,22.199999809265137,22.424999713897705,23.175000190734863,5.19220918097001,10.91414828799042,22.249534897754767,27.400517839495166,-153.63682391901543,23.675000190734863,23.65000057220459,80.0,8.0,72.0,21.22356472698363,24.435999984741212,0.0,0.0,35.36884892396624,0.0,0.0,0.0,-8.162855974509572,25.319581897287126,2.7027124553964037,4.217800942293827,-97.29728754460359,-0.8141177345724664,-8.33333193907259,-1.1303596844135995,-0.19240442099998445,-0.937955263413615,-4.051298734191893,-1.9335614361679752,-2.117737298023918,22.15168195049431,-2.5641078081426127,-2.5975540223672766,339.9999919690583
2021-01-27 00:00:00+05:30,20.899999618530273,22.399999618530273,20.549999237060547,21.549999237060547,17054510,0.0,0.0,-55668300.64167313,40090791,-0.1387930023527625,-507790.2356272747,2.4406976644417164,-0.4503937719440276,7936344.641688052,22.66872779037001,49.25540332909032,1772.0578158362277,22.617499923706056,24.25983826409361,20.975161583318503,14.52272219235134,0.17500585585988204,0.0,0.0,22.49333330790202,23.48833338419596,21.498333231608072,8.847066485645293,0.025962814819529546,0.0,0.0,20.549999237060547,24.5,22.524999618530273,17.464356256278098,0.2531645080634959,1.0649928868063885,5.88059834273932,-0.2916350375810772,-0.09257538565851106,-0.19905965192256617,22.52916669845581,22.332692293020393,22.144714923340338,22.436349960921415,0.843865890019038,0.9739776719715528,-0.13011178195251483,-0.039397423155133796,24.47708234833662,0.5324996948242173,2.7563711887732696,12.618306802137425,-9.861935613364157,22.524999618530273,22.199999809265137,22.362499713897705,23.175000190734863,2.596104590485005,10.172945163831361,24.211181233280968,23.952396140721536,-119.16672115325555,23.77500009536743,23.65000057220459,76.0,4.0,72.0,21.22356472698363,24.290559954833984,0.0,0.0,42.165512385064496,0.2975107385764138,0.09917024619213793,0.03305674873071265,-9.39794079553497,29.599219949118964,25.316450806349586,10.902236609287863,-74.6835491936504,-0.8952943465288925,-5.274728628305288,-1.2998328074264909,-0.4138900982852858,-0.8859427091412051,-0.4306528259934525,-1.6329797141330709,1.2023268881396183,22.08285346385716,3.1100460784409423,3.062664042790786,353.68419446443255
2021-01-28 00:00:00+05:30,21.0,21.649999618530273,20.899999618530273,21.350000381469727,6730443,0.0,0.0,-54322198.348551795,33360348,-0.13875659203489032,-627546.0444832708,-2.2286773240461666,-0.6647667403712633,7873881.488775065,22.597590090737647,44.21560056077028,1755.6118971468889,22.62249994277954,24.248684136894912,20.99631574866417,14.376697519978581,0.10874679328621745,0.0,0.0,22.291666666666664,23.28166681925456,21.30166651407878,8.88224435966706,0.024411040374388678,0.0,0.0,20.549999237060547,24.5,22.524999618530273,17.460496288785187,0.2025318961745837,1.0334935981257496,6.3937307433601385,-0.3334284740348359,-0.14074600333377602,-0.19268247070105987,22.3791667620341,22.33461541395921,22.022451147667937,22.355879621702773,0.8571426774868051,1.0366301722677969,-0.1794874947809918,-0.06841839155889183,24.311816657738344,0.9274992942810059,-4.208141983376721,12.429802011436992,-16.637943994813714,22.524999618530273,22.199999809265137,22.362499713897705,23.175000190734863,1.2980522952425024,9.48468511996938,22.950266617291614,22.704959012776417,-140.9350798511774,23.40000009536743,23.65000057220459,72.0,0.0,72.0,21.22356472698363,24.06612631176758,0.0,0.0,40.74568802441034,0.23536068559751505,0.17762380805797628,0.09226468475003807,-10.839851667347272,31.91617911047569,20.253189617458368,16.09078429306811,-79.74681038254163,-1.024706111234778,-7.775374802251611,-1.4914576374402564,-0.62940360611628,-0.8620540313239764,-4.281773007808855,-2.162738372868228,-2.1190346349406273,22.006594111891406,-0.9280689683128784,-0.9324023604465381,349.4736922414679
2021-01-29 00:00:00+05:30,21.399999618530273,21.799999237060547,21.200000762939453,21.25,5918142,0.0,0.0,-59253995.890761524,27442206,-0.38782194747118115,-622441.8177845194,2.281119404679711,-0.4823013572274325,7846161.74886791,22.542252206289117,48.233630227909146,1747.3888593815193,22.519999980926514,24.219235168976386,20.82076479287664,15.09089866331308,0.12630247129473895,0.0,0.0,22.111666615804037,23.116666539510092,21.10666669209798,9.090223194553271,0.07131010884730234,0.0,0.0,20.549999237060547,24.5,22.524999618530273,17.539967878707532,0.17721534879363843,0.990144085725284,6.905703546367808,-0.370350103122572,-0.18666682329153522,-0.18368327983103677,22.18750015894572,22.330769245441143,21.90361250956518,22.27396261268775,0.8808663191023095,1.0180506787337795,-0.13718435963147002,-0.09722011340532166,24.209278604125924,0.6299996376037598,-13.807989724029863,10.417140546581594,-24.22513027061146,22.524999618530273,22.524999618530273,22.524999618530273,23.175000190734863,0.6490261476212512,9.015952784316656,23.03828612398048,21.729964260505348,-111.00999618929481,22.762499809265137,23.175000190734863,68.0,92.0,-24.0,21.22356472698363,23.855158687285158,0.0,0.0,40.02006039575996,0.20359774588939802,0.2454897233544423,0.17409459253485218,-12.227013121901988,30.08891567812765,17.721534879363844,21.09705843439059,-82.27846512063616,-1.1473533069386193,-9.766451429183261,-1.662704160738836,-0.8360637170407912,-0.8266404436980448,-8.075022205862027,-3.3451951394669877,-4.729827066395039,21.918721271065134,-0.46838585331604454,-0.4694862171641834,347.3684210526316
2021-02-01 00:00:00+05:30,21.700000762939453,21.75,21.149999618530273,21.299999237060547,8512116,0.0,0.0,-63510067.42039694,35954322,-0.37722495742537165,-472721.6572766061,-0.3524403745728683,-0.7006107842880958,7866189.951492421,22.42993844683783,41.74299390042147,1747.3888593815193,22.407499980926513,24.11696653333,20.698033428523026,15.257985530367977,0.17606832017016225,0.0,0.0,21.903333218892413,22.908333333333335,20.8983331044515,9.176686528916697,0.19983387406502678,0.0,0.0,20.549999237060547,24.5,22.524999618530273,17.62802975031455,0.1898733810476219,0.9511297152997283,7.403209869502209,-0.3910682482762553,-0.22754710828847927,-0.16352113998777604,22.03333346048991,22.32499995598426,21.810748929179848,22.201817177456103,0.8703702290852865,1.0703704268844039,-0.20000019779911737,-0.12405827342894404,24.181241001240863,0.7925007820129402,-25.071656688830867,6.218675501613088,-31.290332190443955,21.949999809265137,22.524999618530273,22.237499713897705,22.59999942779541,0.3245130738106256,8.517955435780094,22.01996613980868,21.13782524085128,-99.40418436434408,22.437499523162842,23.175000190734863,64.0,88.0,-24.0,21.22356472698363,23.65684912027168,0.0,0.0,40.58975213646109,0.2285348950519206,0.22249777551294456,0.21520376897512106,-13.206946037650729,30.853772526253515,18.98733810476219,18.987354200528124,-81.01266189523781,-1.0842649628134353,-7.9913624706451625,-1.761424504807422,-1.0211358745941175,-0.7402886302133045,-9.264934559557439,-4.529143023485078,-4.735791536072361,21.8274030694208,0.23529052734374556,0.23501415261990566,348.42103656969573
2021-02-02 00:00:00+05:30,21.5,21.600000381469727,21.149999618530273,21.200000762939453,5951509,0.0,0.0,-68138990.83624062,30002813,-0.37732365686193214,-490210.25176822767,-0.5670825901401643,-0.9241859760559977,7838249.020035369,22.301740314914873,35.89677977888161,1739.185280701088,22.319999980926514,24.08759731809842,20.552402643754608,15.838685830487467,0.18318598516927492,0.0,0.0,21.64833323160807,22.588333384195966,20.708333079020186,8.684272756993824,0.26152532133408163,0.0,0.0,20.549999237060547,24.5,22.524999618530273,17.697136049798,0.16455731653965497,0.9010168200637008,7.921834942044242,-0.41082088132340644,-0.2642018628954647,-0.14661901842794173,21.866666793823242,22.319230739886944,21.71678767283517,22.127608554158577,0.8396944864376596,1.1259541656856926,-0.28625967924803297,-0.14909145285562708,24.16178150369633,1.1300007820129387,-36.360720459427675,0.005775727735090028,-36.36649618716277,21.949999809265137,22.524999618530273,22.237499713897705,22.59999942779541,0.1622565369053128,8.055529326424715,21.26092947815038,20.409196313646593,-95.01421157979786,22.34999942779541,23.175000190734863,60.0,84.0,-24.0,21.22356472698363,23.470438127279014,0.0,0.0,39.77604123334363,0.1929162811305781,0.20834964069063222,0.22544571318600637,-14.250059084819952,33.064256042691,16.455731653965497,17.721534879363833,-83.5442683460345,-0.9916179264292992,-8.620689371678274,-1.8565986483261354,-1.188228429340521,-0.6683702189856144,-12.157984884030668,-6.054911395594196,-6.103073488436472,21.70006579760622,-0.46947642114044674,-0.47058192309488156,346.31580553556745
2021-02-03 00:00:00+05:30,21.149999618530273,21.200000762939453,20.850000381469727,20.899999618530273,8095486,0.0,0.0,-73921518.65068305,21907327,-0.4009936010307968,-767130.9393082655,-1.5131881303059456,-0.8645558540759588,7723689.823000145,22.161253053137674,36.6369586771801,1739.185280701088,22.227499961853027,24.086659862136834,20.36834006156922,16.72846612056694,0.14298381674429758,0.0,0.0,21.51499989827474,22.359999974568687,20.669999821980795,7.854985640615368,0.13609454188349052,0.0,0.0,20.549999237060547,24.5,22.524999618530273,17.770782902793698,0.08860767439681921,0.8459151762043033,8.51582768559212,-0.44554658675397363,-0.3004708076671665,-0.14507577908680713,21.65416669845581,22.29230763362004,21.591127972172877,22.03667455892685,0.8418971014938533,1.1462449210252217,-0.30434781953136836,-0.17418883951707786,24.121187782311953,1.4725008010864258,-46.48251899942978,-7.911797109655558,-38.57072188977422,21.949999809265137,22.524999618530273,22.237499713897705,22.59999942779541,0.0811282684526564,7.742752094280788,20.66429726514833,22.241803597164992,-109.59178571115642,22.249999523162842,23.175000190734863,56.00000000000001,80.0,-23.999999999999993,21.22356472698363,23.295211793865906,0.0,0.0,37.35649419443751,0.08700531015408978,0.1694854954455295,0.2001109705497021,-15.825864006085514,32.61455241992731,8.860767439681922,14.767945732803193,-91.13923256031808,-1.022058885237751,-10.874204952859616,-2.0218412971638084,-1.3549510029051786,-0.6668902942586299,-12.743603284000546,-7.392649773275467,-5.350953510725079,21.590018826872623,-1.4150996868529497,-1.4252076947050885,339.9999919690583
2021-02-04 00:00:00+05:30,21.0,21.200000762939453,20.850000381469727,21.0,8236546,0.0,0.0,-75098193.72814856,30143873,-0.3896737788975344,-539875.4134080919,0.0,-0.7680847835778385,7763099.285058828,22.05889339464853,41.380505395051074,1739.185280701088,22.144999980926514,24.067212400692643,20.222787561160384,17.360238622007053,0.2021661162022294,0.0,0.0,21.38666661580404,22.186666806538902,20.586666425069176,7.481298559577206,0.2583334227402777,0.0,0.0,20.549999237060547,24.5,22.524999618530273,17.836986978286696,0.11392422177776447,0.7963236967308457,9.0350455941838,-0.4596986436349937,-0.33231637486073196,-0.12738226877426173,21.42916663487752,22.282692249004658,21.500185207223204,21.959883850858198,0.8406373127511944,1.1195219014516367,-0.2788845887004423,-0.19710545956167408,24.072902516613286,0.2050004005432129,-54.91891108346061,-16.574271665325373,-38.34463941813523,21.47499942779541,22.524999618530273,21.999999523162842,22.59999942779541,0.0405641342263282,7.452316093004284,20.058120385512908,21.5893513541007,-94.88977187666879,22.249999523162842,23.175000190734863,52.0,76.0,-24.0,21.22356472698363,23.130499040457586,0.0,0.0,38.6951555791818,0.14560261154447585,0.1418414009430479,0.17322551235973652,-16.803299022060187,35.3295225482584,11.392422177776448,12.236307090474613,-88.60757782222355,-1.0154410418342117,-11.392407915705817,-2.093356443763834,-1.5026320910769098,-0.5907243526869244,-12.994130951790986,-8.512946008978572,-4.481184942812414,21.533377663058477,0.47847073346865,0.4773297004797783,342.1052631578948
2021-02-05 00:00:00+05:30,21.399999618530273,21.549999237060547,20.850000381469727,20.899999618530273,8830816,0.0,0.0,-82667481.77250811,21313057,-0.3997713523706622,-588905.349876788,1.387179459651854,-0.7612267347783045,7721047.619883163,21.879016334193356,39.324789024869425,1739.185280701088,22.05,24.02053317063305,20.07946682936695,17.873316740435833,0.2082007046092302,0.0,0.0,21.26833324432373,21.97333335876465,20.563333129882814,6.629575588666061,0.23877052056540762,0.0,0.0,20.549999237060547,24.5,22.524999618530273,17.913835659589356,0.08860767439681921,0.7866912126168432,9.570218899326536,-0.4735249449138905,-0.3605580888713637,-0.11296685604252682,21.3083332379659,22.269230695871208,21.407848962808906,21.881373907722796,0.8260867664096797,1.1185770607957126,-0.2924902943860329,-0.2181130996863659,23.835517483041325,0.05000038146972585,-60.97417446018134,-25.406721691791535,-35.5674527683898,21.47499942779541,22.524999618530273,21.999999523162842,22.59999942779541,0.0202820671131641,7.179512574907582,21.83747192906033,20.306358404261854,-79.26412105171755,22.249999523162842,23.175000190734863,48.0,72.0,-24.0,21.22356472698363,22.975669052253764,0.0,0.0,37.82468384931022,0.10749940270586493,0.1133691081348102,0.14156533484112918,-17.863813235610863,27.027532967448696,8.860767439681922,9.704652352380087,-91.13923256031808,-1.0099998922908995,-6.487699052308033,-2.1640549030916425,-1.6349166534798563,-0.5291382496117862,-12.580552957124091,-9.326467398607676,-3.2540855585164152,21.48326207692814,-0.4761922927129847,-0.4773297004797783,339.9999919690583
2021-02-08 00:00:00+05:30,21.0,21.100000381469727,20.850000381469727,20.899999618530273,6475878,0.0,0.0,-86553048.09813067,27788935,-0.3936216035552533,-504776.014180104,-0.868605877826181,-1.0228264038599602,7721047.619883163,21.57811210798511,28.843181549655412,1739.185280701088,21.957499980926514,23.961315376098153,19.953684585754875,18.251762695318344,0.23612829681207761,0.0,0.0,21.211666615804035,21.891666730244953,20.531666501363116,6.411567056539306,0.2708331288076275,0.0,0.0,20.549999237060547,24.5,22.524999618530273,17.989300996792167,0.08860767439681921,0.7330220913551588,9.72602361828341,-0.4789612214724137,-0.3842387153915737,-0.09472250608083999,21.208333174387615,22.176923018235428,21.329718294458345,21.80867951593076,0.7966100599052889,1.2245762170782364,-0.4279661571729475,-0.23656956144612204,23.55246117899333,-0.1575007438659668,-65.82165798274204,-33.87660002141173,-31.945057961330306,21.47499942779541,22.524999618530273,21.999999523162842,22.59999942779541,0.01014103355658205,6.926195022389216,21.34949461027866,19.85259514995654,-81.87132945634643,22.112499713897705,23.175000190734863,44.0,68.0,-24.0,21.22356472698363,22.83012886334217,0.0,0.0,37.82468384931022,0.2406380750456392,0.16458002976532665,0.13993017961439494,-18.75845061278126,22.257137932010647,12.500008514945774,10.917732710801372,-87.49999148505422,-1.0491174361285047,-5.429867611883041,-2.1961954235814374,-1.7471724075001727,-0.4490230160812647,-14.157306286417509,-10.292635176169643,-3.8646711102478655,21.45540179778665,0.0,0.0,339.9999919690583
2021-02-09 00:00:00+05:30,20.899999618530273,21.100000381469727,20.75,20.799999237060547,8087024,0.0,0.0,-92329531.58733237,19701911,-0.4163218871452633,-548194.5100050655,-0.216397105174428,-0.3256082065013914,7682353.576834577,21.404219260435916,32.23213188953231,1739.185280701088,21.839999961853028,23.82585031806591,19.854149605640146,18.18544285422601,0.23814725728483,0.0,0.0,21.186666615804036,21.811666615804036,20.561666615804036,5.8999370815018715,0.1906660970052087,0.0,0.0,20.549999237060547,24.5,22.524999618530273,18.086084110983272,0.06329112701587397,0.6947199203666157,9.733935088316123,-0.4857394033779876,-0.40453885298885656,-0.08120055038913104,21.12499984105428,22.071153787466194,21.248223054858684,21.73396245823667,0.9108911302437686,1.1831683476828265,-0.272277217439058,-0.25298499846245065,23.272480683001554,-0.38999919891357493,-70.29327983194432,-41.99322791260258,-28.30005191934174,21.274999618530273,22.524999618530273,21.899999618530273,22.59999942779541,0.005070516778291025,6.521980001292513,20.653657727580125,20.136767686638386,-80.13303449433529,22.374999523162842,23.175000190734863,40.0,64.0,-24.0,21.22356472698363,22.693321085765273,0.0,0.0,36.862944332237156,0.17970822926917743,0.17594856900689385,0.1512992356356769,-19.77454931698834,22.34676153245774,8.928567779308954,10.09644791131221,-91.07143222069105,-1.1089703503776995,-4.587156123840477,-2.234932559174931,-1.8447244378351244,-0.39020812133980654,-13.911460514028981,-11.016400243741511,-2.8950602702874697,21.44885603972094,-0.47847073346865,-0.4796190691135127,337.894720780222
2021-02-10 00:00:00+05:30,20.799999237060547,20.850000381469727,20.25,20.350000381469727,9623401,0.0,0.0,-98745122.05668288,10078510,-0.4239110325443234,-1088526.642417421,-2.3380522442237153,-0.5499307437465045,7474155.519347362,21.259887255319295,32.54199290473322,1739.185280701088,21.680000019073486,23.603642905936702,19.75635713221027,17.745783073531797,0.15430183359747204,0.0,0.0,21.085000038146973,21.585000038146973,20.585000038146973,4.742708077736782,-0.2349996566772461,0.0,1.0,20.25,24.5,22.375,19.603321015963854,0.023529501522288603,0.6852479664769268,9.72903192123292,-0.5214117975861399,-0.42791344190831326,-0.0934983556778266,21.03333314259847,21.971153772794285,21.110034951260385,21.631446748846525,0.8232323504773765,1.1969695510140543,-0.3737372005366778,-0.2708201960741686,23.048670949451843,-0.7800004005432122,-74.02486613319155,-49.75064170702645,-24.274224426165098,21.024999618530273,22.375,21.699999809265137,22.59999942779541,0.0025352583891455126,6.757450120034627,19.481439214824377,23.723547474723265,-105.4047399284337,22.374999523162842,23.175000190734863,36.0,100.0,-64.0,21.22356472698363,22.56472177484299,0.0,0.0,32.819026811878985,0.0,0.1401154347716055,0.160214677847942,-21.797957072808476,20.623366817404044,3.2258183601356802,8.218131551463461,-96.77418163986432,-1.1848527908325188,-5.128206724217316,-2.4104342332717232,-1.9578663969224444,-0.4525678363492789,-12.21699055972286,-11.256518306937782,-0.9604722527850775,21.12098548175008,-2.163456115849427,-2.1872019393445186,328.4210606625206
2021-02-11 00:00:00+05:30,20.350000381469727,21.850000381469727,20.200000762939453,21.299999237060547,18483546,0.0,0.0,-92583968.54522781,28562056,-0.3473098929072942,1575455.3846793938,4.240260219693685,-0.3942971527693767,8337022.704512107,21.162072282663278,44.587676520079604,1739.185280701088,21.5875,23.39384362634869,19.781156373651307,16.735088605430846,0.4204191387658061,0.0,0.0,21.066666730244954,21.65666669209798,20.476666768391926,5.6012654437256195,0.6977394253406068,0.0,0.0,20.200000762939453,24.5,22.350000381469727,19.918931034443762,0.2558136440212594,0.7817231316822614,9.495232860370393,-0.46763485530794924,-0.4358577245882405,-0.031777130719708724,21.06666644414266,21.91538451268123,21.13926022599887,21.60689508130682,0.8484848718377513,1.1515151281622487,-0.3030302563244973,-0.2800712079474488,23.19424652153994,-0.037500762939451704,-73.05904142719989,-56.33409189626756,-16.724949530932328,21.02500057220459,22.350000381469727,21.687500476837158,22.59999942779541,50.00126762919457,7.070087000509946,25.39918447289856,20.30978078238544,-50.73279206843077,22.624999523162842,23.175000190734863,32.0,100.0,-68.0,21.22356472698363,22.379544032855552,0.0,0.0,46.22971249030815,1.0,0.39323607642305913,0.23643336006718618,-19.69944352835417,35.41332504901455,49.999956651144885,20.71811426352983,-50.000043348855115,-1.1679410317364862,1.9138738078044142,-2.164285305909237,-1.999150178719803,-0.16513512718943413,-3.49255009856219,-9.703724665262664,6.211174566700474,21.122071742832212,4.6682989571630085,4.562610626258001,348.42103656969573
2021-02-12 00:00:00+05:30,21.549999237060547,21.600000381469727,20.75,20.899999618530273,7408872,0.0,0.0,-97377952.36878243,21153184,-0.36435165284177057,927026.6191909628,1.7209061375476036,0.09782770696050273,8197889.085737921,21.131795824057296,45.347739372832486,1706.5245542338553,21.472499942779542,23.141175122859796,19.80382476269929,15.542439720824131,0.32845663101978445,0.0,0.0,21.033333396911623,21.64833354949951,20.41833324432373,5.847861972065664,0.3915985810570248,0.0,0.0,20.200000762939453,24.5,22.350000381469727,20.02561065790799,0.16279046041629888,0.7885508566610079,9.185392827233335,-0.45208155266155003,-0.4391024902029025,-0.01297906245864755,21.012499809265137,21.848076820373535,21.102450901772933,21.554532454434483,0.9463415478326662,1.0195120798414128,-0.07317053200874657,-0.2861361039024706,23.410408331211894,-0.12249956130981587,-71.94360395245631,-61.54208603667038,-10.40151791578593,21.02500057220459,22.350000381469727,21.687500476837158,22.59999942779541,75.00063381459728,7.360392675237028,23.521433676262184,18.808287414189817,-51.05457291789028,22.624999523162842,23.175000190734863,28.000000000000004,96.0,-68.0,21.22356472698363,22.161589705863943,0.0,0.0,42.392507692168365,0.7138696044221021,0.5712898681407007,0.3682137931117884,-19.076269781694506,34.05427749947585,31.818146350936725,28.347973787405753,-68.18185364906327,-1.1641174204209257,-3.016239635927404,-2.0973851027260015,-2.0187971635210427,-0.07858793920495888,-5.543663880020311,-8.871712508214193,3.3280486281938817,21.117262245530792,-1.8779325486279919,-1.89578961779997,339.9999919690583
2021-02-15 00:00:00+05:30,20.899999618530273,21.149999618530273,20.5,20.549999237060547,7249180,0.0,0.0,-103511890.2702282,13904004,-0.393626604510971,432134.8499718664,-3.138287564121355,0.06053083397169555,8076491.20001293,21.10886471882749,46.497861301338304,1677.9463601730408,21.327499866485596,22.77265604482019,19.882343688151,13.552044893977842,0.23099771461343235,0.0,0.0,20.966666730244956,21.586666806538897,20.346666653951008,5.914150153391608,0.16397786942621126,0.0,0.0,20.200000762939453,24.5,22.350000381469727,20.161759531025204,0.08139500842338535,0.7746957328479345,8.714332815310366,-0.46266424850983157,-0.4438148418642883,-0.018849406645543243,20.945833047231037,21.761538358835075,21.01745833797103,21.48012258648086,0.9700000762939454,1.055000114440918,-0.08500003814697266,-0.2923566204053454,23.64100898999273,-0.0774998664855957,-72.3012354079111,-65.53547658650189,-6.765758821409207,21.02500057220459,22.350000381469727,21.687500476837158,22.59999942779541,62.442355583169515,7.213845937157787,22.171560087586776,19.936170831296103,-90.42101430349398,22.624999523162842,23.175000190734863,24.0,92.0,-68.0,21.22356472698363,21.965430811571494,0.0,0.0,39.31732203812264,0.48456099725728713,0.7328102005597964,0.5657787150411854,-19.49962245015864,31.688093325407873,15.90902982661325,32.575710942898276,-84.09097017338675,-1.1691175236421465,-3.7470778928112973,-2.1539181010122483,-2.045821351019284,-0.10809674999296437,-7.3117748689001685,-8.559724980351389,1.2479501114512201,21.089058672000732,-1.6746430041051807,-1.6888236902389941,332.6315628854852
2021-02-16 00:00:00+05:30,20.600000381469727,20.75,20.25,20.350000381469727,5968221,0.0,0.0,-107092813.76344568,7935783,-0.39441253935770487,199881.67570258537,-2.722752804103071,-0.30828705663864636,8018406.654308399,21.01712161113135,36.084901735092274,1661.6160748087386,21.15999984741211,22.180588061201874,20.139411633622345,9.646391504247422,0.10317028209908462,0.0,0.0,20.880000050862627,21.505000050862627,20.255000050862627,5.986590023731145,0.07600026448567973,0.0,0.0,20.200000762939453,23.350000381469727,21.77500057220459,14.8865767544678,0.047618932284271276,0.7472261595631411,8.463350895241396,-0.4816373320448193,-0.4513793399003946,-0.030257992144424706,20.870833079020183,21.669230681199295,20.91477249850929,21.39640983055411,0.9653180057467424,1.1907514093984002,-0.22543340365165776,-0.2996629243595977,23.75885097008893,0.1399993896484375,-72.01851828873065,-68.37280984086865,-3.645708447861992,21.02500057220459,22.350000381469727,21.687500476837158,22.59999942779541,43.63423580539107,6.721319752590967,21.165333004039386,21.300578163264973,-136.63379896707949,22.624999523162842,23.175000190734863,20.0,88.0,-68.0,21.22356472698363,21.78888780670829,0.0,0.0,37.63719116027152,0.35927800143302596,0.5192362010374717,0.6077787565793229,-20.358268885111023,31.5403054930945,9.090888073288443,18.939354750279467,-90.90911192671156,-1.22617639092838,-4.235292322495404,-2.251019380630111,-2.0868609569414494,-0.16415842368866151,-9.81403624295356,-8.810587232871823,-1.0034490100817361,21.047189376215208,-0.9732304769634048,-0.9779973182190371,328.4210606625206
2021-02-17 00:00:00+05:30,20.450000762939453,20.700000762939453,20.25,20.299999237060547,6633259,0.0,0.0,-112252040.1993292,1302524,-0.46523379008953647,123945.64472186021,-0.16959759014111067,-0.16120993278828524,8002108.347922887,20.966141569002584,36.20308690591606,1661.6160748087386,21.05749979019165,21.987163821417624,20.127835758965674,8.829766501139918,0.09259446010180487,0.0,0.0,20.82333335876465,21.45833339691162,20.188333320617676,6.098927844131129,0.0879259131768943,0.0,0.0,20.200000762939453,23.350000381469727,21.77500057220459,14.95903905931657,0.03174555118446364,0.7175036199007723,8.135102149105979,-0.4950022342881226,-0.4601039187779402,-0.03489831551018241,20.787499745686848,21.559615281911995,20.820191996747944,21.315194231036067,0.9221557378640666,1.113772312837141,-0.1916165749730745,-0.3073050697989968,23.839206568852354,0.14250097274780416,-71.43392095348509,-70.20781093753803,-1.2261100159470573,21.02500057220459,22.350000381469727,21.687500476837158,22.59999942779541,27.96568558546956,6.263974009778919,20.273553363320676,20.403100106202892,-136.3224879461237,22.624999523162842,23.175000190734863,16.0,84.0,-68.0,21.22356472698363,21.629999102331404,0.0,0.0,37.20909102819512,0.3273556864715328,0.39039822838728194,0.5474815433281833,-21.17983989369725,29.682094956681368,6.06051498424992,10.35347762805053,-93.93948501575008,-1.2205881230971407,-4.694835848914343,-2.322297554142729,-2.1339482763817053,-0.18834927776102361,-11.220364070670506,-9.29254260043156,-1.9278214702389462,21.01779955035217,-0.24570586472670852,-0.24600821695281994,327.3684049907484
2021-02-18 00:00:00+05:30,20.299999237060547,20.5,20.100000381469727,20.149999618530273,7389525,0.0,0.0,-117794210.37635516,-6087001,-0.4610696666459429,-52107.437541251056,-0.9472869979690224,-0.39181039012033764,7947506.083254012,20.898090846534757,30.677812418870886,1661.6160748087386,20.959999752044677,21.839545087403096,20.08045441668626,8.392608261100936,0.0395347454237109,0.0,0.0,20.74666665395101,21.386666615804035,20.10666669209798,6.169665445809291,0.033853850793075006,0.0,0.0,20.100000381469727,23.350000381469727,21.725000381469727,15.505725374271334,0.015384380634014424,0.6857532197637224,7.786449787350691,-0.5117980419764514,-0.4704427434176425,-0.04135529855880893,20.699999650319416,21.428846065814678,20.71708547702215,21.2288835189986,0.8650306533100801,1.1595090789777924,-0.2944784256677123,-0.3156395004082811,23.84347353890418,-0.060000133514403586,-72.15347285107269,-71.44995520319263,-0.7035176478800622,20.975000381469727,22.300000190734863,21.637500286102295,22.59999942779541,16.999165309992666,6.094554130966657,19.487556443874052,21.065937229951135,-158.5760881865899,22.699999809265137,23.175000190734863,12.0,100.0,-88.0,21.22356472698363,21.486999268392207,0.0,0.0,35.89022924788614,0.22901158894113266,0.3052150922818972,0.4049498405688836,-22.24381956392521,29.68513265748834,2.8570992606026784,6.002834106047007,-97.14290073939732,-1.3074999528772722,-4.952835408594549,-2.410857083079392,-2.1893300377212426,-0.22152704535814927,-11.579827444037557,-9.74999956915276,-1.8298278748847974,20.96328591776447,-0.7389144047672103,-0.741657900332493,324.2105182848479
2021-02-19 00:00:00+05:30,20.0,20.5,20.0,20.049999237060547,9388722,0.0,0.0,-125305216.62846087,-15475723,-0.45539623052830747,-178788.62953724578,-0.26627793822664725,-0.3856559303813218,7900911.750783167,20.80487422261539,30.585996625731156,1661.6160748087386,20.87249975204468,21.74855646107649,19.996443043012867,8.394363103978405,0.030566625137126206,0.0,0.0,20.65499998728434,21.275000063578286,20.034999910990397,6.003389752366303,0.012096229213235398,0.0,0.0,20.0,22.399999618530273,21.199999809265137,11.498381348861525,0.020833018753213684,0.6671778977873501,7.467526028635181,-0.5271019326531956,-0.48177458126475314,-0.04532735138844246,20.62916628519694,21.309615281911995,20.614456824720364,21.14155875737356,0.8571429248393385,1.1552794810306506,-0.2981365561913121,-0.32442479195414675,23.88628543323782,0.12750024795532156,-72.55136183373648,-72.19770007552535,-0.3536617582111319,20.925000190734863,22.25,21.58750009536743,22.59999942779541,9.949782589496149,6.109495383968809,18.5209507335842,21.013069274438838,-155.20111112793035,22.97499942779541,23.175000190734863,8.0,100.0,-92.0,21.22356472698363,21.32055940196151,0.0,0.0,34.99957493066337,0.16259780976686053,0.23965502839317532,0.31175611635411815,-23.382577871356077,29.06705778926329,2.702660905443984,3.8734250500988536,-97.29733909455602,-1.3866176549126124,-4.066987545378243,-2.493202789360826,-2.2501045880491595,-0.2430982013116667,-9.903874794378336,-9.780774614197874,-0.12310018018046165,20.90591488933559,-0.4962798181780803,-0.4975153760457207,322.10524709601145
2021-02-22 00:00:00+05:30,19.649999618530273,20.899999618530273,19.649999618530273,20.100000381469727,12648551,0.0,0.0,-128846795.46833514,-2827172,-0.44592173240053046,-62898.53601508582,0.24706010327065764,-0.32750288085197743,7932454.99513147,20.720662885750386,38.96945236604332,1661.6160748087386,20.80499973297119,21.700488381213482,19.909511084728898,8.608398555498622,0.10636053126677272,0.0,0.0,20.58166662851969,21.30166670481364,19.86166655222575,6.996518691020418,0.16550958610362398,0.0,0.0,19.649999618530273,22.399999618530273,21.024999618530273,13.217976617619831,0.16363664106889206,0.7254601080086152,7.076942293070039,-0.5290966054795092,-0.4912389861077044,-0.03785761937180482,20.554166316986084,21.190384498009315,20.53530967960488,21.064406285084388,0.8305084818820206,1.0790961279962343,-0.2485876461142137,-0.33212527014169657,24.10998258025276,0.09499988555908345,-72.10649905933784,-72.39916887856906,0.2926698192312216,20.75,22.074999809265137,21.41249990463257,22.449999809265137,5.6420299378688545,5.96353186349848,20.108903084381062,18.537536494674743,-127.46017872136039,22.862499713897705,23.175000190734863,4.0,100.0,-96.0,21.22356472698363,21.135681085686898,0.0,0.0,35.85670587769765,0.22651183829509283,0.206040412334362,0.25030351100314485,-24.11092320557253,23.124819558242415,20.45457304015661,8.67144440206775,-79.54542695984338,-1.409852964737837,-4.285712469191778,-2.511804027698422,-2.302444475979012,-0.2093595517194098,-5.5935628041955034,-8.9433322521974,3.349769448001897,20.86081577552808,0.2493822758694142,0.24907183428886093,323.1579027677837
2021-02-23 00:00:00+05:30,20.200000762939453,20.350000381469727,20.049999237060547,20.049999237060547,6027367,0.0,0.0,-134874162.46833515,-8854539,-0.4454334636856356,-96966.63769494844,-0.37329780333620327,-0.24608214321128158,7917461.201994433,20.67520757614366,39.71474495000363,1657.482606961359,20.762499713897704,21.714799596686543,19.810199831108864,9.17326811233045,0.12590540557950228,0.0,0.0,20.50833326975505,21.22333342234294,19.79333311716716,6.97277680426958,0.1794867588240397,0.0,0.0,19.649999618530273,22.399999618530273,21.024999618530273,13.245033295096182,0.14545440673828125,0.6829142116486716,6.524812602422202,-0.5286184876697497,-0.49871488642011347,-0.029903601249636258,20.483332951863606,21.059615208552433,20.46064653459806,20.98926502226781,0.9090907908668356,1.0965909398784282,-0.1875001490115925,-0.33862627343029417,24.111937759084707,0.13749990463256978,-71.09539528042515,-72.07367211715058,0.9782768367254278,20.75,22.074999809265137,21.41249990463257,22.22499942779541,3.0966229663656897,5.8279943087760335,19.514695022993113,17.989761532649855,-119.3328091741736,22.749999523162842,23.175000190734863,0.0,96.0,-96.0,21.22356472698363,20.899999618530273,0.0,0.0,35.35463843187382,0.18907397285981595,0.19272787364058977,0.21280777145604235,-24.85800168496173,22.40346939195279,18.18179453700862,13.779676160869732,-81.81820546299139,-1.3911765266867242,-4.066987545378243,-2.518518333581147,-2.345659247499439,-0.17285908608170786,-7.993377589544397,-8.7533413196668,0.7599637301224034,20.818392612500276,-0.24876190776232932,-0.24907183428886093,322.10524709601145
2021-02-24 00:00:00+05:30,20.049999237060547,20.299999237060547,19.600000381469727,20.100000381469727,4004552,0.0,0.0,-133157916.54414421,-4849987,-0.47932762058951184,-54509.66333194591,-4.370019764950114,-0.5582264121362897,7927447.844910407,20.6285454109197,34.131218094318726,1661.6160748087389,20.689999771118163,21.61173730059424,19.768262241642088,8.909981050485644,0.1799526053887607,0.0,0.0,20.459999910990398,21.1849999109904,19.7349999109904,7.086999053314316,0.2517244623995359,0.0,0.0,19.600000381469727,21.850000381469727,20.725000381469727,10.87481887332279,0.2222222222222222,0.6846226760428864,5.964042437517392,-0.518231056354022,-0.5026181204068952,-0.01561293594712676,20.416666348775227,20.921153655418983,20.405162511039855,20.923393567393877,0.8633879724466281,1.0983608266011566,-0.2349728541545285,-0.34298733327511033,24.028371768931045,0.10999946594238352,-70.98516847285953,-71.84324178889054,0.8580733160310103,20.600000381469727,21.475000381469727,21.037500381469727,22.125,1.5483114831828448,5.960530742446644,18.165841527941602,21.189728472786264,-126.56151925979371,22.875,23.175000190734863,8.0,100.0,-92.0,21.22356472698363,20.899999618530273,0.0,0.0,36.31495368291166,0.26068218694110507,0.2254226660320046,0.20806365066898547,-25.255589535561175,29.492124457390283,22.22222222222222,20.28619659979581,-77.77777777777777,-1.4123531004961798,-3.8277476156088284,-2.4768021243055482,-2.371887822860661,-0.10491430144488723,-11.868893584844729,-9.376451772702387,-2.492441812142342,20.806516556857247,0.2493822758694142,0.24907183428886093,323.1579027677837
2021-02-25 00:00:00+05:30,20.200000762939453,20.299999237060547,19.950000762939453,20.049999237060547,6799556,0.0,0.0,-136072054.32105973,-11649543,-0.5054641011220089,-95291.93735228281,0.9007911653070071,-0.5929684331609216,7910533.13968544,20.56178098229943,32.762045720336985,1661.6160748087389,20.624999713897704,21.534669994315795,19.715329433479614,8.821045265810397,0.18395115834009476,0.0,0.0,20.35833320617676,20.95333309173584,19.763333320617676,5.845271118546753,0.24089577443658688,0.0,0.0,19.600000381469727,21.850000381469727,20.725000381469727,10.909091060417746,0.1999994913736979,0.6511602558507071,5.297156734871319,-0.5081756837221576,-0.5037296330699477,-0.004446050652209932,20.354166348775227,20.832692072941708,20.350522007350733,20.85869769107289,0.8977273072093016,1.142045466860465,-0.24431815965116332,-0.34555051077428595,23.903832196797303,-0.2749993324279778,-74.29242953539628,-72.1042224092172,-2.18820712617908,20.375,21.475000381469727,20.925000190734863,22.050000190734863,0.7741557415914224,6.083600287997925,17.514000235156193,20.42938164380906,-98.09812549661575,22.637499809265137,23.175000190734863,4.0,96.0,-92.0,21.22356472698363,20.665999755859374,0.0,0.0,35.74314090789393,0.21804359345460825,0.22259991775184307,0.2135834858081458,-25.738692066284447,30.579905719184502,19.999949137369793,20.13465529886687,-80.0000508626302,-1.3642648809096407,-3.6057693630280627,-2.436277140828628,-2.3847656864542546,-0.05151145437437332,-12.25303841652602,-9.951769101467114,-2.3012693150589065,20.548846472636935,-0.24876190776232932,-0.24907183428886093,322.10524709601145
2021-02-26 00:00:00+05:30,20.0,20.049999237060547,19.649999618530273,19.75,8908610,0.0,0.0,-140526338.0812581,-20558153,-0.49338873109239656,-463475.40391195077,-1.234761921079078,-0.6191224362504143,7777237.563377889,20.48462732962869,32.21100856909733,1661.6160748087389,20.549999713897705,21.488082784534072,19.61191664326134,9.129762371743034,0.07359868281440692,0.0,0.0,20.23166650136312,20.781666310628253,19.68166669209798,5.437019330346117,0.06212121054489151,0.0,0.0,19.600000381469727,21.850000381469727,20.725000381469727,10.948905261922478,0.06666649712456597,0.6260441921186637,5.369906530006761,-0.5184379299587505,-0.5066712924477083,-0.011766637511042233,20.304166316986084,20.742307442885178,20.25813400621985,20.776571936178602,0.8659216853206807,1.1173185786223059,-0.2513968933016252,-0.34888533884462125,23.6118099696711,0.7499995231628418,-77.37801655862096,-72.66830920374052,-4.709707354880436,20.25,21.475000381469727,20.862500190734863,22.050000190734863,0.3870778707957112,6.727293181850098,16.773233862505673,22.737497630402377,-127.7234546372079,22.637499809265137,23.175000190734863,0.0,92.0,-92.0,21.22356472698363,20.474119868469238,0.0,0.0,32.44243595835256,0.0,0.1595752601319044,0.20253261463858405,-27.038620412261967,31.54395464765478,6.666649712456597,16.296273690682863,-93.3333502875434,-1.3545590793385216,-2.9484047676779115,-2.495300627799842,-2.406872674723372,-0.08842795307647,-10.3439791902822,-10.030211119230131,-0.3137680710520687,20.28246547148503,-1.496255603371921,-1.5075624353603878,315.7894736842105
2021-03-01 00:00:00+05:30,19.950000762939453,19.950000762939453,19.649999618530273,19.649999618530273,7744360,0.0,0.0,-148270698.0812581,-28302513,-0.5169750265828225,-507898.76824437093,-0.19368712634420318,-0.6175002949053983,7738025.464429084,20.409266032941993,32.4236113798554,1653.2027967663537,20.46749973297119,21.417381324216354,19.51761814172603,9.28185272884107,0.06968314683870803,0.0,0.0,20.133333206176758,20.648333168029787,19.61833324432373,5.115893693102249,0.030744054904980143,0.0,0.0,19.600000381469727,21.850000381469727,20.725000381469727,10.993037886183355,0.022221883138020832,0.5934398873477152,5.53629789666139,-0.5285472652190961,-0.5110464870019858,-0.01750077821711027,20.166666348775227,20.659615149864784,20.164574869652224,20.69312213487132,0.8764044462227316,1.129213445822617,-0.25280899959988545,-0.3528891532352697,23.40366779430089,0.43249988555908203,-80.19398021454074,-73.57669386216385,-6.617286352376894,20.25,21.0,20.625,22.050000190734863,0.1935389353978556,7.325008011855687,16.219154300279577,21.98639722624404,-125.98422709536032,22.637499809265137,23.175000190734863,8.0,88.0,-80.0,21.22356472698363,20.316778360809327,0.0,0.0,31.401484771865356,0.0,0.07268119781820274,0.15161879190065006,-28.43379335882281,31.01880646061348,2.2221883138020835,9.629595721209485,-97.77781168619792,-1.3480883822721594,-7.746477359770918,-2.554217105443006,-2.436341560867299,-0.11787554457570693,-9.871468458710684,-9.998462587126243,0.1269941284155589,20.086114853979026,-0.5063310454163417,-0.5076172445078075,313.68420249537417
2021-03-02 00:00:00+05:30,19.75,19.799999237060547,19.649999618530273,19.649999618530273,5837375,0.0,0.0,-154108073.0812581,-22465138,-0.5247109241629926,-435341.80135231797,-0.19272508328482302,-0.4642626405526202,7738025.464429084,20.366878360056987,33.565511159228194,1653.2027967663537,20.389999675750733,21.34110415873408,19.438895192767387,9.329127004493962,0.11097856730772199,0.0,0.0,20.05833314259847,20.538333066304524,19.578333218892418,4.786039999372265,0.07465251148846372,0.0,0.0,19.600000381469727,21.850000381469727,20.725000381469727,11.034821166161485,0.022221883138020832,0.549095860465971,5.637093318779042,-0.530444353924846,-0.514926060386558,-0.015518293538288042,20.062499682108562,20.59038433661828,20.085409446402693,20.61585380032754,0.9289940280793357,1.124260507291603,-0.19526647921226725,-0.3565484886289757,23.133738200748297,0.15999956130981374,-82.23866974211683,-74.77722150534515,-7.461448236771673,20.25,21.0,20.625,22.050000190734863,0.0967694676989278,7.880028925432305,15.935702981494371,21.60215565768046,-124.23451112050493,22.549999713897705,23.175000190734863,4.0,84.0,-80.0,21.22356472698363,20.187758324528197,0.0,0.0,31.40148477186537,9.58365017386877e-16,3.194550057956257e-16,0.07741881931670248,-29.616238053983114,32.22519810108887,2.2221883138020835,3.703675446686914,-97.77781168619792,-1.3261766826405257,-5.980861353182658,-2.572992411870996,-2.4636717310680383,-0.10932068080295787,-11.321728492845379,-10.26311576827007,-1.0586127245753083,19.96228756574422,0.0,0.0,313.68420249537417
2021-03-03 00:00:00+05:30,19.75,22.799999237060547,19.700000762939453,22.100000381469727,59903345,0.0,0.0,-121257820.7173444,37438207,-0.2195065435109143,20593027.163501624,7.891878904037869,-0.20343273452803562,15206892.83347601,20.72615791992816,52.06032147773646,1653.2027967663537,20.449999713897704,21.642895440114092,19.257103987681315,11.666462033304608,1.1915946764288754,1.0,0.0,20.16999982198079,20.914999516805015,19.425000127156576,7.387205764992981,1.795302919516168,1.0,0.0,19.600000381469727,22.799999237060547,21.199999809265137,15.64791638317784,0.7812502793968723,0.8091862362724012,5.628560332089471,-0.33044407077976956,-0.4780296624652003,0.14758559168543073,20.19166644414266,20.636538212115948,20.39534651333608,20.72579058411585,0.9447234967167721,0.8994974758777878,0.045226020838984304,-0.3367149757165752,23.443538524349076,-0.0999993324279771,-72.87959863862832,-74.8579021484069,1.97830350977857,21.199999809265137,21.199999809265137,21.199999809265137,22.050000190734863,50.04838473384947,10.355143074584868,38.4000770133029,15.482808936841263,155.5388938810318,22.424999713897705,23.175000190734863,100.0,80.0,20.0,19.600000381469727,20.187758324528197,1.0,0.0,64.11644120837761,1.0,0.33333333333333365,0.13533817705051224,-17.743996114898387,50.70804127115452,78.12502793968723,27.52313485576379,-21.874972060312768,-1.002941361595603,7.542584924352973,-1.5943617177769827,-2.289809728409827,0.6954480106328444,26.421238199126023,-2.926244974790851,29.347483173916874,20.292390640960328,12.46819750891528,11.750030688272783,365.2631659256785
2021-03-04 00:00:00+05:30,21.700000762939453,22.700000762939453,21.299999237060547,21.950000762939453,20160340,0.0,0.0,-122697821.46055561,17277867,-0.20916247671580288,17219159.953081306,5.2082511723967935,0.045663339389763635,15070058.296949206,20.860738871061233,60.41019320686692,1641.9819920338768,20.49749975204468,21.8404352551915,19.154564248897856,13.103407921864827,1.0407932873511847,1.0,0.0,20.34333318074544,21.188333066304523,19.49833329518636,8.307388745506634,1.4506910057928495,1.0,0.0,19.600000381469727,22.799999237060547,21.199999809265137,15.6116545642188,0.7343753818423921,0.8682677652330517,5.573487330949149,-0.18194872938612505,-0.4188134758493852,0.23686474646326017,20.324999809265137,20.651922886188213,20.634524090198138,20.816472819584263,1.0476188659667969,0.8904760451543898,0.15714282081240705,-0.30248748923759583,23.805712921480037,-0.19750051498413157,-66.0866185433975,-74.13959733836924,8.052978794971736,21.199999809265137,21.199999809265137,21.199999809265137,22.050000190734863,75.02419236692474,12.653463355940817,33.81524712477633,13.634217717938643,190.8869963346088,22.362499713897705,23.175000190734863,96.0,76.0,20.0,19.649999618530273,20.187758324528197,0.0,0.0,62.1618140498776,0.9402527965368616,0.6467509321789542,0.3266947551707627,-9.75373745968413,51.58869067752338,73.43753818423922,51.26158481257617,-26.562461815760784,-0.5919119386112008,7.862409589567637,-0.8740612829227562,-2.006660039312413,1.132598756389657,26.149671238619614,2.888938267891242,23.260732970728373,20.548356828162586,-0.6787312938512202,-0.6810451505538939,362.105279219778
2021-03-05 00:00:00+05:30,22.25,22.450000762939453,21.049999237060547,21.350000381469727,13301175,0.0,0.0,-130298477.35650441,3976692,-0.20526809482207034,13619178.52064175,-2.6313493467285904,0.0818732120606754,14706472.429222483,20.923574464275713,58.14249576766262,1597.0986304236965,20.51999979019165,21.90361859422533,19.136380986157974,13.485563530025305,0.7999383171356037,0.0,0.0,20.48666655222575,21.42166659037272,19.551666514078775,9.127888480670276,0.9616758256796306,0.0,0.0,19.600000381469727,22.799999237060547,21.199999809265137,15.594536492736157,0.5468751955778106,0.9214411412976371,5.508931517680886,-0.11139601394554433,-0.3573299834686171,0.24593396952307278,20.41249990463257,20.651922886188213,20.744597365778382,20.855993379723927,1.0444442673671692,0.8799998168945623,0.16444445047260692,-0.26487078932976055,24.20241876693809,-0.37000017166137766,-58.220990390211306,-72.59676304179963,14.375772651588328,21.199999809265137,21.199999809265137,21.199999809265137,22.050000190734863,87.51209618346238,14.317706140940642,29.96263082348889,14.115339005859148,130.729171807566,22.362499713897705,23.175000190734863,92.0,72.0,20.0,19.700000762939453,20.187758324528197,0.0,0.0,54.94612741625921,0.7196904782705543,0.8866477582691387,0.6222440079271422,-5.950725558879821,46.50793337861412,54.68751955778106,68.75002856056916,-45.31248044221894,-0.16044123593498583,5.1724196249832985,-0.5341199142009839,-1.7121520142901274,1.1780321000891436,22.293390813298565,6.769828776972707,15.523562036325858,20.607019753713796,-2.733486836514243,-2.7715416737173815,349.4736922414679
2021-03-08 00:00:00+05:30,21.399999618530273,23.200000762939453,21.399999618530273,22.049999237060547,21831519,0.0,0.0,-136362807.46775046,25808211,-0.2013341203346818,13856729.919951392,4.534732433176185,0.6002650147234794,15422258.754410233,21.086534086033843,64.9602773762758,1597.0986304236965,20.577499771118163,22.107361101835995,19.04763844040033,14.869263493955573,0.9812525934136355,0.0,0.0,20.68666655222575,21.676666704813638,19.696666399637856,9.571384061211868,1.1885517549017575,1.0,0.0,19.600000381469727,23.200000762939453,21.40000057220459,17.494838641779783,0.6805551655498965,1.014297065314846,5.365161400804752,0.0009901648535546315,-0.2856659538041828,0.28665611865773744,20.570833206176758,20.68269208761362,20.945428422898715,20.94443825804516,1.0833332576449093,0.7976189935558876,0.2857142640890217,-0.21954441189476684,24.668680420914313,-0.5275005340576158,-46.59967729100527,-69.87501659853075,23.275339307525478,21.40000057220459,21.40000057220459,21.40000057220459,22.050000190734863,93.75604809173119,16.456744223572496,31.438387974636605,12.146062513806726,173.1400208559021,22.524999618530273,23.175000190734863,100.0,68.0,32.0,19.762000732421875,20.187758324528197,0.0,0.0,60.680575483690994,0.8949756900531299,0.8516396549535153,0.795012781800536,-0.589416201173168,45.33510023913032,68.05551655498965,65.39352476566997,-31.94448344501035,0.3880881646100214,9.429278682382716,0.004727578946521949,-1.3687760956427977,1.3735036745893197,23.131182448911918,10.04209951136055,13.089082937551368,20.76262073166826,3.2786831057781685,3.2260809750357833,364.21051025390625
2021-03-09 00:00:00+05:30,22.450000762939453,22.950000762939453,21.450000762939453,21.75,13346799,0.0,0.0,-144370900.4448165,12461412,-0.20597531926268442,11305192.857501129,-1.1238585498524045,0.5321035176012441,15240670.10789134,21.17423462465084,62.48987758422208,1575.3694518651657,20.624999809265137,22.23636594754859,19.013633670981683,15.625368758157258,0.8490827329700795,0.0,0.0,20.876666641235353,21.986666679382324,19.766666603088378,10.633881904829707,0.8933933913293309,0.0,0.0,19.600000381469727,23.200000762939453,21.40000057220459,17.45454746551095,0.5972220529744834,1.0628673587833615,5.233518731490494,0.06509916733972076,-0.21551292957540208,0.28061209691512284,20.71249993642171,20.699999809265137,21.069208665529683,21.004109498189962,1.080586099524183,0.8278388191375375,0.2527472803866454,-0.17326746083271044,25.131345911823377,-0.5249994277954109,-36.23451125376872,-66.01383246307621,29.77932120930749,21.425000190734863,21.40000057220459,21.412500381469727,22.050000190734863,96.8780240458656,18.442993871730646,28.02444313547769,10.827102156533785,133.21887683386885,22.237499713897705,22.59999942779541,96.0,64.0,32.0,19.89952073364258,20.187758324528197,0.0,0.0,57.31371177454024,0.7920605687787182,0.8022422457008008,0.8468432196411516,2.299657904213049,42.67874190445474,59.72220529744834,60.821747136739674,-40.27779470255166,0.8860295912798719,8.478807120337246,0.3099353835749652,-1.0330337997992451,1.3429691833742103,19.431920418981402,11.920063692884721,7.511856726096681,20.84131677592463,-1.3605408047195011,-1.3698809757732633,357.8947368421052
2021-03-10 00:00:00+05:30,21.850000381469727,22.100000381469727,21.5,21.600000381469727,7151179,0.0,0.0,-149138345.53382605,5310233,-0.20142299250047782,9536926.146137867,-3.356096888511151,0.3600456682768063,15191351.75745264,21.22918353129429,62.40351987150649,1564.5048625859004,20.687499809265137,22.34758297516642,19.027416643363853,16.04914253734805,0.7748358006838708,0.0,0.0,21.05,22.150000190734865,19.949999809265137,10.451308225509397,0.7500001300464747,0.0,0.0,19.600000381469727,23.200000762939453,21.40000057220459,17.40181469322564,0.5555554966867768,1.0165806610519978,5.066873252041808,0.10261936590236331,-0.15188647047984902,0.25450583638221236,20.83749993642171,20.71538440997784,21.150868929520456,21.048249563618093,1.0938627452870593,0.877256282887987,0.21660646239907233,-0.12937221465912216,25.466721874739314,-0.6375005722045906,-26.524073042329395,-60.7062372971799,34.182164254850505,21.425000190734863,21.40000057220459,21.412500381469727,22.050000190734863,98.4390120229328,20.28736854502036,26.772099227903308,10.343265408846367,89.4271859070564,22.237499713897705,22.59999942779541,92.0,60.0,32.0,20.031539934814454,20.187758324528197,0.0,0.0,55.651050059984,0.7412378902346445,0.8094247163554975,0.8211022056699379,3.9475636620057335,42.4423933697327,55.555549668677685,61.11109050703855,-44.444450331322315,1.013676671420825,7.462686425532889,0.4875434681263991,-0.7289183462141163,1.2164618143405155,13.11545890778904,12.159142735865586,0.9563161719234543,20.889759731219712,-0.6896534185299896,-0.6920425183938317,354.73685013620474
2021-03-12 00:00:00+05:30,21.799999237060547,22.25,21.350000381469727,21.5,10594533,0.0,0.0,-156201375.01807666,-5284300,-0.26255956933212565,8023157.076476228,0.0,0.3790655210072811,15142302.807323802,21.303869984966617,61.80654046451563,1564.5048625859004,20.69749984741211,22.37454376956679,19.02045592525743,16.205280198268664,0.7392603264549058,0.0,0.0,21.210000038146973,22.365000343322755,20.05499973297119,10.89109196698229,0.6255410758566387,0.0,0.0,19.600000381469727,23.200000762939453,21.40000057220459,17.39340697190462,0.5277776158886363,1.0049225567998255,4.872341114479375,0.12286884299628298,-0.09693540778462262,0.2198042507809056,20.958333333333332,20.738461347726677,21.204581401901923,21.08171255890564,1.087719286504473,0.8701754292035783,0.21754385730089465,-0.0896396681071429,25.769442119082235,-0.5974994659423842,-17.73022814103053,-54.078705250780956,36.34847710975043,21.425000190734863,21.40000057220459,21.412500381469727,22.050000190734863,99.2195060114664,22.00000217021795,24.969605435507606,9.646881029951068,79.88079458990333,22.237499713897705,22.59999942779541,88.0,56.00000000000001,31.999999999999993,20.158278367939452,20.187758324528197,0.0,0.0,54.515614584381694,0.7065309671853728,0.7466098087329119,0.7860922569297367,4.869020066149207,41.26107270932262,52.777761588863626,56.018505518329874,-47.222238411136374,0.9950002501992614,7.2319242798736,0.5828219251778904,-0.466570291935715,1.0493922171136054,9.691702804504715,11.665654749593413,-1.9739519450886984,20.92625218367268,-0.4629647208502563,-0.4640397217137604,352.6315789473684
2021-03-15 00:00:00+05:30,21.600000381469727,21.649999618530273,20.700000762939453,21.049999237060547,8678042,0.0,0.0,-158485090.4555045,-13962342,-0.2508851210794882,6319116.705433822,-6.841972932883508,-0.1272939815751593,14960669.062169354,21.367031762331628,56.723505787049945,1531.7593564563126,20.70499982833862,22.386933611357527,19.023066045319716,16.246643776513032,0.6025603422099903,0.0,0.0,21.341666730244953,22.551666959126788,20.131666501363117,11.339322689047982,0.3794762652838767,0.0,0.0,19.600000381469727,23.200000762939453,21.40000057220459,17.387106550672176,0.40277741720650806,0.999430186678925,4.804681730945936,0.10143610643371659,-0.05726110494095478,0.15869721137467135,21.03749990463257,20.740384395305927,21.180799530387866,21.07936342395415,1.0681004093894597,0.9390680763453507,0.129032333044109,-0.05843358997456578,25.9805641208573,-0.6550005912780748,-9.125426673906789,-46.18219930182163,37.056772627914846,21.425000190734863,21.40000057220459,21.412500381469727,22.050000190734863,99.60975300573318,22.236313612811625,23.19443297478298,13.825335756913962,30.118724612293335,21.999999523162842,22.59999942779541,84.0,52.0,32.0,20.27994726373945,20.187758324528197,0.0,0.0,49.610399069615404,0.5565929556741694,0.668120604364729,0.7413850431510461,4.043982092673593,33.72436720685646,40.27774172065081,49.53701765939737,-59.72225827934919,0.8910296720616948,4.7263623759262625,0.48121048246858683,-0.27701413705485467,0.7582246195234414,5.7082833878029575,10.474180477235322,-4.7658970894323645,20.932300226099127,-2.0930268043695466,-2.115241124938194,343.1578786749589
2021-03-16 00:00:00+05:30,21.25,21.649999618530273,20.899999618530273,21.399999618530273,9347244,0.0,0.0,-155369342.4555045,-4615098,-0.21109073509514967,5883748.456899079,0.8023709539042483,-0.04331764177226993,15116086.595863642,21.401770736091386,60.391380659213915,1531.7593564563126,20.747499847412108,22.45439063155422,19.040609063269997,16.45394188885863,0.6911369424394994,0.0,0.0,21.498333358764647,22.753333473205565,20.24333324432373,11.675324719339395,0.4608232146344546,0.0,0.0,19.600000381469727,23.200000762939453,21.40000057220459,17.351490097341845,0.4999997350904957,0.9744871680110325,4.619696105018354,0.11140836768930029,-0.023527210414903767,0.13493557810420406,21.14999993642171,20.759615164536697,21.21452262087131,21.10311425318201,1.0520833347130705,0.9027778016932223,0.14930553301984817,-0.03093107486506186,26.19263356513649,-0.997499847412108,1.4890609279766986,-36.87911811625568,38.368179044232384,21.450000762939453,21.40000057220459,21.42500066757202,22.050000190734863,99.80487650286659,22.455745666648607,21.872383096040572,13.0373111701145,42.0470501194913,21.999999523162842,22.59999942779541,80.0,48.0,32.0,20.396749403707453,20.187758324528197,0.0,0.0,53.14191876498054,0.6645411261758946,0.6425550163451456,0.6857618098142622,4.489929175307469,34.84780296954906,49.999973509049575,47.68515893952133,-50.000026490950425,0.6852942747228283,6.733169241095915,0.5279238237195333,-0.1160265448999771,0.6439503686195104,2.808757297378524,8.941095841263962,-6.132338543885439,20.96520219129681,1.662709710951038,1.6490380317882636,350.5263077585321
2021-03-17 00:00:00+05:30,21.600000381469727,21.649999618530273,20.850000381469727,20.950000762939453,6588978,0.0,0.0,-160311068.10082316,-11204076,-0.21608399877691895,4619636.883125912,-0.30353228908980207,0.2471457493606095,14977533.670052107,21.421524436534543,59.556777414613464,1499.549544786549,20.777499866485595,22.476463169057084,19.078536563914106,16.353876197703084,0.5507665163199131,0.0,0.0,21.643333435058594,22.963333511352538,20.32333335876465,12.197752072291818,0.2373740030130324,0.0,0.0,19.600000381469727,23.200000762939453,21.40000057220459,17.326436792698907,0.3750000662273761,0.957038374915984,4.583512804351176,0.08205443725621109,-0.0024108808806807963,0.08446531813689188,21.25,20.76153828547551,21.173826950420256,21.091772513164045,1.0793103185193291,0.899999947383486,0.17931037113584314,-0.011237264973611374,26.39014852348318,-1.1275002479553216,10.832514540394461,-27.577772207475373,38.41028674786983,21.950000762939453,21.40000057220459,21.67500066757202,22.050000190734863,99.9024382514333,22.555799975264677,20.528288555043584,12.620214047077122,25.16651190604509,21.999999523162842,22.59999942779541,76.0,44.0,32.0,20.508879458076734,20.187758324528197,0.0,0.0,48.44121072598034,0.520854306720012,0.5806627961900254,0.6304461389666333,3.331885089387453,33.69713320607309,36.61973874167684,42.299151323792394,-63.38026125832316,0.5019117523642151,6.07595323007318,0.3890352847537982,-0.015014178969222039,0.40404946372302025,-1.4074218915376462,6.871392294703641,-8.278814186241288,20.96458284009755,-2.102798428095143,-2.125222141681382,341.05264764083057
2021-03-18 00:00:00+05:30,21.149999618530273,21.25,19.950000762939453,20.149999618530273,7740310,0.0,0.0,-165669756.48476973,-18944386,-0.21592330624971454,3075080.6343819513,-10.916862608590638,-0.5969723773463651,14681960.56109853,21.428812529078346,56.087074849465296,1499.549544786549,20.76999988555908,22.478625428691796,19.061374342426365,16.452821882976366,0.31856754116760577,0.0,0.0,21.53500010172526,22.675000254313154,20.39499994913737,10.587417201791062,-0.10745627097107309,0.0,1.0,19.600000381469727,23.200000762939453,21.40000057220459,17.332693313940396,0.15277754966126023,0.9913344611304403,4.910158319390646,-0.005696504799573177,-0.0030680056644592727,-0.002628499135113904,21.291666666666668,20.736538300147423,21.016315053206412,21.022011558005985,0.9935274837196383,0.9320387642356718,0.0614887194839665,-0.005067761420644791,26.59066579300512,-1.1200002670288072,8.398789229684958,-19.30161578824399,27.700405017928947,21.575000762939453,21.40000057220459,21.48750066757202,22.050000190734863,90.92450393609455,21.02613460547487,18.535023461737175,18.117012562645606,-33.93043317239799,21.899999618530273,22.59999942779541,72.0,40.0,32.0,20.508879458076734,23.200000762939453,0.0,1.0,41.42569320447025,0.30641056949160883,0.49726866746250514,0.5734954933325587,-0.13906205335692964,30.32164513133625,14.08450250184959,33.56807158419199,-85.91549749815042,0.28176470924826447,2.5445293114840153,-0.027097810235023535,-0.017430905222382338,-0.009666905012641197,-4.113389918533331,4.674435852056248,-8.787825770589578,20.862248248636952,-3.818621075300299,-3.893441332411207,324.2105182848479
2021-03-19 00:00:00+05:30,19.799999237060547,20.149999618530273,19.25,19.899999618530273,35279371,0.0,0.0,-149990044.34774363,-54223757,-0.11695585760133306,1375805.86518453,-2.2959597881185543,-0.672772224992042,14244251.23519417,21.2341901205771,50.04032799429357,1499.549544786549,20.75749988555908,22.487608631663917,19.027391139454245,16.669721841679657,0.25218313040744333,0.0,0.0,21.313333384195964,22.403333346048992,20.22333342234294,10.228338685503521,-0.1483182638203908,0.0,1.0,19.25,23.200000762939453,21.225000381469727,19.029270310570755,0.16455683366667664,0.9822009768704236,5.235030967037533,-0.09432534538687776,-0.02131947360894297,-0.07300587177793479,21.3125,20.719230578495907,20.84457421710239,20.93889956248927,0.968652039117028,0.9874607678136189,-0.018808728696590893,-0.010550073509871749,26.465737375934992,1.3425004959106452,6.2563280329019975,-12.137469296786954,18.39379732968895,21.225000381469727,21.225000381469727,21.225000381469727,21.875,45.462251968047276,20.404832528337447,17.283798436792722,22.14447926183094,-86.84389949670958,21.699999809265137,22.59999942779541,68.0,100.0,-32.0,20.508879458076734,23.135000762939452,0.0,0.0,39.50047006848886,0.24756216051641908,0.35827567890934664,0.4787357141872924,-3.5543655433791925,35.78357916941526,16.455683366667664,22.386641536731357,-83.54431663333233,-0.08529418496524599,1.2722646557420076,-0.4504790001278564,-0.10404052420347716,-0.34643847592437926,11.043108812697486,5.948170444184496,5.094938368512991,20.73617629370667,-1.2406948125700978,-1.2484556900078214,318.947360390111
2021-03-22 00:00:00+05:30,20.799999237060547,21.950000762939453,20.600000381469727,20.899999618530273,16743394,0.0,0.0,-159291950.93077615,-37480363,-0.12024887895734392,3571175.5987295974,12.699047939643373,0.24813742257849913,15085627.83423737,21.27682997185196,55.07716134830622,1574.9037947127756,20.799999904632568,22.50000021878479,19.099999590480344,16.346156941794987,0.5294116751230057,0.0,0.0,21.266666730244957,22.351666577657063,20.181666882832847,10.203760289985143,0.3310289570135705,0.0,0.0,19.25,23.200000762939453,21.225000381469727,18.990388370433166,0.4177213417301725,1.0889809936242991,5.022472640606134,-0.08291688322152524,-0.03363895553145942,-0.049277927690065816,21.21249993642171,20.703845977783203,20.85310120193745,20.936018085158974,1.008474554353938,0.8926553934105741,0.11581916094336386,-0.014263630895169221,26.400761238608236,1.1500008583068855,10.722513960681276,-5.768336935488449,16.490850896169725,21.100000381469727,21.225000381469727,21.162500381469727,21.875,22.731125984023638,20.228404886617177,27.30249598294245,18.998486321218895,22.94992104736596,21.687500476837158,22.59999942779541,64.0,96.0,-32.0,20.508879458076734,22.979600732421872,0.0,0.0,49.591969337150246,0.5560296129565678,0.37000078098819866,0.40851504245335013,-3.0423763865864037,39.566119931003804,41.77213417301725,24.104106680511492,-58.22786582698275,-0.06014707228716887,-5.429867611883041,-0.39604896635193,-0.16244221263316774,-0.23360675371876224,11.129575748475284,6.984451505042654,4.1451242434326305,20.738698069252273,5.025125724469004,4.902942815751166,339.9999919690583
2021-03-23 00:00:00+05:30,20.899999618530273,21.25,20.600000381469727,21.049999237060547,8914177,0.0,0.0,-155863445.46088734,-28566186,-0.0968678177296159,3252025.2488412745,-2.5521157414842945,0.07960951842139405,15149605.019592237,21.303709044304817,54.301236169097415,1586.2069034563444,20.84749984741211,22.51946759728609,19.175532097538127,16.0399833276078,0.5605572056230451,0.0,0.0,21.141666730244957,22.11166642506917,20.171667035420732,9.176189438617456,0.4527486999874694,0.0,0.0,19.25,23.200000762939453,21.225000381469727,18.9471197594458,0.45569592136510123,1.0450828561148966,4.748824100959834,-0.061067926106975534,-0.03912474964656265,-0.021943176460412883,21.137499809265137,20.70961519388052,20.883393207341,20.944461133447977,1.0082417369363916,0.9258241579737335,0.08241757896265811,-0.015206754368803454,26.312432762336535,0.5025005340576172,13.543763149823885,-0.23741755731149303,13.781180707135379,20.75,21.225000381469727,20.987500190734863,21.875,11.365562992011819,20.0645792193055,26.03931519461159,18.119499911209946,4.617404418184617,21.687500476837158,22.59999942779541,60.0,92.0,-32.0,20.508879458076734,22.830416703124996,0.0,0.0,50.91457710114347,0.4636870496715328,0.4224262743815066,0.3835675780930173,-2.202290645859851,43.180502070578946,45.569592136510124,34.599136558731665,-54.430407863489876,-0.1169116693384531,-4.100234599528925,-0.2915707676501212,-0.18826792363655842,-0.10330284401356277,6.8263028624496,6.952821776524043,-0.1265189140744436,20.753095163381456,0.7177015371678808,0.7151383165609815,343.1578786749589
2021-03-24 00:00:00+05:30,20.950000762939453,21.149999618530273,20.700000762939453,20.899999618530273,8228069,0.0,0.0,-156777698.59990373,-36794255,-0.0779199857056222,2611134.897400983,0.0,-0.4840961175813109,15090972.845911782,21.213557796106908,37.16857128930065,1574.9037947127756,20.889999866485596,22.521441238593383,19.25855849437781,15.619352633172138,0.5030646985590902,0.0,0.0,21.02833334604899,21.893332926432294,20.16333376566569,8.22699132782985,0.4258186186276235,0.0,0.0,19.25,23.200000762939453,21.225000381469727,18.90857246618057,0.4177213417301725,0.9855744560624891,4.949164497998886,-0.05521964806685986,-0.042343729330622096,-0.012875918736237765,21.099999745686848,20.723076747013973,20.885948039831657,20.941167687898517,1.0161290322580645,1.1161291060909149,-0.10000007383285037,-0.015621556850683806,26.210844547185072,1.1599993705749512,16.788217743182532,4.575059196634276,12.213158546548256,20.75,21.225000381469727,20.987500190734863,21.875,7.9675480055876955,19.912455385373228,25.171059486903154,17.515322762112486,-3.355179853182126,21.687500476837158,22.59999942779541,56.00000000000001,88.0,-31.999999999999993,20.508879458076734,22.687200034999996,0.0,0.0,49.51545131058115,0.4419411862913944,0.487219282973165,0.4265487794476234,-1.9814283001589335,41.53244297535207,41.77213417301725,43.03795349418153,-58.22786582698275,-0.17897044350119273,-2.1077318730636727,-0.2636894412472051,-0.20335222715868778,-0.06033721408851733,2.814939499844532,6.1252453211881415,-3.3103058213436096,20.758822947523647,-0.7125872872535965,-0.7151383165609815,339.9999919690583
2021-03-25 00:00:00+05:30,20.649999618530273,20.850000381469727,20.200000762939453,20.299999237060547,7966828,0.0,0.0,-162293230.87334138,-44761083,-0.10220578983465532,1555244.2207574574,-3.263527208782876,-1.0892231448084302,14862259.930775383,21.090617295395024,28.020395472490335,1529.6912160116744,20.899999809265136,22.514311200069862,19.28568841846041,15.447956033847321,0.31416207070635493,0.0,0.0,20.9,21.769999504089355,20.030000495910645,8.325354106118231,0.15517177876584792,0.0,0.0,19.25,23.200000762939453,21.225000381469727,18.899525354006876,0.2658225403174793,0.9570168960153221,5.381494054438329,-0.09787165840262446,-0.053449315145022575,-0.04442234325760189,20.954166412353516,20.721153626075157,20.795802070174563,20.893673728577188,0.8716217531088821,1.13175696095386,-0.2601352078449779,-0.021229472011948428,26.14574142796717,0.850000190734864,11.21886432681399,7.791625026394779,3.4272393004192105,20.600000381469727,21.225000381469727,20.912500381469727,21.875,3.9837740027938477,19.051119988962657,23.83942664220397,20.36751927889606,-51.03278498236836,21.687500476837158,22.59999942779541,52.0,84.0,-32.0,20.508879458076734,22.549712033599995,0.0,0.0,44.27445449789458,0.2253994650082888,0.37700923365707206,0.4288849303372479,-3.505070356196388,37.817874468025,26.582254031747933,37.974660113758425,-73.41774596825206,-0.17926452300127949,-7.936508211114523,-0.4684272362727725,-0.25636722898150477,-0.21206000729126773,-0.6964061835290986,4.760915020244694,-5.457321203773792,20.730929816415795,-2.8708152747417115,-2.912829225410851,327.3684049907484
2021-03-26 00:00:00+05:30,20.5,20.850000381469727,20.25,20.350000381469727,8806842,0.0,0.0,-168164449.54128173,-35954241,-0.11179195617184345,1395973.929025082,0.17031962938317396,-0.8891039322290185,14883952.157138964,21.018514013880125,33.86725164256204,1529.6912160116744,20.914999866485594,22.502797378506838,19.32720235446435,15.183337529593254,0.322080749989137,0.0,0.0,20.778333346048992,21.618332926432295,19.938333765665693,8.085341267691495,0.2450397746723789,0.0,0.0,19.25,23.200000762939453,21.225000381469727,18.885970777695167,0.27848105544444113,0.9213152445607626,5.6906559419221185,-0.1261844338022442,-0.0679963388764669,-0.0581880949257773,20.837499777475994,20.723076747013973,20.727217194989205,20.85340162879145,0.8857143635652716,1.1214287952501556,-0.23571443168488404,-0.029571454649522596,26.109752318130056,0.6850005149841323,6.321804851066497,9.507984084725145,-3.186179233658648,20.600000381469727,21.225000381469727,20.912500381469727,21.875,1.9918870013969239,18.251308549438555,22.72945738485435,19.419202837089205,-51.23059077188053,21.687500476837158,22.59999942779541,48.0,80.0,-32.0,20.508879458076734,22.417723552255996,0.0,0.0,44.79882060368395,0.2501569482931927,0.3058325331976253,0.39002034994262075,-4.547302292412964,38.68878493821604,27.848105544444113,32.067497916403084,-72.15189445555589,0.009853189131792561,-6.436779855311602,-0.6051024003106834,-0.3261142632473405,-0.2789881370633429,-3.037359403300717,3.2012601355356116,-6.238619538836328,20.711222854690103,0.24631106546002535,0.24600821695281994,328.4210606625206
2021-03-30 00:00:00+05:30,20.700000762939453,20.700000762939453,20.100000381469727,20.299999237060547,6372348,0.0,0.0,-170288592.5507962,-42326589,-0.10459917416750912,1151031.2687967063,-1.412349550565624,-1.3138955024962904,14868294.924382169,20.823909147534458,22.622783301849665,1525.9326749817244,20.942499828338622,22.466401453979046,19.4185982026982,14.553196973919375,0.2891922350932387,0.0,0.0,20.70166670481364,21.506666437784833,19.89666697184245,7.777149003988261,0.25051701801777554,0.0,0.0,19.25,23.200000762939453,21.225000381469727,18.861171280013366,0.2658225403174793,0.8891837582516591,5.962760704458163,-0.15091750372573287,-0.0845805718463201,-0.06633693187941277,20.729166348775227,20.72884596311129,20.661491355307874,20.812408859033606,0.8392156980075307,1.2078433191167253,-0.36862762110919456,-0.039800516364189284,26.06960060044937,0.5575001716613777,3.731206968283226,9.75711142253698,-6.025904454253753,20.600000381469727,21.225000381469727,20.912500381469727,21.875,0.9959435006984619,17.286124479568922,21.644179496783842,19.685668921434317,-68.8205779036245,21.637500286102295,22.59999942779541,44.0,76.0,-32.0,20.508879458076734,22.291014610165757,0.0,0.0,44.34940026988269,0.27220930818822225,0.24925524049656791,0.31069900245042176,-5.519059311391776,41.31293653462746,28.37835190678119,27.602903827657737,-71.62164809321881,-0.14823505177217555,-6.018523710418211,-0.7251323224905187,-0.40591787509597616,-0.3192144473945426,-6.6431042585587186,1.2323872567167458,-7.875491515275464,20.69762869594027,-0.24570586472670852,-0.24600821695281994,327.3684049907484
2021-03-31 00:00:00+05:30,20.299999237060547,20.5,20.100000381469727,20.149999618530273,6409732,0.0,0.0,-175095914.47380602,-48736321,-0.09472127414727843,849247.1796998503,-0.6240528377906042,-1.278195094491876,14820932.491327194,20.689230624676238,23.83143968514102,1525.9326749817244,20.967499828338624,22.42052292611369,19.51447673056356,13.859764966457591,0.2186898779998254,0.0,0.0,20.595000076293946,21.364999771118164,19.825000381469728,7.477540101692283,0.21103854926510002,0.0,0.0,19.25,23.200000762939453,21.225000381469727,18.838682700742552,0.22784796068255062,0.8402653442795206,6.2124241104797875,-0.1805411890046571,-0.1037726952779875,-0.07676849372666959,20.616666316986084,20.732692131629356,20.58280031888055,20.763341507885208,0.8197423915999353,1.2231762425152912,-0.4034338509153559,-0.05218397902412336,25.80400964722361,0.08249940872192241,-2.5028730017766025,8.275401695629084,-10.778274697405687,20.600000381469727,21.225000381469727,20.912500381469727,21.875,0.49797175034923097,16.389882128975692,20.92680242079685,19.03320493628741,-87.49770720172036,21.58750009536743,22.59999942779541,40.0,72.0,-32.0,20.508879458076734,22.169374025759126,0.0,0.0,42.95715254512491,0.21402838030933471,0.24546487893024993,0.2668508842081477,-6.725301767199608,37.72967898198389,29.99998728434245,28.74214824518924,-70.00001271565755,-0.25485269883099804,-6.279071541719658,-0.8695189497128568,-0.49863809001935233,-0.3708808596935045,-9.605614332915682,-0.9352130612097397,-8.670401271705941,20.65748978176329,-0.7389144047672103,-0.741657900332493,324.2105182848479
2021-04-01 00:00:00+05:30,20.399999618530273,21.25,20.25,20.850000381469727,9236598,0.0,0.0,-173248587.826841,-39499723,-0.06678457704771788,1651586.9607377327,4.87192155883732,-0.6904794911098425,15141807.219335582,20.645512305028095,29.713476980555882,1525.9326749817244,21.027499866485595,22.35131101910185,19.70368871386934,12.59123681865949,0.4329589100888464,0.0,0.0,20.55833339691162,21.348333168029786,19.768333625793456,7.685445662018912,0.6845994107981072,0.0,0.0,19.25,23.200000762939453,21.225000381469727,18.784928251195048,0.40506330947618907,0.8662388479985413,6.23549975915223,-0.1458526628889345,-0.1121886888001769,-0.0336639740887576,20.599999745686848,20.76153828547551,20.62390802081735,20.769760683706284,0.8271604027379803,1.074074225243352,-0.24691382250537164,-0.05885083273742234,25.748345405370223,0.37249975204467844,-4.419315636155286,6.851167821646835,-11.270483457802122,20.600000381469727,21.225000381469727,20.912500381469727,21.875,8.596652928158301,16.533782112880765,25.1506408708562,17.331941657266157,-38.666455713360335,21.41249990463257,22.449999809265137,36.0,68.0,-32.0,20.508879458076734,22.05259906472876,0.0,0.0,50.73037450356305,0.7479051848743684,0.4113809577906418,0.30203369240581984,-5.484908733590138,39.76873528221274,53.33334604899088,37.2372284133715,-46.66665395100912,-0.2957350843092996,-0.9501133626584798,-0.7022356449362211,-0.5393576010027261,-0.16287804393349503,-9.802098114189931,-2.7085900718057783,-7.093508042384153,20.65872049259731,3.4739492614963563,3.414969707952853,338.9473764519942
2021-04-05 00:00:00+05:30,20.899999618530273,21.600000381469727,20.649999618530273,21.5,13544393,0.0,0.0,-162555654.572168,-25955330,-0.17190106654981696,2673338.863950072,2.6302417989665163,-0.5026050768979485,15564054.22759216,20.62611507123951,38.240742107072045,1525.9326749817244,20.997499847412108,22.247890093503113,19.747109601321103,11.909896465555754,0.7009373290294043,0.0,0.0,20.638333384195963,21.39333330790202,19.88333346048991,7.316481516712035,1.0706402005806759,1.0,0.0,19.25,23.200000762939453,21.225000381469727,18.811767075337215,0.5696201431428657,0.8746150394926324,6.193138691203707,-0.06516108268316145,-0.10278316757677382,0.037622084893612365,20.608333110809326,20.817307545588566,20.758691402230063,20.823852484913225,0.872950694087468,1.057377126068897,-0.18442643198142916,-0.05521067422533364,25.726560065345055,-0.04749908447265483,-2.08765351854896,5.924058760374506,-8.011712278923467,21.02500057220459,21.225000381469727,21.125000476837158,21.875,39.50354990593312,17.059338297984898,26.04799274070912,16.001668932187172,20.365741610559862,21.41249990463257,22.22499942779541,32.0,64.0,-32.0,20.508879458076734,21.94049510213961,0.0,0.0,56.639143318026704,1.0,0.6539778550612344,0.43694123059404194,-2.493268359522242,45.030048818804175,83.333309785826,55.55554770638643,-16.666690214173997,-0.1786763583912574,0.4672915105247767,-0.31291559873645053,-0.494069200549471,0.18115360181302048,-6.589073946597762,-3.484686846764175,-3.1043870998335867,20.725286075747817,3.117504108575253,3.069896859289667,352.6315789473684
2021-04-06 00:00:00+05:30,21.700000762939453,21.799999237060547,21.149999618530273,21.25,6653262,0.0,0.0,-167161750.02298623,-32608592,-0.19610544978172179,2053816.8119572047,3.419367741009306,0.23034782838010967,15486690.715964254,20.63103629079114,43.28679490365849,1508.1892717842625,20.962499809265136,22.14142958810426,19.783570030426013,11.247988451435093,0.6219327036670333,0.0,0.0,20.801666704813638,21.531666628519694,20.071666781107588,7.0186676295234225,0.8070776315360875,0.0,0.0,19.25,23.200000762939453,21.225000381469727,18.84317614254006,0.5063290161269918,0.8521534973963967,6.069527645617774,-0.021141627163729027,-0.08645485949416486,0.06531323233043583,20.633333047231037,20.861538300147423,20.834277340348514,20.855418967512243,0.9663864199315727,0.9915967652643217,-0.025210345332749018,-0.04703555931610076,25.755404076964712,-0.8125001907348626,0.12563088141981665,4.746627307123233,-4.620996425703416,20.949999809265137,21.225000381469727,21.08750009536743,21.300000190734863,69.75177495296656,17.76338450579738,26.300699436963864,15.145142698670805,44.91061435706512,21.037500381469727,22.125,28.000000000000004,60.0,-31.999999999999996,20.508879458076734,21.832875298054027,0.0,0.0,53.95879303365747,0.8436080643265949,0.8638377497336545,0.6430655208618434,-0.8613675485482688,42.50872750680161,74.07405314295644,70.2469029925911,-25.925946857043552,-0.002500017951515332,1.4319772130569344,-0.10137234450510262,-0.41552982934059735,0.3141574848354947,-9.199171756362786,-4.627583828683898,-4.5715879276788876,20.766803654682874,-1.1627906976744207,-1.1696039763191113,347.3684210526316
2021-04-07 00:00:00+05:30,21.25,21.450000762939453,20.75,20.950000762939453,4583925,0.0,0.0,-169126282.17144865,-37192517,-0.17809486466391464,1563960.9812857802,-5.726525161941914,-0.2360018941803305,15421976.645246947,20.600518140197067,38.178325136344775,1486.8972420958776,20.942499828338622,22.107950527864542,19.777049128812703,11.130005577928902,0.5032180402842789,0.0,0.0,20.791666730244955,21.45666669209798,20.126666768391924,6.396793200668936,0.6190481517121462,0.0,0.0,19.25,23.200000762939453,21.225000381469727,18.861171280013366,0.4303798568571343,0.8369382239507022,6.048965704733018,-0.010344082608732208,-0.07123270411707833,0.06088862150834612,20.699999809265137,20.89615374345046,20.852080943824046,20.862425026432778,0.9156118034796482,1.021097049130088,-0.10548524565043971,-0.03887993373409511,25.815793079267287,-1.042500209808349,-1.285129450252517,3.0989725737814107,-4.384102024033927,20.949999809265137,21.225000381469727,21.08750009536743,21.300000190734863,84.87588747648329,17.702402118341936,24.763409039188108,17.59992546135744,2.876103890731304,20.925000190734863,22.050000190734863,24.0,56.00000000000001,-32.00000000000001,20.508879458076734,21.799999237060547,0.0,0.0,50.849063205910944,0.6621628741144305,0.8352569794803418,0.7843575280917435,-0.4446093472934851,42.99800752545965,62.96297342852178,73.45677878576807,-37.03702657147822,0.12941169177784673,3.97022907967445,-0.04958235965198778,-0.34234033540287545,0.2927579757508877,-13.029102942291365,-6.307887651405392,-6.721215290885973,20.76781738058577,-1.4117611155790466,-1.4218212585122014,341.05264764083057
2021-04-08 00:00:00+05:30,21.149999618530273,21.200000762939453,20.799999237060547,20.850000381469727,4362312,0.0,0.0,-172397995.37040344,-41554829,-0.179683305388547,1278219.0033749596,-0.9169519552100659,-0.2798175846174922,15401154.074926967,20.586047320624726,38.79249468680318,1479.799853742608,20.88249988555908,21.931440113580486,19.833559657537677,10.046117407109675,0.48450840990689337,0.0,0.0,20.790000089009602,21.430000241597494,20.149999936421715,6.156807598343574,0.546875217308548,0.0,0.0,19.25,22.950000762939453,21.100000381469727,17.71818883379055,0.432432446364852,0.7932445541435226,5.94211499794441,-0.009743825053440958,-0.058934928304350855,0.0491911032509099,20.77916653951009,20.93846145043006,20.851760857307998,20.86150468236144,0.9213972518856097,1.0436681193610367,-0.12227086747542693,-0.03194670728622345,25.861234222818368,0.017499732971192117,-5.046311562445124,0.6729137620450043,-5.719225324490128,20.949999809265137,21.225000381469727,21.08750009536743,21.300000190734863,92.43794373824164,17.64577561570474,23.903604317904378,16.988842432281366,-2.4686466236381066,20.862500190734863,22.050000190734863,20.0,52.0,-32.0,20.508879458076734,21.799999237060547,0.0,0.0,49.818400870663034,0.6020262275816715,0.7025990553408988,0.8005645948516316,-0.4065914397181404,43.56045950777873,59.25925664286956,65.43209440478257,-40.74074335713044,0.2547057712779335,4.773873272112233,-0.046707201622323224,-0.28321370864676504,0.23650650702444181,-16.437359835271852,-8.333782088178685,-8.103577747093167,20.768717576782045,-0.4773287724486708,-0.4784716244583542,338.9473764519942
2021-04-09 00:00:00+05:30,20.899999618530273,21.399999618530273,20.850000381469727,20.899999618530273,4065267,0.0,0.0,-175724133.1689386,-37489562,-0.16392406872716944,1124653.4669567393,1.6911534871527099,0.6207549936498898,15410902.767719705,20.606867685777985,42.70387400560705,1483.348480233531,20.839999866485595,21.81087604494319,19.869123688028,9.317429795370916,0.5308997961717418,0.0,0.0,20.803333409627278,21.45333360036214,20.153333218892413,6.249000368701091,0.574358600413417,0.0,0.0,19.25,22.25,20.75,14.395393566314416,0.5499998728434244,0.7689200224352251,5.504903677515196,-0.005173953926338015,-0.048182733428748285,0.04300877950241027,20.77916653951009,20.986538373506985,20.859182205188347,20.864356159114685,1.0046728255603237,0.9906543488793526,0.014018476680971115,-0.02560056275685108,25.9739747740594,0.20999937057495188,-6.974767606557443,-1.3486008972184882,-5.626166709338955,20.949999809265137,21.225000381469727,21.08750009536743,21.225000381469727,96.21897186912082,17.852674222591826,24.512881287526536,16.158102884585684,23.16710586736767,20.625,22.050000190734863,16.0,48.0,-32.0,20.508879458076734,21.697999267578126,0.0,0.0,50.36016492082592,0.6336368454092502,0.6326086490351174,0.7234882279521192,-0.2245335354950527,42.40098670851798,61.111079714434666,61.11110326194199,-38.888920285565334,0.31058813543880603,0.0,-0.0247980521751099,-0.23153057735243404,0.20673252517732416,-19.556554510156964,-10.57833657257434,-8.978217937582624,20.769264016081724,0.23980448990774672,0.2395174177904913,339.9999919690583
2021-04-12 00:00:00+05:30,21.5,21.5,20.600000381469727,20.75,13904215,0.0,0.0,-184993619.65790036,-51393777,-0.18106909956130784,666041.97939679,-0.4854628594887688,0.7500762028377316,15311112.002933577,20.894140149365278,49.63190604579094,1483.348480233531,20.79749984741211,21.70385264078216,19.891147054042058,8.715978362974534,0.4737961598620488,0.0,0.0,20.853333409627275,21.528333600362142,20.178333218892416,6.473786971853992,0.42345675523826054,0.0,0.0,19.25,22.25,20.75,14.424810780192402,0.5,0.7820279820447299,4.90864476092991,-0.013500389661917467,-0.04124626467538212,0.027745875013464656,20.75416660308838,21.02884608048659,20.84238494285168,20.855885332513598,1.0467289686307126,0.8785047528628944,0.1682242157678182,-0.0212749637903497,25.4310744422611,0.10249977111816477,-3.5865154294966777,-2.449525372836619,-1.1369900566600588,20.949999809265137,21.225000381469727,21.08750009536743,21.225000381469727,98.10948593456041,17.566214506180433,22.56814019882154,17.07995624951843,13.630748565551908,20.625,22.050000190734863,12.0,44.0,-32.0,20.508879458076734,21.600079296875002,0.0,0.0,48.662803706626164,0.41701907684382605,0.550894049944916,0.628700584773644,-0.534966434703198,39.78102643272466,35.13510727029599,51.83514787586673,-64.86489272970401,0.2735293500563678,-1.4251745745072018,-0.0647317984668377,-0.1981708215753148,0.1334390231084771,-12.673973367071195,-10.997463931473712,-1.6765094355974828,20.768673277525945,-0.7177015371678808,-0.7202894041917762,336.84210526315786
2021-04-13 00:00:00+05:30,20.950000762939453,21.149999618530273,20.649999618530273,20.799999237060547,5009706,0.0,0.0,-186997509.70210508,-46384071,-0.16003394706569518,606676.1934683407,-1.4970995523947896,-0.2639343323078515,15323183.399458764,20.853221230777336,39.41387600355416,1486.922759380837,20.762499809265137,21.60977504900784,19.915224569522433,8.161591788331888,0.5221294250300516,0.0,0.0,20.891666666666666,21.556666819254556,20.226666514078776,6.3661761715633665,0.4310771364116314,0.0,0.0,19.25,21.950000762939453,20.600000381469727,13.004218122784014,0.5740736292878245,0.753825183840257,4.769276620576635,-0.01588155670163971,-0.03617332308063364,0.02029176637899393,20.7458332379659,20.978846036470852,20.835864065037658,20.851745621739298,0.989070996105048,1.0710384210904824,-0.08196742498543441,-0.01798022539462909,24.899093706450387,-0.46250057220458984,0.5005864505744793,-2.8084832081375906,3.30906965871207,20.949999809265137,21.225000381469727,21.08750009536743,21.225000381469727,99.0547429672802,17.30021619808414,21.545469635159854,16.30598159626259,6.406910701651024,21.199999809265137,22.050000190734863,8.0,40.0,-32.0,20.508879458076734,21.506076125000003,0.0,0.0,49.2765010461775,0.46187346607253466,0.5041764627752038,0.562559720585079,-0.6335835619404362,35.25440083092104,41.17643098927508,45.80753932466857,-58.82356901072492,0.13941175236421444,-0.4784707334686486,-0.07616415905765778,-0.1737694890717834,0.09760533001412564,-15.271692767729029,-11.852309698724776,-3.419383069004253,20.769633896076922,0.24096017860504304,0.24067033507826352,337.894720780222
2021-04-15 00:00:00+05:30,20.75,21.899999618530273,20.600000381469727,21.600000381469727,10273622,0.0,0.0,-181465550.11848834,-36110449,-0.11843730057034754,1694138.0740053386,4.428820029406814,0.23470393704151335,15718323.286896031,20.89218838792253,48.45423270923826,1486.922759380837,20.789999866485594,21.705751239285334,19.874248493685855,8.809537072445794,0.9422600604505271,0.0,0.0,20.991666666666667,21.726666704813642,20.256666628519696,7.002779243956869,0.9138324375715292,0.0,0.0,19.25,21.950000762939453,20.600000381469727,12.987016740158689,0.8703702657147823,0.8084425891622861,4.597131842305774,0.04625159809705082,-0.01968833884509675,0.06593993694214756,20.854166666666668,20.965384483337402,20.9534234983349,20.90717190023785,0.9846939152849092,0.9183674184345649,0.06632649685034431,-0.007989505881961751,24.57896666011629,-0.4399994850158677,5.597039062020729,-1.9084929788267762,7.505532040847505,21.074999809265137,21.225000381469727,21.15000009536743,21.225000381469727,99.52737148364011,18.050498598780127,25.615431060956805,14.470007621479471,102.66538318846969,21.199999809265137,22.050000190734863,4.0,36.0,-32.0,19.25,21.506076125000003,1.0,0.0,57.94016457313634,1.0,0.6262975143054536,0.5604560090085243,1.8400748397137654,36.819242578532005,83.33336865461928,53.214968971396765,-16.66663134538072,0.1407351942623336,6.403946764864118,0.22122359885759893,-0.09477087148590696,0.3159944703435059,-12.332687879510116,-11.948385334881845,-0.3843025446282713,20.84899002311653,3.846159489197354,3.7740382323264487,354.73685013620474
2021-04-16 00:00:00+05:30,21.299999237060547,21.850000381469727,20.950000762939453,21.200000762939453,10859769,0.0,0.0,-186292111.56128162,-46970218,-0.15813785431086902,831560.7123864491,1.243124579937691,0.32349854989420557,15517216.648904791,20.933146696823815,47.22360407803064,1486.922759380837,20.779999923706054,21.672972929390948,19.88702691802116,8.594542915913877,0.7351699528202794,0.0,0.0,21.100000063578285,21.88500010172526,20.315000025431317,7.440758633001124,0.5636947098736583,0.0,0.0,19.25,21.950000762939453,20.600000381469727,12.993266471860101,0.7222223007139134,0.8175982920990847,4.40859113118231,0.06249553501558225,-0.0032515640729609482,0.0657470990885432,20.925000031789143,20.959615267240086,20.991358462120214,20.928862927104632,1.0097561347775343,0.9170731335151486,0.09268300126238571,0.0023286099828488376,24.255521756559823,-0.4800006866455071,9.436479618276122,-0.3689601727788418,9.805439791054964,21.25,21.225000381469727,21.237500190734863,21.225000381469727,99.76368574182005,18.7471893994264,23.631634027473098,13.349372246432795,95.75440294055635,21.199999809265137,22.050000190734863,0.0,32.0,-32.0,19.302999992370605,21.506076125000003,0.0,0.0,53.06021812182683,0.6743013726354734,0.7120582795693361,0.614177418883331,2.5196614789832146,36.47244158235283,61.11115820615905,61.87365261668446,-38.88884179384095,0.18544116861680138,4.176905973150343,0.2986093187826525,-0.016094833432195074,0.3147041522148476,-9.380532949133848,-11.434814857732245,2.054281908598398,20.870540232197698,-1.8518500530834592,-1.8692114685078476,346.31580553556745
2021-04-19 00:00:00+05:30,20.799999237060547,20.850000381469727,20.299999237060547,20.350000381469727,8284902,0.0,0.0,-193070636.39996535,-55255120,-0.1660906885724082,-293257.94087437214,-5.47684648237415,0.16540431606625747,15185038.837253483,20.935465597681205,47.084713587559314,1427.3055486636008,20.749999904632567,21.65829536784977,19.841704441415363,8.75465510739035,0.2798075960073429,0.0,0.0,21.071666717529297,21.811666870117186,20.331666564941408,7.023650881610527,0.012387711316141518,0.0,0.0,19.25,21.950000762939453,20.600000381469727,13.012051929391388,0.40740743357130443,0.8258386154770669,4.162769464184,0.006703768153421663,-0.001260497627684426,0.00796426578110609,20.929166793823242,20.894230695871208,20.892687988173986,20.885984220020564,0.9856457906651644,0.9569377370382004,0.028708053626964047,0.004453957577953892,23.9282847703501,-0.6000002861022935,7.676176828395046,0.7159098657704922,6.960266962624553,21.09999942779541,21.100000381469727,21.09999990463257,21.225000381469727,90.30898982697062,18.11545724862821,21.812415255950494,17.881546338181625,-60.518743868909155,21.40000057220459,22.050000190734863,0.0,28.000000000000004,-28.000000000000004,19.354939984893797,21.506076125000003,0.0,0.0,44.48586114173393,0.10202945801224904,0.5921102768825742,0.6434886902524546,0.31464012826773285,33.57934012592575,13.88889477576988,52.77780721218272,-86.11110522423012,0.057058777528649074,0.24631106546001963,0.032096970306985426,-0.006456472684358975,0.0385534429913444,-9.253647359177709,-10.998581358021339,1.7449339988436297,20.859115483778922,-4.009435617359247,-4.09202870316312,328.4210606625206
2021-04-20 00:00:00+05:30,20.5,20.700000762939453,20.200000762939453,20.25,6310668,0.0,0.0,-198119190.05859572,-61565788,-0.1657194883076397,-341516.6932250042,-0.9903788816467891,0.08249727956411723,15154028.065975884,20.93999396499718,40.303191472772525,1420.2917355596862,20.754999923706055,21.651047109963542,19.85895273744857,8.634518810419605,0.21820684699916057,0.0,0.0,20.98500010172526,21.680000178019206,20.290000025431315,6.62377958470257,-0.02877699355416842,0.0,1.0,19.25,21.950000762939453,20.600000381469727,13.008917238566461,0.3703702657147822,0.7932547539293602,3.9841062573180235,-0.04506136472652145,-0.01002067104745183,-0.03504069367906962,20.93750015894572,20.836538388178898,20.793812913070298,20.83887427779682,0.9710145728774716,0.9710143885926202,1.8428485137889083e-07,5.384944882138734e-05,23.731892804071034,0.09500045776367116,5.264746404698361,1.2869227016903306,3.9778237030080303,21.050000190734863,20.75,20.90000009536743,21.225000381469727,45.15449491348531,17.35080795314158,20.85201842512163,17.974808045761673,-81.35478350214645,21.412500381469727,22.050000190734863,4.0,24.0,-20.0,19.405841177566526,21.506076125000003,0.0,0.0,43.59333721759584,0.04246039923625161,0.2729304099613247,0.5256996554710783,-1.7167464957593321,33.2646922244306,8.33331567269036,27.777789551539755,-91.66668432730964,-0.07249995399924103,0.49627981817808353,-0.21623703913091386,-0.04841258597366996,-0.1678244531572439,-10.874807227455555,-10.973826531908184,0.09901930445262863,20.800087813452482,-0.49140235673305055,-0.49261370814965844,326.3157894736843
2021-04-22 00:00:00+05:30,20.25,20.899999618530273,20.100000381469727,20.549999237060547,6432336,0.0,0.0,-197315159.56051975,-55133452,-0.2834478010225603,-17057.752404705097,0.6218479802990223,0.22779710319730626,15249321.690297715,20.948457980387474,45.9955805448863,1420.2917355596862,20.78749990463257,21.600442409914432,19.974557399350704,7.82145528814359,0.3539252985119316,0.0,0.0,20.896666781107584,21.606666819254556,20.18666674296061,6.795342487720337,0.25586793984419803,0.0,0.0,20.100000381469727,21.950000762939453,21.02500057220459,8.89958094988348,0.24324257448710374,0.7939292022424789,3.7929389101878948,-0.06117300987006402,-0.02025113881197427,-0.040921871058089754,20.91250006357829,20.796153728778545,20.756303116761107,20.81747612663117,0.9763033201060377,0.9383886684339621,0.03791465167207564,-0.005718419847396833,23.637703464251903,0.7125000953674316,6.111199048672397,2.108736979348654,4.002462069323743,21.0,20.75,20.875,21.225000381469727,22.577247456742654,16.9487961978892,21.144512507072495,16.707281663654765,-72.44016579612209,21.412500381469727,22.050000190734863,0.0,20.0,-20.0,19.4557243463858,21.506076125000003,0.0,0.0,47.02698491937777,0.271629787565018,0.13870654827117293,0.33458241170502384,-2.363431040243481,37.00475363435174,24.999947018071076,15.740719155510428,-75.00005298192892,-0.17161754159366538,-1.4388543833112029,-0.2938541132361729,-0.09750089142617055,-0.19635322181000234,-12.008360170833917,-11.18073325969333,-0.8276269111405874,20.790035612118235,1.4814777138792534,1.4706110263686956,332.6315628854852
2021-04-23 00:00:00+05:30,20.700000762939453,22.600000381469727,20.649999618530273,22.25,34642454,0.0,0.0,-175108466.9668592,-20490998,-0.08555876941921774,8398550.24509524,6.332550396998101,0.7246973342536424,18115122.197184682,21.202730637283576,61.977084253468696,1420.2917355596862,20.854999923706053,21.888392673467152,19.821607173944955,9.91026375968894,1.1749612268019323,1.0,0.0,20.975000063578285,21.810000101725258,20.140000025431313,7.9618596959806025,1.263472980942125,1.0,0.0,20.100000381469727,22.600000381469727,21.350000381469727,11.987533009569704,0.8599998474121093,0.919536396459149,3.3417860974693907,0.06251363111942254,-0.00369818482569491,0.06621181594511745,20.97500006357829,20.8249998826247,20.986102637259396,20.923589006139974,1.0163933452308087,0.7827868077166306,0.23360653751417815,0.0037731135676836182,23.837624663069526,0.39500007629394673,13.1135252417326,4.12649662425729,8.98702861747531,21.350000381469727,20.925000190734863,21.137500286102295,21.225000381469727,36.39011320291358,18.460234991782805,31.2088158579292,13.985674829361491,189.05470295178662,21.412500381469727,22.050000190734863,100.0,16.0,84.0,19.50460985182869,21.506076125000003,0.0,0.0,61.37537687817351,1.0,0.4380300622670899,0.2832223401665291,2.3729289542175467,49.406230596446434,85.99998474121094,39.77774914399078,-14.000015258789062,-0.15029400657205017,3.488372093023256,0.29877107173667994,-0.01824649879360045,0.3170175705302804,9.899695612256549,-6.964647485303354,16.864343097559903,20.87306121702824,8.272510102451069,7.9481104796014,368.42105263157896
2021-04-26 00:00:00+05:30,23.200000762939453,24.200000762939453,22.649999618530273,23.100000381469727,39184511,0.0,0.0,-191540659.48114523,18693513,-0.16583889885015937,11956878.681182306,7.12016632177898,0.8852862458923323,19612059.244272534,21.718504062530354,69.4927266798991,1420.2917355596862,20.957499980926514,22.38097319562642,19.534026766226606,13.584379968941091,1.2525608414749445,1.0,0.0,21.211666742960613,22.161666742960612,20.26166674296061,8.957334767813773,1.4938598097416385,1.0,0.0,20.100000381469727,24.200000762939453,22.15000057220459,19.56340396135584,0.7317072489941063,1.0225828331071793,3.24263358034066,0.22651301125840817,0.04234405439112571,0.18416895686728246,21.1291667620341,20.90384608048659,21.311317674830217,21.08480466357181,1.1340995854988922,0.7164749574683278,0.41762462803056444,0.031036914148565495,24.14439959989249,-0.007499217987060547,24.0729016782692,7.576237655904695,16.496664022364506,22.15000057220459,21.725000381469727,21.937500476837158,21.725000381469727,55.84729081327016,20.891620560203414,38.479713391575444,11.985605963356646,336.1151415805313,21.412500381469727,22.050000190734863,100.0,12.0,88.0,19.62842547301433,21.506076125000003,0.0,0.0,66.29169662812522,1.0,0.7572099291883395,0.44464884657553405,8.187094110422668,48.54659690280233,73.17072489941063,61.390218886230876,-26.82927510058937,0.14588236528284426,8.705884148092832,1.0742950426747582,0.2002618095000713,0.8740332331746868,24.092206887918913,-0.7532766106589008,24.845483498577813,21.104792659738074,3.820226433571805,3.7490625429339453,386.31579750462583
2021-04-27 00:00:00+05:30,19.549999237060547,20.75,19.549999237060547,20.100000381469727,47143785,0.0,0.0,-195469245.78699476,-28450272,-0.15230045953848184,-9955726.130415164,-8.336206321305456,0.10196852301576291,13489489.86486019,21.379477231686575,52.161504608096706,1420.2917355596862,20.917500019073486,22.389327406865167,19.445672631281806,14.07268924536493,0.2222841331855054,0.0,0.0,21.120000076293945,22.135000228881836,20.104999923706053,9.611743834482027,-0.002462828317601549,0.0,1.0,19.549999237060547,24.200000762939453,21.875,22.230197306747137,0.1182797771889382,1.2753246642373794,4.7499467385228415,0.11310496992845742,0.056496237498592054,0.05660873242986537,21.05833339691162,20.853846109830418,21.124961168159373,21.011856198230916,0.9808306020066279,0.8562299416132071,0.12460066039342077,0.040860907402849936,24.430320356605975,-0.06749963760375977,20.364337610735497,10.237443549263824,10.126894061471672,21.875,21.725000381469727,21.800000190734863,21.725000381469727,55.39606111087252,19.590980949605573,30.053461790299913,28.483120785061754,-112.54530816462608,21.42500066757202,22.050000190734863,96.0,8.0,88.0,19.62842547301433,24.200000762939453,0.0,1.0,44.677082434455784,0.047745530734578746,0.682581843578193,0.6259406116778741,3.758663662736409,36.81731647463715,11.82797771889382,56.99956245317179,-88.17202228110618,0.09323527953204191,-4.057280909380094,0.5382911859923173,0.2678676847985205,0.27042350119379677,34.40696436507928,6.278771584488736,28.128192780590545,21.089526213209652,-12.987012772547523,-13.911279999796555,323.1579027677837
2021-04-28 00:00:00+05:30,20.450000762939453,20.549999237060547,19.850000381469727,19.899999618530273,20027434,0.0,0.0,-212635656.76593485,-48477706,-0.18918037251410424,-9105694.123172933,0.17476066226820186,-0.12978912546574456,13290211.158208411,21.259705034739007,46.079916470427875,1406.1594258423982,20.897500038146973,22.41258281884552,19.382417257448424,14.500134254651206,0.1708099279048012,0.0,0.0,21.035000038146972,22.030000114440917,20.039999961853027,9.46042381259341,-0.07035192592356886,0.0,1.0,19.549999237060547,24.200000762939453,21.875,22.251472747413054,0.0752688745416212,1.2177920833727236,6.01436596150425,0.007009093553087098,0.04659880870949106,-0.039589715156403964,20.979166666666668,20.81346145043006,20.93650554513951,20.929496451586424,0.9681528716586629,0.8821654793524686,0.08598739230619434,0.03663308580557849,24.53160540207905,0.0024995803833007812,14.563418798054784,11.799980476761638,2.7634383212931457,21.875,21.725000381469727,21.800000190734863,21.725000381469727,31.012761415754504,18.383244168336148,28.7180621779268,27.21749791868619,-111.25757647267685,21.67500066757202,22.050000190734863,92.0,4.0,88.0,19.62842547301433,24.200000762939453,0.0,0.0,43.65515750359761,0.002723557455570623,0.35015636273004985,0.5966493784988607,0.31828527829213127,35.89666968153666,7.526887454162121,30.841863357488847,-92.47311254583788,0.09617627087761349,-4.55635849188645,0.03348906921530747,0.22099196168187793,-0.18750289246657045,30.696966833672924,11.162410634325575,19.53455619934735,21.070474285962437,-0.9950286524563201,-1.0000121482509616,318.947360390111
2021-04-29 00:00:00+05:30,19.799999237060547,20.100000381469727,19.299999237060547,19.399999618530273,19955894,0.0,0.0,-227602565.37131214,-68433600,-0.214379032152909,-9230301.677005373,-2.00442321554018,0.13607529927723644,12788806.776737528,21.12015774199843,43.290442570625544,1370.8287863248722,20.85,22.485543073236375,19.214456926763628,15.688662573010777,0.05672204382838361,0.0,0.0,20.908333396911623,21.933333587646484,19.883333206176758,9.804704863624051,-0.23577243790557909,0.0,1.0,19.299999237060547,24.200000762939453,21.75,23.501206359131444,0.02040823476106768,1.1760129894763691,7.350543327188271,-0.11608037190969966,0.014062972585652915,-0.1301433444953526,20.854166666666668,20.784615296583908,20.70012001796886,20.81620038987856,0.9588606708650863,0.889240407003976,0.06962026386111031,0.01843821483691931,24.594007551204523,-0.10000000000000142,6.539365333224789,11.90468339578431,-5.365318062559521,21.75,21.725000381469727,21.737500190734863,21.725000381469727,15.506380707877252,17.34048742036194,27.228955910357822,29.371068564994797,-157.57576493192204,21.48750066757202,22.050000190734863,88.0,0.0,88.0,19.62842547301433,24.107000732421874,0.0,0.0,41.12271823458003,0.0,0.01682302939671653,0.3498537452349864,-3.2319573682203986,35.90671655282246,2.040823476106768,7.13189621638756,-97.95917652389323,-0.003529644012452593,-7.177033623819189,-0.5576443814700272,0.06526469305149693,-0.6229090745215241,27.445000807322316,14.418928668924924,13.026072138397392,21.026951013358012,-2.512562862234502,-2.5446666155219066,308.4210446006374
2021-04-30 00:00:00+05:30,19.299999237060547,19.600000381469727,19.0,19.299999237060547,14112653,0.0,0.0,-227602610.2341993,-82546253,-0.20110362424873107,-8113297.249368874,-1.7006010401156266,0.08010036464112494,12716060.863783907,21.01631000493674,41.738451827582274,1363.7626314662282,20.8,22.556417219679673,19.043582780320328,16.888627112304544,0.0729941764027407,0.0,0.0,20.70166670481364,21.65666700998942,19.746666399637856,9.226313212295326,-0.23385707845145348,0.0,1.0,19.0,24.200000762939453,21.600000381469727,25.000003667978138,0.05769215250863992,1.118411728675705,8.526833825362859,-0.2191723724674759,-0.03258409642497285,-0.18658827604250305,20.733333269755047,20.761538358835075,20.484716820906044,20.70388919337352,0.9375000074505797,0.9062498919665942,0.031250115483985486,-0.009292061828577955,24.525626709836384,-7.629394538355427e-07,-3.0865178971876785,10.513239227399444,-13.599757124587121,21.600000381469727,21.600000381469727,21.600000381469727,21.600000381469727,7.753190353938626,16.61740565909812,26.134422387095285,30.200291804685776,-170.3377391594798,21.225000381469727,21.875,84.0,100.0,-16.0,19.62842547301433,23.91472067260742,0.0,0.0,40.61524990312875,0.0,0.0009078524851902817,0.12262908153731882,-6.025297756025195,37.54192585594313,5.769215250863992,5.112308727044284,-94.230784749136,-0.3802943117478286,-6.987955484045558,-1.0586048370932362,-0.1595092129774497,-0.8990956241157865,22.377637304773828,16.010670396094703,6.3669669086791245,20.92942981604731,-0.5154658940003776,-0.5167990025597202,306.31577341180105
2021-05-03 00:00:00+05:30,18.850000381469727,19.200000762939453,18.799999237060547,18.850000381469727,13156236,0.0,0.0,-237469724.50061673,-95702489,-0.2137964188706639,-7800010.662870857,-0.9121190442152924,-0.10584767331373235,12409310.015187271,20.906715068618045,38.78536479467348,1331.965136765871,20.73500003814697,22.669968015322606,18.800032060971336,18.663785614813605,0.012911924405934165,0.0,0.0,20.463333320617675,21.36833381652832,19.55833282470703,8.845093628991703,-0.39134367684768656,0.0,1.0,18.799999237060547,24.200000762939453,21.5,26.04292990568757,0.009259468570435539,1.0565705558081344,9.814729443388904,-0.3333421121257736,-0.092735699565133,-0.24060641256064058,20.57083336512248,20.682692234332745,20.233221984069687,20.56656409619546,0.915360491820824,0.9373039661484539,-0.021943474327629886,-0.046420483426140406,24.447356291858164,0.8650003433227553,-12.604790050264958,8.259798463103888,-20.864588513368844,21.5,21.5,21.5,21.5,3.876595176969313,16.111489131011254,25.224460654143478,30.541508387508546,-180.37089184515276,21.162500381469727,21.875,80.0,100.0,-20.0,19.62842547301433,23.619837432250975,0.0,0.0,38.32340284937229,0.0,0.0,0.00591029396063553,-9.029567588151172,36.052813122122885,0.925946857043554,2.9119951946714284,-99.07405314295644,-1.1711766803965844,-9.37499484190555,-1.6207963107821077,-0.45176663253838134,-1.1690296782437264,17.706122486924897,16.349760814260744,1.3563616726641534,20.809355846350897,-2.331600380204768,-2.3592122249156855,296.8421132940995
2021-05-04 00:00:00+05:30,18.950000762939453,19.75,18.850000381469727,19.049999237060547,11988341,0.0,0.0,-244129942.1746359,-83714148,-0.2406872424898003,-6343201.356684662,2.2521886658077728,0.0896988642074492,12536506.536774054,20.82238113726552,43.716418812815895,1346.0973117074648,20.644999980926514,22.713067087099798,18.57693287475323,20.034556629536727,0.11437403575908894,0.0,0.0,20.33499997456868,21.275000317891436,19.39499963124593,9.24514722889928,-0.18351078094602694,0.0,1.0,18.799999237060547,24.200000762939453,21.5,26.156461762498694,0.046296283214347776,1.0409134620803484,10.835865177862386,-0.40303824318271353,-0.1547962082886491,-0.24824203489406443,20.358333269755047,20.605769157409668,20.05118771529905,20.454225958481764,0.9341693378511778,0.9090908764773729,0.025078461373804983,-0.08632691418917736,24.48802930871868,0.5550007820129395,-19.52753005767472,5.505101078395768,-25.03263113607049,21.5,21.5,21.5,21.5,1.9382975884846565,15.102879973833183,27.493457367387425,28.61046453291085,-129.89660857469818,20.987500190734863,21.875,76.0,96.0,-20.0,19.62842547301433,23.234250376635742,0.0,0.0,39.945376283418966,0.057993292221453295,0.019331097407151172,0.00674631663078041,-10.858902758253638,28.967064364602283,4.629628321434778,3.7749301431140982,-95.37037167856522,-1.2676471541909606,-11.805560645252498,-1.9704399667863521,-0.7555012993879755,-1.2149386673983766,13.258048710961628,15.731418393600922,-2.4733696826392944,20.75833116909155,1.061001864951816,1.0554127392253587,301.0526155170641
2021-05-05 00:00:00+05:30,19.299999237060547,19.299999237060547,18.899999618530273,19.0,4834076,0.0,0.0,-246546968.64928958,-88548224,-0.29389648135212276,-5471558.321714383,-1.6549228618156788,0.07842577067738568,12523818.866350295,20.787151045876875,43.82162078199185,1342.56430166599,20.519999980926514,22.666951665655922,18.373048296197105,20.925455036306197,0.14600973749484097,0.0,0.0,20.203333218892418,21.1333335240682,19.273332913716636,9.206404657090198,-0.1469531311954641,0.0,1.0,18.799999237060547,24.200000762939453,21.5,26.31579693420198,0.03703716785652221,0.9768220777253409,11.796632146526965,-0.4570389887827808,-0.21524476438747545,-0.24179422439530537,20.174999872843426,20.532692249004658,19.889466528329965,20.346505517112746,0.9337540009188967,0.9148264866546987,0.01892751426419803,-0.12674243684685738,24.48134549752131,-0.1699995994567871,-27.222434186942085,1.8013640522163803,-29.023798239158467,21.5,21.5,21.5,21.5,0.9691487942423282,14.166314327882118,26.685878232368832,27.770074985273396,-124.5667865995439,20.987500190734863,21.875,72.0,92.0,-20.0,19.62842547301433,22.879510285469728,0.0,0.0,39.66454443855458,0.04795221330952729,0.035315168510326934,0.018215421972492627,-12.385802556090148,25.801072936263683,3.703716785652221,3.0864306547101745,-96.29628321434778,-1.4082354433396276,-10.377361715879559,-2.246277565444253,-1.053656552599231,-1.1926210128450219,6.017886188420288,13.788711952564796,-7.770825764144508,20.709338455025062,-0.2624631971810065,-0.2628082356953776,300.0
2021-05-06 00:00:00+05:30,19.100000381469727,19.100000381469727,18.850000381469727,18.850000381469727,5655194,0.0,0.0,-252202162.64928958,-94203418,-0.29861027028348275,-4811089.553285856,-0.5525851382184395,-0.27738888415298957,12479172.711470574,20.719392520136417,40.434635181474626,1342.56430166599,20.4,22.636738983820127,18.16326101617987,21.928813566864005,0.15351352353974124,0.0,0.0,20.04499994913737,20.920000330607095,19.16999956766764,8.730360525716861,-0.18285659810822966,0.0,1.0,18.799999237060547,24.200000762939453,21.5,26.47059571509268,0.009259468570435539,0.9041398699528068,12.780408245440144,-0.5061046252606545,-0.2734167365621113,-0.23268788869854318,20.049999872843426,20.476923062251164,19.729548659582235,20.23565328484289,0.929054120233047,0.972972875446036,-0.043918755212988936,-0.16700180477294257,24.418846645913465,-0.14999999999999858,-36.56450433145242,-3.718417011470843,-32.84608731998158,21.5,21.5,21.5,21.5,0.4845743971211641,13.347111766514875,26.168509901236074,27.619427943374074,-119.82461203599114,20.912500381469727,21.875,68.0,88.0,-20.0,19.62842547301433,22.553149401596993,0.0,0.0,38.78361805321763,0.01645489022269049,0.040800131917890434,0.03181546594512277,-13.888151801974628,25.08303116450572,0.925946857043554,3.0864306547101745,-99.07405314295644,-1.4885294521556176,-7.3710072328345895,-2.5010540462251445,-1.3431360513244137,-1.1579179949007308,0.16648840369731494,11.0642672427913,-10.897778839093984,20.62990575127229,-0.7894716764751286,-0.7926045035299811,296.8421132940995
2021-05-07 00:00:00+05:30,18.850000381469727,19.100000381469727,18.799999237060547,18.850000381469727,8722002,0.0,0.0,-258016775.1965058,-85481416,-0.30765900160115434,-4123791.045673591,-0.08599172841580731,-0.3723257633210966,12479172.711470574,20.626272971129307,40.978295873696815,1342.56430166599,20.294999980926512,22.61424573361444,17.975754228238586,22.855341265016822,0.18847639415053785,0.0,0.0,19.753333282470702,20.463333702087404,19.043332862854005,7.188664408824214,-0.1361495543119893,0.0,1.0,18.799999237060547,24.200000762939453,21.5,26.607546346163552,0.009259468570435539,0.8437259973984441,13.684742831597612,-0.5387787891648514,-0.32648914708265936,-0.2122896420821921,19.9333332379659,20.419230754558857,19.59423353987262,20.13301232903747,0.8978873031334773,0.9683098156427252,-0.07042251250924791,-0.2051971664522627,24.32558961011594,0.2549992561340346,-53.23907789779081,-12.3086369643664,-40.93044093342441,19.774999618530273,21.5,20.637499809265137,21.5,0.24228719856058206,12.63996578564233,25.52889590293083,27.351726949619433,-106.5023360864091,20.912500381469727,21.875,64.0,84.0,-20.0,19.62842547301433,22.25289738843408,0.0,0.0,38.78361805321763,0.01645489022269049,0.026953997918302833,0.034356432782173325,-15.108435892451643,26.18200342449178,0.925946857043554,1.8518701665797668,-99.07405314295644,-1.490147181118239,-6.913578363112462,-2.67609625603706,-1.609728092266943,-1.0663681637701168,-3.0013704746189998,8.25113969930924,-11.25251017392824,20.29038044596522,0.0,0.0,296.8421132940995
2021-05-10 00:00:00+05:30,19.0,19.149999618530273,18.799999237060547,18.850000381469727,8062871,0.0,0.0,-263775918.55180633,-77418545,-0.3122687087497359,-3534678.0391487926,0.1085206004436056,0.026629028308743048,12479172.711470574,20.573807093305742,44.20948044062786,1342.56430166599,20.194999980926514,22.581399055039313,17.808600906813716,23.633563519353014,0.21819474495127686,0.0,0.0,19.31499989827474,19.905000241597495,18.724999554951985,6.1092451092941005,0.1059328421859584,0.0,0.0,18.799999237060547,24.200000762939453,21.5,26.739299484917172,0.009259468570435539,0.7943534358055724,14.458850679298004,-0.5582382761078577,-0.37283897288769907,-0.18539930322015863,19.791666666666668,20.363461567805363,19.479736130887556,20.037974406995414,0.9523809923045139,0.9157509648876069,0.03663002741690702,-0.24006874088251554,24.260414388922428,2.0550000190734856,-71.99287084509936,-22.57054901501472,-49.42232183008464,19.674999237060547,21.5,20.587499618530273,21.5,0.12114359928029103,11.922534979004766,25.193906299564727,26.536801588969567,-93.49737200457174,20.912500381469727,21.875,60.0,80.0,-20.0,19.62842547301433,21.976665536324195,0.0,0.0,38.78361805321763,0.01645489022269049,0.01645489022269049,0.028069673352961177,-16.11674171311756,27.38544929657703,0.925946857043554,0.925946857043554,-99.07405314295644,-1.4282355140237257,-8.27250082094887,-2.785901732227846,-1.844962820259124,-0.9409389119687219,-6.019844276980597,5.396942904051272,-11.416787181031868,19.745824685663745,0.0,0.0,296.8421132940995
2021-05-11 00:00:00+05:30,18.75,19.75,18.700000762939453,19.25,14109609,0.0,0.0,-263104042.1729267,-63308936,-0.28869669523344493,-2223461.4310402065,1.8604400066822642,0.23025894890367543,12778580.568414675,20.502397467299808,48.30510992954096,1342.56430166599,20.1125,22.509764200813265,17.715235799186736,23.838550163463164,0.32010743753079024,0.0,0.0,19.22499993642171,19.800000127156576,18.64999974568685,5.981796542381541,0.5217391785090865,0.0,0.0,18.700000762939453,24.200000762939453,21.450000762939453,27.346177750155377,0.0999998612837358,0.8199180159310698,15.036936391244843,-0.5352138216521531,-0.4053139426405899,-0.12989987901156325,19.541666666666668,20.328846197861893,19.44439211075101,19.979605932403164,0.9542253875845865,0.8661972351240602,0.08802815246052631,-0.2670698235164594,24.26469779140328,2.987500381469726,-76.66995644409572,-32.70759070858699,-43.962365735508726,19.40000057220459,21.450000762939453,20.42500066757202,21.450000762939453,0.060571799640145516,11.589821592023531,27.99923006815868,24.20670507954899,-65.80827443259622,20.912500381469727,21.875,56.00000000000001,100.0,-43.99999999999999,19.62842547301433,21.722532232383102,0.0,0.0,42.99995959788819,0.16720922575794045,0.06670633540110722,0.03670507451403344,-15.88496475383526,30.448328689705907,9.99998612837358,3.950626614153553,-90.00001387162642,-1.402794299406164,-13.48314606741573,-2.6788006903786674,-2.011730394283033,-0.6670702960956345,-4.6001668058595655,3.3975209620691054,-7.997687767928671,19.69687956769045,2.122013848463844,2.099812660265288,305.2631578947368
2021-05-12 00:00:00+05:30,19.600000381469727,20.799999237060547,19.450000762939453,20.149999618530273,36883917,0.0,0.0,-261737990.47349408,-26425019,-0.2356652096695775,2836391.8062372897,3.2941135610012235,0.4211350618109755,14503022.710227778,20.453186146676924,53.84714912528408,1342.56430166599,20.082499980926514,22.462053644578837,17.70294631727419,23.69778330299834,0.5141832560103217,0.0,0.0,19.228333282470704,19.868333435058595,18.588333129882812,6.656844804862421,1.2200516533728458,1.0,0.0,18.700000762939453,24.200000762939453,21.450000762939453,27.387028533417958,0.26363615556196734,0.8929261380440175,15.364591215373832,-0.4392805749832718,-0.4121072691091263,-0.02717330587414546,19.295833269755047,20.30192309159499,19.552947111947823,19.992227686931095,1.0,0.8026755694965634,0.19732443050343662,-0.27865360299730946,24.390891801847165,0.01750040054321289,-72.98618678466494,-41.5437631661303,-31.44242361853464,19.75,21.450000762939453,20.600000381469727,21.450000762939453,5.516891726835097,12.296678183036429,32.86735102095784,21.241602074019365,0.12254012961344744,20.912500381469727,21.875,52.0,96.0,-44.0,19.62842547301433,21.420279085438736,0.0,0.0,51.15225771627461,0.45869279579179034,0.21411897059080717,0.09909339873820155,-13.274820185858735,37.78963305915746,26.363615556196734,12.42984951387128,-73.63638444380327,-1.2102941905750946,-12.770565862439872,-2.1972567632892117,-2.0488356680842688,-0.14842109520494295,8.958257403232206,4.509668250301726,4.448589152930481,19.7033239638087,4.675322693663753,4.569320872739846,324.2105182848479
2021-05-14 00:00:00+05:30,20.75,21.0,20.299999237060547,20.399999618530273,17986545,0.0,0.0,-274585508.6136677,-8438474,-0.25865641466384454,3073569.5839176774,2.0431946964473346,0.11475251177163504,14726180.841003364,20.27837126058416,50.487946265950946,1359.2214273121779,20.0625,22.424252698467406,17.700747301532594,23.54395213425451,0.5714510919685377,0.0,0.0,19.32499993642171,19.95500005086263,18.694999821980794,6.520052952275157,1.353174195898798,1.0,0.0,18.700000762939453,24.200000762939453,21.450000762939453,27.41433021806853,0.30909070101651276,0.8886335623865884,15.678934885098377,-0.33917013300642296,-0.3975198418885857,0.05834970888216273,19.320833206176758,20.259615384615383,19.683262882191276,20.0224330151977,1.0181818156597047,0.8909091060417722,0.12727270961793247,-0.276447571793922,24.5016871086695,-0.16250038146972656,-67.6125282567934,-48.713319872753154,-18.899208384040243,19.850000381469727,21.450000762939453,20.65000057220459,21.450000762939453,38.499879183446545,13.124081485383766,32.23742228440264,19.808651111680913,33.6448288930142,21.125000476837158,21.875,48.0,92.0,-44.0,19.62842547301433,21.148251253188807,0.0,0.0,53.15643969124383,0.5303518676974125,0.38541796308238113,0.22208108969143178,-10.501601663127522,36.53631839385467,30.909070101651277,22.42422392874052,-69.09092989834872,-0.856911962172564,1.4925334893879774,-1.693950644005059,-1.977858663268427,0.28390801926336806,8.967059113875067,5.401146423016394,3.5659126908586725,19.7682924073982,1.2406948125700978,1.2330612689482212,329.47367617958474
2021-05-17 00:00:00+05:30,20.799999237060547,20.799999237060547,20.049999237060547,20.149999618530273,11183894,0.0,0.0,-282787019.5034891,-19622368,-0.298410606884185,2235063.4290722953,-1.5088687902647764,-0.5016071390886332,14589123.313930653,19.77183544105797,38.219541497887235,1342.56430166599,19.989999961853027,22.245127572130883,17.73487235157517,22.562557424525494,0.535474634771895,0.0,0.0,19.428333218892416,20.073333295186362,18.783333142598472,6.639788076794326,1.059431251376296,1.0,0.0,18.700000762939453,24.200000762939453,21.450000762939453,27.5137569309438,0.26363615556196734,0.8747702061479294,15.682355449250736,-0.2768138592865945,-0.3733786453681875,0.09656478608159297,19.34166653951009,20.21730767763578,19.755068533935738,20.031882393222332,0.8725099413889297,1.0478089429566029,-0.1752990015676732,-0.26686041640319447,24.600171643127805,-0.5900003433227532,-68.27698107321065,-54.899118875302676,-13.377862197907973,19.850000381469727,21.450000762939453,20.65000057220459,21.450000762939453,69.24993959172328,13.543435149711708,30.295427870469215,20.623383043190877,21.20788259110106,21.08750009536743,21.300000190734863,44.0,88.0,-44.0,19.62842547301433,21.0,0.0,0.0,50.9070967742198,0.848355873378912,0.612466845622705,0.4040012597652977,-8.781299339190477,33.7935379691928,63.043449416268196,40.10537835803873,-36.956550583731804,-0.5472061662112964,1.256281431117253,-1.3818664359783424,-1.8586602178104101,0.4767937818320678,5.540496869325829,5.429016512278281,0.11148035704754822,19.7936332757919,-1.225490218994485,-1.2330612689482212,324.2105182848479
2021-05-18 00:00:00+05:30,20.200000762939453,21.200000762939453,20.0,20.899999618530273,22312426,0.0,0.0,-271630841.9681125,2690058,-0.2431373876106231,4306385.724919111,0.9411863452512651,0.16106376566541822,15419610.649752278,19.789382758135233,53.89022513668441,1342.56430166599,19.97499990463257,22.201544316737486,17.74845549252765,22.293310865934387,0.7077209214576669,0.0,0.0,19.603333218892416,20.328333218892414,18.878333218892415,7.396701284466173,1.3942526894054204,1.0,0.0,18.700000762939453,24.200000762939453,21.450000762939453,27.534418153986824,0.3999997919256037,0.9072932618270819,15.293428358422233,-0.16497559515526206,-0.3316980353256024,0.16672244017034032,19.46666653951009,20.215384556696964,19.93121177771951,20.096187372874773,1.00000018699495,0.9117647498811647,0.08823543711378523,-0.24501635574987446,24.844970514678216,-0.6750006675720215,-64.8335889605976,-59.93312542007189,-4.900463540525706,19.950000762939453,21.450000762939453,20.700000762939453,21.450000762939453,84.62496979586163,14.30098672158024,30.58111591711161,18.684004551997262,54.53307754630424,21.08750009536743,21.300000190734863,40.0,84.0,-44.0,18.700000762939453,21.0,1.0,0.0,56.81147409851858,1.0,0.7929025803587749,0.5969291296879536,-5.438366349817791,41.614598801066165,87.99995422363281,60.650824580517416,-12.000045776367188,-0.21264715755686936,7.731958914923105,-0.8209298216334364,-1.6511141385750157,0.8301843169415792,8.260990867785061,5.995411383379637,2.265579484405424,20.05169362543559,3.7220844377102935,3.6544871257433442,339.9999919690583
2021-05-19 00:00:00+05:30,21.100000381469727,21.5,20.649999618530273,21.25,22453995,0.0,0.0,-262385073.39336133,25144053,-0.18981996109850727,4813888.737861999,1.798119643404216,0.277017978603705,15795634.906161904,19.902694939417955,64.24579119698369,1342.56430166599,20.01999988555908,22.31050201458098,17.72949775653718,22.882139281869772,0.7685001028499719,0.0,0.0,19.794999885559083,20.51499996185303,19.074999809265137,7.2745650968071285,1.5104166390719251,1.0,0.0,18.700000762939453,24.200000762939453,21.450000762939453,27.4725276295695,0.4636362249200994,0.9015639737913463,14.838523166192278,-0.047552701429076194,-0.2748689685462971,0.22731626711722092,19.62916660308838,20.230769157409668,20.13410227345497,20.181654974884047,1.0338164544995174,0.8647343662867819,0.16908208821273552,-0.21197123197008427,25.069562161160835,-1.169999504089354,-53.6740094857787,-62.87218934216484,9.19817985638614,20.100000381469727,21.450000762939453,20.77500057220459,21.450000762939453,92.31248489793082,15.269249783530075,30.89656249112763,17.433434826142197,84.43653882771056,21.08750009536743,21.300000190734863,36.0,80.0,-44.0,18.750000762939454,21.0,0.0,0.0,59.273135420385024,1.0,0.9494519577929706,0.7849404612581501,-1.8730842908735352,45.779950070904405,91.07142613858527,80.70494325949541,-8.928573861414735,0.14117627985337222,10.10363129546136,-0.2356233990138829,-1.3680159906627893,1.1323925916489064,10.187364144082645,6.833801935520238,3.3535622085624066,20.341582587772756,1.6746430041051807,1.6607754651800644,347.3684210526316
2021-05-20 00:00:00+05:30,21.299999237060547,21.5,20.899999618530273,21.149999618530273,16611075,0.0,0.0,-265153594.69421995,8532978,-0.17853976161914714,3888888.370078537,0.4515062853169697,0.4524415143792156,15717464.843262034,20.03396305770196,73.29214254762014,1336.246327910026,20.064999866485596,22.406601856298284,17.72339787667291,23.340164519251715,0.7316789438950446,0.0,0.0,20.006666564941405,20.746666717529298,19.266666412353516,7.397535718265301,1.2725221742120325,1.0,0.0,18.700000762939453,24.200000762939453,21.450000762939453,27.41091471017951,0.44545433738014917,0.8714076145591843,14.208176020968052,0.037009964950595275,-0.21249318184691862,0.2495031467975139,19.820833206176758,20.24038454202505,20.290394172697326,20.25338420774673,1.1133006259109233,0.817734167881231,0.2955664580296923,-0.17328836557746471,25.145526534222867,-1.0150006294250495,-42.495756171619966,-63.53121732440569,21.03546115278572,20.100000381469727,21.450000762939453,20.77500057220459,21.450000762939453,96.1562424489654,16.16835119819778,29.400631057412664,16.589353120886596,81.69191224534146,21.08750009536743,21.225000381469727,32.0,76.0,-44.0,18.860000732421877,21.0,0.0,0.0,58.25152562718958,0.9512351869059654,0.9837450623019884,0.9086998668179113,0.7658582333987622,47.08579184097073,87.49998297009685,88.85712111077164,-12.500017029903148,0.33705860586727354,12.201587217587191,0.18273472013847103,-1.0578658485025374,1.2406005686410084,8.86446563775072,7.239934675966335,1.6245309617843855,20.524371833188273,-0.4705900304457722,-0.4717007914532889,345.26314986379526
2021-05-21 00:00:00+05:30,21.299999237060547,21.450000762939453,20.799999237060547,21.0,9840513,0.0,0.0,-268938398.50167793,-1307535,-0.18904565083989006,3122465.289189861,-0.4954009050439321,0.5385272383129082,15647674.147150202,20.13545687097547,74.45134054196734,1326.769427528743,20.08749990463257,22.45580627076661,17.719193538498526,23.57990170382393,0.6926482376638143,0.0,0.0,20.221666526794436,21.001666831970216,19.441666221618654,7.714500722700104,0.998931518385855,0.0,0.0,18.700000762939453,24.200000762939453,21.450000762939453,27.38021170435248,0.41818167946555396,0.8492670056911564,13.51450551267364,0.09087521872768534,-0.15181950173199782,0.24269472045968316,19.983333269755047,20.249999926640438,20.39956429997466,20.308689081246975,1.1323529439263957,0.7745099377512628,0.357843006175133,-0.13354002735645956,25.221308362388157,-1.087499904632569,-30.667342484389483,-61.023246722916646,30.355904238527163,20.100000381469727,21.450000762939453,20.77500057220459,21.450000762939453,98.0781212244827,16.8338602930272,27.82867093935299,16.52494075545236,69.72477959378509,21.08750009536743,21.225000381469727,28.000000000000004,72.0,-44.0,18.965600703125002,21.0,0.0,0.0,56.67361909323647,0.8759164911371996,0.9423838926810549,0.9585269709253379,2.5459874833342,45.51268689986059,82.14285227717053,86.90475379528421,-17.85714772282947,0.41073516957900225,10.236224887326253,0.4474696439742112,-0.7567987500071878,1.204268393981399,4.525472443588184,6.697042229490705,-2.1715697859025216,20.63191498282778,-0.7092180673083925,-0.7117449732469971,342.1052631578948
2021-05-24 00:00:00+05:30,21.049999237060547,21.100000381469727,20.549999237060547,20.799999237060547,8800381,0.0,0.0,-269738449.78467935,-10107916,-0.2680543544017773,2424958.402997329,-1.8749239178070471,0.46975546162778276,15563860.675047446,20.243712623210847,75.67051722581168,1314.133480016815,20.014999866485596,22.195389682320148,17.834610050651044,21.787557635566483,0.6800135381467304,0.0,0.0,20.411666488647462,21.216666793823244,19.60666618347168,7.887649013112235,0.7412003734137017,0.0,0.0,18.700000762939453,24.200000762939453,21.450000762939453,27.479390640464374,0.3818179043856534,0.8193404195629587,12.600947257267094,0.11608724878889376,-0.0982381516278195,0.21432540041671327,20.133333206176758,20.249999926640438,20.46116967491095,20.345082426122055,1.1365852778047598,0.7804878865729034,0.35609739123185646,-0.09643194840286443,25.096280899624478,-1.1649994850158691,-20.925955904844354,-55.34914506288831,34.423189158043954,20.100000381469727,21.450000762939453,20.77500057220459,21.450000762939453,99.03906061224134,17.02557647236995,26.535811970085838,17.868942296764956,56.96180429035638,21.08750009536743,21.225000381469727,24.0,68.0,-44.0,19.066976675000003,21.0,0.0,0.0,54.55179584446859,0.7695729239829752,0.8655748673420467,0.9305679407750299,3.489520289776472,44.50845199578347,74.9999659401937,81.54760039582035,-25.000034059806296,0.4752941187690283,9.47368019505551,0.5705911942624702,-0.4913207611532562,1.0619119554157264,0.34929077024803795,5.427491937642173,-5.078201167394135,20.660866281927486,-0.9523845854259694,-0.956948769593291,337.894720780222
2021-05-25 00:00:00+05:30,20.700000762939453,21.399999618530273,20.700000762939453,20.899999618530273,13562413,0.0,0.0,-275550944.1744249,3454497,-0.2565957536062842,2272285.2702334216,1.161297842325747,0.39183468852192377,15629064.83482614,20.35598892752741,75.99417031814522,1314.133480016815,19.904999828338624,21.6251448780827,18.18485477859455,17.28354749639451,0.7892197347949481,0.0,0.0,20.618333180745445,21.458333333333336,19.778333028157554,8.148089811375536,0.6676585634639853,0.0,0.0,18.700000762939453,21.5,20.100000381469727,14.0668136709763,0.7857140910868212,0.8074062631657448,11.705613525953531,0.14249457059182902,-0.0500916071838898,0.19258617777571882,20.304166475931805,20.223076820373535,20.528681973929306,20.386187403337477,1.1492536860212834,0.8009950853049556,0.34825860071632786,-0.0615435193634154,24.968011764255152,-1.054999446868898,-10.344478442330502,-47.97964750713662,37.63516906480612,20.475000381469727,21.450000762939453,20.96250057220459,21.450000762939453,99.51953030612067,17.5364416472404,27.512874145702792,16.799231168649413,91.24358189049885,21.15000009536743,21.225000381469727,20.0,64.0,-44.0,19.164297608000002,21.0,0.0,0.0,55.44990997696958,0.8134057833132848,0.8196317328111532,0.8758634976114182,4.523520536624196,45.03996975545591,78.57140910868212,78.57140910868212,-21.42859089131788,0.556470545600444,10.87532729747727,0.6989760653750335,-0.2532613958475982,0.9522374612226318,-0.5408611857877695,4.233821312956184,-4.774682498743954,20.70351580608717,0.48077108239288346,0.4796190691135127,339.9999919690583
2021-05-26 00:00:00+05:30,21.0,21.149999618530273,20.5,20.649999618530273,7840227,0.0,0.0,-279772611.9455752,-4385730,-0.29261872653479115,1667664.9816286473,-1.8653817309688643,0.37680191215383907,15535282.21349718,20.402318962934395,74.70442861453483,1298.414179729703,19.93249979019165,21.681577802998454,18.183421777384844,17.55001160132949,0.7051080120740949,0.0,0.0,20.771666463216146,21.57166665395101,19.971666272481283,7.702802200791709,0.4239582402010979,0.0,0.0,18.700000762939453,21.5,20.100000381469727,14.047406329026357,0.6964283524726739,0.7916655987021977,10.727959569236239,0.14161717803752438,-0.011749850139606968,0.15336702817713135,20.454166412353516,20.201922930203953,20.54734622694484,20.405729048907315,1.1213591873438011,0.7864077562031403,0.33495143114066084,-0.03193896714789953,24.905531606106873,-1.0824994087219224,-1.1446540883907605,-39.99725498532838,38.85260089693762,20.75,21.450000762939453,21.100000381469727,21.450000762939453,99.75976515306033,17.65682563915694,25.958864149264322,17.58830647132388,65.37615766542787,21.237500190734863,21.225000381469727,16.0,60.0,-44.0,19.257725703680002,21.0,0.0,0.0,52.64882354564099,0.6766975153178132,0.7532254075380244,0.8128106692304081,4.684908471935638,45.91085319970273,69.64283524726739,74.40473676538106,-30.35716475273262,0.5152940806220556,9.54906737736735,0.69400695117584,-0.06380772644291058,0.7578146776187505,-4.42917934121228,2.5012211821224914,-6.930400523334772,20.698036646671188,-1.1961722706365308,-1.2033839784693967,334.7368340743215
2021-05-27 00:00:00+05:30,20.75,22.200000762939453,20.600000381469727,21.549999237060547,36651088,0.0,0.0,-272900595.7520938,32265358,-0.19776935041623478,6141707.872641623,2.5101613355884793,0.5955695174257619,17132665.546575774,20.601050394812198,80.46384493385676,1298.414179729703,20.014999771118163,21.900496667791646,18.12950287444468,18.840838553436047,0.9070543602194546,0.0,0.0,20.90333315531413,21.728333536783854,20.0783327738444,7.893481631277463,0.8919186562037662,0.0,0.0,18.700000762939453,22.200000762939453,20.450000762939453,17.486885036344262,0.8142852783203125,0.8724990769789505,9.534716125796635,0.21111073260808055,0.03282226640993054,0.17828846619815003,20.679166316986084,20.24807673234206,20.70160053619341,20.49048980358533,1.120171605661271,0.7038626827268103,0.41630892293446065,0.0015684828500293318,25.097511663508993,-0.7649997711181626,8.112419230435853,-31.58337193119179,39.695791161627646,21.100000381469727,21.450000762939453,21.27500057220459,21.450000762939453,99.87988257653018,18.830848667954463,31.124622277638135,15.297768026472896,109.30151136803589,21.09999990463257,21.225000381469727,12.0,56.00000000000001,-44.00000000000001,19.347416675532802,21.0,0.0,0.0,60.40358632625519,1.0,0.8300344328770327,0.80096385774207,7.129369986298661,45.229025269903374,81.42852783203125,76.5475907293269,-18.57147216796875,0.5575000819037932,14.323601066051026,1.0302864139984658,0.1550111016453647,0.8752753123531011,7.58909112966279,3.5187951716305514,4.070295958032238,20.785263316998467,4.3583517440971775,4.266048021260183,353.68419446443255
2021-05-28 00:00:00+05:30,21.649999618530273,21.799999237060547,20.75,20.799999237060547,11230034,0.0,0.0,-283061118.2470457,21035324,-0.18736156470696272,4061103.105121392,-1.1687489636262276,0.5182297149107319,16741829.082622893,20.687278105249128,79.28239537159762,1253.2257496010109,20.084999752044677,21.97790713298433,18.192092371105023,18.84896593784577,0.6888627759116609,0.0,0.0,20.95833314259847,21.818333371480307,20.098332913716636,8.206761702187643,0.40794542825657804,0.0,0.0,18.700000762939453,22.200000762939453,20.450000762939453,17.425939971165278,0.5999995640345982,0.8902490929871101,8.221780447917292,0.2033223695780748,0.0669222870435594,0.1364000825345154,20.808332920074463,20.26923054915208,20.716738797865276,20.5134164282872,1.1290322729501696,0.7540323498593792,0.37499992309079044,0.029007335462161995,25.2601006939452,0.06499986648559641,14.156887482233776,-22.42405320280908,36.580940685042854,21.100000381469727,21.450000762939453,21.27500057220459,21.450000762939453,99.93994128826509,19.921012908980735,28.501409718146263,14.008457690068646,75.6546824085487,20.90000009536743,21.225000381469727,8.0,52.0,-44.0,19.518571720777203,21.0,0.0,0.0,52.663417967054656,0.6419898372906792,0.7728957842028308,0.7853852082059625,6.912152124566089,37.95626571278668,59.99995640345982,70.3571064942528,-40.00004359654018,0.5823529692257132,8.051944088626218,0.9911677573985247,0.32224243279599674,0.668925324602528,4.088823000045734,3.632800737313588,0.45602226273214574,20.785504374414035,-3.480278545486859,-3.5422831119042986,337.894720780222
2021-05-31 00:00:00+05:30,20.850000381469727,21.0,20.600000381469727,20.649999618530273,6134860,0.0,0.0,-287662285.1870357,14900464,-0.2085262764262834,3349484.5672845314,-3.097048505104635,0.2892604930858575,16697587.414666627,20.74893583993164,76.57087075275567,1244.1880865592966,20.152499771118165,22.024790654137366,18.280208888098965,18.581227185547473,0.6328585883540314,0.0,0.0,20.999999872843425,21.825000063578287,20.17499968210856,7.857144721240969,0.2878786827907341,0.0,0.0,18.700000762939453,22.200000762939453,20.450000762939453,17.36757245875806,0.5571425301688058,0.8412241455414264,6.683203447118346,0.18293753017519876,0.09012533566988729,0.09281219450531147,20.84999958674113,20.273076717670147,20.706471231813737,20.523533701638538,1.1164659175970288,0.8232931222391322,0.29317279535789664,0.049679243664736056,25.036961116041486,0.24749984741210795,23.317190805429355,-12.629522117694975,35.94671292312433,21.350000381469727,21.450000762939453,21.40000057220459,21.450000762939453,99.96997064413254,20.649806820184143,27.54885862295374,14.793571051121654,42.883834182985204,20.875,21.225000381469727,4.0,48.0,-44.0,19.67945746330694,21.0,0.0,0.0,51.24897182942945,0.4739823693239641,0.7053240688715477,0.7694180953171369,6.307565655647777,36.68864825050188,55.71425301688058,65.71424575079054,-44.28574698311942,0.5832353928509875,2.4813896251401997,0.8913549334859112,0.43606493293397963,0.4552900005519316,-1.481373026659405,2.6099659845189898,-4.091339011178395,20.78262039253467,-0.7211520386164794,-0.723764909355884,334.7368340743215
2021-06-01 00:00:00+05:30,20.899999618530273,20.899999618530273,20.299999237060547,20.399999618530273,8403318,0.0,0.0,-293264488.2825652,6497146,-0.19696896324700486,2570868.27195817,-1.4280137209838808,0.05437094110970431,16595852.3280415,20.834073842993494,72.48492188092573,1244.1880865592966,20.22999973297119,22.006062366206525,18.453937099735857,17.558701499542558,0.5478586403367446,0.0,0.0,20.983333142598468,21.748333295186363,20.21833299001058,7.291502712072536,0.1187363348263001,0.0,0.0,18.700000762939453,22.200000762939453,20.450000762939453,17.301038290651295,0.4857139587402344,0.8171017691342565,5.182474092708313,0.1449387240313449,0.1010880133421788,0.043850710689166086,20.84999958674113,20.201922856844387,20.65932175284705,20.514383028815704,1.1041664911641293,0.8750000198682117,0.2291664712959176,0.06241301147221762,24.719369598831115,-0.08000011444091726,30.211842773423005,-3.308871866672564,33.52071464009557,21.25,21.450000762939453,21.350000381469727,21.450000762939453,98.27556680817808,20.76950763578307,26.137730498030777,16.596949079970457,20.99734642109496,21.137500286102295,21.225000381469727,0.0,44.0,-44.0,19.83069006128489,21.0,0.0,0.0,48.89202422832,0.0,0.37199073553821443,0.6167368628708642,5.1011419280181745,35.2289846841126,34.54541293057528,50.086540783638554,-65.45458706942472,0.508676433563231,0.0,0.7065224619612273,0.4901564387394292,0.21636602322179804,-4.940368944250637,1.0998989987650645,-6.040267943015701,20.77299570660599,-1.2106537753911795,-1.2180418783257263,329.47367617958474
2021-06-02 00:00:00+05:30,20.450000762939453,20.75,20.25,20.5,6888359,0.0,0.0,-293264488.2825652,13385505,-0.17663699132261748,2302006.879921349,-0.7258581310542188,-0.232769894037113,16629618.923168037,20.951857442949105,65.16247748387421,1250.2870711476594,20.302499771118164,21.996451733193485,18.608547809042843,16.687127015611107,0.5582956994364443,0.0,0.0,20.91999982198079,21.649999936421715,20.189999707539876,6.978968648689023,0.2123289341519776,0.0,0.0,18.700000762939453,22.200000762939453,20.450000762939453,17.23925644357851,0.5142854963030133,0.7853915922208309,4.111528435942738,0.12149309467370273,0.1051690296084836,0.016324065065219134,20.87916628519694,20.101922842172478,20.634810713947502,20.5133176192738,1.0593606812803793,0.9908675472983154,0.06849313398206391,0.07011994364782513,24.402289450572496,0.5974998474121094,32.11697612309478,4.981431721629074,27.135544401465705,21.225000381469727,20.450000762939453,20.83750057220459,21.450000762939453,94.53773387990253,20.787671513092175,24.98900828359148,16.30701429633048,13.664164120612666,21.937500476837158,21.725000381469727,84.0,40.0,44.0,19.972848703384166,21.0,0.0,0.0,49.884865903839355,0.08624734567495775,0.18674323833297393,0.4213526809142452,4.387072383930503,34.779431245706306,22.72726484566954,37.66231026437513,-77.27273515433046,0.45985294790828846,1.7369746307481833,0.5922644836325786,0.510578047718059,0.08168643591451952,-8.72524090780603,-0.8651289825491546,-7.860111925256876,20.76006880651921,0.49019795754747797,0.4890003993688552,331.57894736842104
2021-06-03 00:00:00+05:30,20.600000381469727,21.399999618530273,20.600000381469727,20.75,13244168,0.0,0.0,-301542101.176712,26629673,-0.19190358552403167,2446154.7542182994,3.020194386920141,-0.16298420186048404,16791133.167070474,20.98497023820862,64.37222051532552,1250.2870711476594,20.389999771118163,21.983611521211674,18.79638802102465,15.631307189623575,0.6129510462196055,0.0,0.0,20.893333180745444,21.64333318074544,20.14333318074544,7.17932360061317,0.4044445461697066,0.0,0.0,18.700000762939453,22.200000762939453,20.450000762939453,17.165277289299667,0.5857140677315849,0.7968523948517752,2.851437555756795,0.12168249509522511,0.10847172270583191,0.013210772389393194,20.866666316986084,20.126922827500564,20.652532142570966,20.53084964747574,1.0181818843872965,0.9545454624270591,0.06363642196023744,0.07639459016561016,24.24096817028876,0.8600002288818374,32.4208298972977,11.991228652927651,20.429601244370048,21.225000381469727,20.450000762939453,20.83750057220459,21.450000762939453,93.0291344830332,21.536043134423213,28.697049352623406,15.026832645443841,50.04469945941559,21.800000190734863,21.725000381469727,80.0,36.0,44.0,20.106477826957484,21.0,0.0,0.0,52.37568995638832,0.30262319730640064,0.12962351432711947,0.22945249606610255,4.474411519433639,34.00467554352159,34.09089726850431,30.454525014916367,-65.9091027314957,0.3769116457770849,-0.717701537167883,0.5926812440038784,0.526998686975223,0.06568255702865544,-7.8424595927635306,-2.26059510459203,-5.581864488171501,20.75986516988356,1.2195121951219523,1.2121360532344916,336.84210526315786
2021-06-04 00:00:00+05:30,20.899999618530273,21.049999237060547,20.649999618530273,20.700000762939453,6381825,0.0,0.0,-306328431.88803446,20247848,-0.1883940344300165,2051120.3063222677,-0.9401726255602226,-0.12236304723873016,16775755.510152213,21.017054537974865,65.89538698004466,1247.2743771879461,20.48249979019165,21.91437754156718,19.05062203881612,13.981474586038631,0.5759495608262861,0.0,0.0,20.86499983469645,21.58999964396159,20.140000025431316,6.949435082760301,0.38620750678248866,0.0,0.0,18.700000762939453,22.200000762939453,20.450000762939453,17.087758017095293,0.5714285714285714,0.757167117219625,3.02236295884477,0.11645564751072612,0.11006850766681076,0.006387139843915368,20.820833047231037,20.15769210228553,20.65983500724304,20.543379359732313,1.0469483500809862,0.9671361191245611,0.07981223095642509,0.08080603509521944,24.079676349423167,0.6674998283386238,32.19851591127592,17.893947743607683,14.304568167668236,21.225000381469727,20.450000762939453,20.83750057220459,21.450000762939453,93.01290361593863,22.230959639944896,27.657807033136745,14.482647066602741,32.77990831345458,21.800000190734863,21.725000381469727,76.0,32.0,44.0,20.232089203116402,21.0,0.0,0.0,51.82095236513984,0.25443359571028146,0.21443471289721328,0.17693382185243547,4.396561562222646,33.84433231617262,31.81820546299138,29.545455859055068,-68.18179453700861,0.30367633034201447,-2.5882317038143383,0.5668767804531435,0.5349743056708072,0.03190247478233632,-11.419778480491352,-4.0924317797718945,-7.327346700719458,20.758933809631625,-0.24096017860504304,-0.24125095484062165,335.78948974609375
2021-06-07 00:00:00+05:30,20.799999237060547,21.100000381469727,20.700000762939453,20.75,11089610,0.0,0.0,-314645679.0476082,31337458,-0.19549378028141765,1837313.4110332313,0.18035294919973732,-0.17670828981383926,16802541.598019984,21.046204503033763,63.80888990407506,1247.2743771879461,20.577499771118163,21.800395644827002,19.354603897409323,11.885757621781169,0.5705294018037173,0.0,0.0,20.86833324432373,21.578332901000977,20.158333587646485,6.8045650638665025,0.41666668905339826,0.0,0.0,18.700000762939453,22.200000762939453,20.450000762939453,17.00886909940572,0.5857140677315849,0.7214503673506899,3.1810444551158947,0.11502195224552736,0.11105919658255409,0.003962755662973272,20.787499745686848,20.20961519388052,20.673706544590264,20.558684592344736,1.0609137419525867,1.0,0.0609137419525867,0.08409939775926234,23.95365766417675,0.42250022888183736,33.55934561869812,22.772150417055304,10.787195201642813,21.225000381469727,20.450000762939453,20.83750057220459,21.450000762939453,94.5547327282055,22.932388083591302,27.088853809119627,13.939025503481039,32.96710823501752,21.737500190734863,21.725000381469727,72.0,28.000000000000004,44.0,20.350163896705784,21.0,0.0,0.0,52.364296651784564,0.30163347023835996,0.2862300877516807,0.2100961049920044,4.472588070188616,25.60603859695861,25.641015608952603,30.516706113482755,-74.3589843910474,0.3383822889888961,-1.891251185554724,0.5594810880476132,0.5398756621461684,0.019605425901444762,-11.17016779957743,-5.507978983733002,-5.662188815844427,20.75888344966539,0.24154219911944885,0.24125095484062165,336.84210526315786
2021-06-08 00:00:00+05:30,20.850000381469727,20.950000762939453,20.450000762939453,20.549999237060547,7084608,0.0,0.0,-318896487.0886238,24252850,-0.19093152349580067,1372421.9230103479,-1.411509354258815,-0.4059675039326272,16734255.959218685,21.017117624989805,56.10692354681219,1235.2524096201187,20.662499713897706,21.59517049422244,19.72982893357297,9.027666480231481,0.4396890739956553,0.0,0.0,20.833333269755045,21.523333040873208,20.14333349863688,6.623997822949206,0.29468541544923466,0.0,0.0,18.700000762939453,22.200000762939453,20.450000762939453,16.938899206110484,0.5285709926060268,0.699305330615621,3.4142522736111114,0.09663341843009832,0.10817404095206294,-0.011540622521964625,20.749999682108562,20.257692116957443,20.654674651124154,20.558041232694055,0.9684211329409951,1.0473683005885075,-0.07894716764751242,0.08441695761672924,23.912106971202792,0.1374995231628411,31.420786678423575,26.39053272447912,5.030253953944456,21.225000381469727,20.450000762939453,20.83750057220459,21.450000762939453,97.27736636410275,23.036577790964518,25.785908246335687,15.673520696263477,-16.015410194605355,21.600000381469727,21.600000381469727,68.0,24.0,44.0,20.350163896705784,22.200000762939453,0.0,1.0,49.938228566187945,0.09088291658137379,0.21564999417667174,0.23877159827518848,3.9034048794721854,26.92295054872823,15.384570240286708,24.281263770743553,-84.6154297597133,0.354706057380227,-2.142860775902158,0.4700516811709637,0.5259108659511276,-0.055859184780163884,-13.61861535462289,-7.13010625791098,-6.488509096711909,20.755022323200485,-0.9638590985033835,-0.9685342860472179,332.6315628854852
2021-06-09 00:00:00+05:30,20.700000762939453,20.75,20.200000762939453,20.299999237060547,12548814,0.0,0.0,-326882159.2968788,11704036,-0.22212119016852477,728189.7197231554,-0.986149273920879,-0.5086571867353307,16581593.982748035,20.952647050721858,47.195205491783405,1235.2524096201187,20.714999675750732,21.41220841872695,20.017790932774513,6.7314386086366325,0.20238436991004521,0.0,0.0,20.79833329518636,21.47833302815755,20.118333562215167,6.538982939835599,0.1335777545467628,0.0,0.0,19.450000762939453,22.200000762939453,20.825000762939453,13.275404504201797,0.3090903542258523,0.6843747212601136,3.747604860646074,0.06118219201139752,0.09877567116392987,-0.03759347915253235,20.708333015441895,20.313461303710938,20.600109202806674,20.538927010795277,0.9153439858262786,1.0687830367456308,-0.15343905091935217,0.08017055521397053,23.849443045589336,0.18499994277954102,28.519329869513466,28.65796723993219,-0.13863737041872426,21.0,20.450000762939453,20.725000381469727,21.450000762939453,48.63868318205137,22.610915139304403,24.395864039224683,17.27893355191997,-98.22217751962754,21.5,21.5,64.0,20.0,44.0,20.350163896705784,22.165000762939453,0.0,0.0,47.006532361853615,0.0,0.13083879560657793,0.2109062925116434,2.620703450351055,26.810942944895174,4.9999237060546875,15.341836518431327,-95.00007629394531,0.34897085077622236,-2.403846242018709,0.29788407144754986,0.4803055070504121,-0.18242143560286223,-11.667555191195836,-8.037596044567952,-3.6299591466278844,20.746611435378338,-1.216545057330909,-1.224005535171857,327.3684049907484
2021-06-10 00:00:00+05:30,20.399999618530273,24.350000381469727,20.25,24.350000381469727,110047787,0.0,0.0,-216834372.2968788,121751823,0.12462982007683804,64294685.94400522,6.799318839704827,0.012394223603866359,38536947.6793147,21.807514825815808,72.48641097700492,1235.2524096201187,20.924999713897705,22.624558768587846,19.225440659207564,16.244292262153287,1.5076144921591024,1.0,0.0,20.951666641235352,21.881666374206542,20.02166690826416,8.877572833665104,2.3270616752637525,1.0,0.0,20.0,24.350000381469727,22.175000190734863,20.78853257321957,1.0,1.0259372872810748,3.7343913984605916,0.3557867960292569,0.15017789613699528,0.2056088998922616,20.995833079020183,20.51730750157283,21.177015537985604,20.821228741956347,0.949612423731916,0.7674418192028346,0.1821706045290814,0.11167625526874181,24.603385229082665,-0.27500009536743164,39.62856681448211,31.488153832404222,8.14041298207789,22.27500057220459,21.52500057220459,21.90000057220459,21.52500057220459,49.474252616726815,25.040547363212674,43.54849994111921,12.059847238399342,396.400784458873,21.5,21.5,100.0,16.0,84.0,20.200000762939453,22.165000762939453,1.0,0.0,73.8200705270389,1.0,0.36362763886045796,0.23670547621456914,12.874205125297042,59.53385395085178,100.0,40.12816464878046,-0.0,0.5560297068427573,16.50718098521221,1.7087694508265003,0.7259982958056298,0.9827711550208705,32.60498997434368,0.09092115921437482,32.514068815129306,21.165403802925752,19.95074530355314,18.191101673018963,412.63158697831005
2021-06-11 00:00:00+05:30,25.850000381469727,29.200000762939453,25.5,28.700000762939453,171972872,0.0,0.0,-91340645.30748057,293724695,0.35631184480678796,161978596.3523537,10.865088395199551,0.9223951031043376,69259003.00099482,24.26394117478477,86.59347929889543,1235.2524096201187,21.339999771118165,25.112877191986776,17.567122350249555,35.359676301167276,1.4753829996054884,1.0,0.0,21.620000076293945,22.814999961853026,20.425000190734863,11.054577995764056,3.4623436672268495,1.0,0.0,20.0,29.200000762939453,24.600000381469727,43.11153168516363,0.9456521784200106,1.40834359669994,3.691254755352779,0.9295563960348048,0.3060535961165572,0.6235027999182476,21.666666507720947,20.890384453993576,22.334397880286197,21.404841484251392,1.2151163615943308,0.5901161398095667,0.6250002217847641,0.20703008111890978,25.601698036001192,0.2099994659423814,71.63310498835752,36.85658874161847,34.77651624673905,24.700000762939453,23.950000762939453,24.325000762939453,23.950000762939453,62.469492846915145,28.56368562102802,59.23451734277169,8.708811863865607,518.8431575138371,21.5,21.5,100.0,12.0,88.0,20.200000762939453,22.165000762939453,0.0,0.0,83.48542828752647,1.0,0.6666666666666666,0.3870443670445674,28.276576506248606,69.69763831901811,94.44444444444444,66.48145605016637,-5.555555555555555,1.6876475334167473,38.983057109529014,4.342738986031388,1.4493464338507813,2.8933925521806065,56.49108773832911,11.37095447503732,45.120133263291784,23.48564128786528,17.86447767278092,16.436528415412475,504.2105423776727
2021-06-14 00:00:00+05:30,30.0,31.700000762939453,25.25,31.049999237060547,162451470,0.0,0.0,38368594.95884441,456176165,0.48254179283509113,193376040.67612153,4.4667191120565946,1.1584966223708268,82560769.4285309,25.7811511384269,90.6669180480666,1336.396702323767,21.884999752044678,27.508175186721154,16.2618243173682,51.38839843168024,1.3149309577376869,1.0,0.0,22.47833340962728,24.27833340962728,20.678333409627278,16.015422204113015,2.881018285398129,1.0,0.0,20.0,31.700000762939453,25.850000381469727,53.46127893762641,0.9444443176501467,1.9125093133238913,3.6649133168777768,1.5559620133931418,0.5560352795718742,0.9999267338212676,22.458333174387615,21.35961517920861,23.675259627482248,22.119297614089106,1.1437908235998295,0.596949787860436,0.5468410357393936,0.3625612666747953,26.88246575432352,-1.0850005149841309,114.92290407438605,46.26892888616991,68.65397518821615,25.950000762939453,25.200000762939453,25.575000762939453,25.200000762939453,75.25584071843457,32.17396381677805,53.405902560748366,6.229655524452326,339.80273010066736,21.5,21.5,100.0,8.0,92.0,20.25,22.165000762939453,0.0,0.0,86.40540121641709,1.0,1.0,0.6767647685090413,40.60194098192987,77.53623368680691,94.3478128184443,96.26408575429623,-5.652187181555706,3.0541180778952217,44.083528242833545,7.034409683976837,2.5663590838759927,4.468050600100844,62.02493086462824,21.501749752955504,40.523181111672734,26.125630065403698,8.188147775785648,7.870163445933764,553.6841944644325
2021-06-15 00:00:00+05:30,31.0,32.25,29.0,29.299999237060547,47114181,0.0,0.0,-47605.51516634971,409061984,0.3933984323926286,153972346.75810418,14.830988487783303,2.3510944951388386,79905380.74009609,26.184787495336195,92.41847881227923,1261.0764354467494,22.30499973297119,28.763861896943133,15.846137568999247,57.914030408388406,1.041504008485274,1.0,0.0,23.443333435058594,25.50833339691162,21.378333473205565,17.61694826866985,1.9180789128796096,1.0,0.0,20.200000762939453,32.25,26.225000381469727,54.02375871472561,0.755186643176994,2.0462583819915023,3.889869832866597,1.8894027447890664,0.8227087726153126,1.0666939721737538,23.166666507720947,21.761538212115948,24.540604182801985,22.65120143801292,1.2837573470250363,0.6066535638157067,0.6771037832093296,0.5331264619542684,27.874207284974915,-1.6550001144409165,150.22860078647696,59.392442737656815,90.83615804882015,26.225000381469727,25.475000381469727,25.850000381469727,25.475000381469727,84.7933785324069,35.589034369132996,48.52434789461646,5.396102095008895,247.74633307493937,20.637499809265137,21.5,100.0,4.0,96.0,20.93700004577637,22.165000762939453,0.0,0.0,75.67493225810296,0.7276452530166675,0.9092150843388892,0.8586272503351852,43.48680580786908,68.87480808042804,75.5186643176994,88.1036405268627,-24.481335682300596,4.731029678793515,40.86538611431805,8.341291520273614,3.721345571155517,4.619945949118097,53.09349652280123,27.82009910692465,25.27339741587658,26.810390995371886,-5.63607099194785,-5.801129382403669,516.8420892012747
2021-06-16 00:00:00+05:30,29.049999237060547,30.799999237060547,27.100000381469727,28.899999618530273,54581457,0.0,0.0,-1522786.112297078,354480527,0.3610655335547915,128857359.79568551,-11.354586574765491,1.3607553586849837,79160242.08660387,26.6990411972699,83.3753296048499,1261.0764354467494,22.687499713897704,29.73078554668514,15.644213881110268,62.08957286265373,0.9410228444593681,0.0,0.0,24.286666742960612,26.671666590372723,21.901666895548505,19.640404940322995,1.4671558009899763,1.0,0.0,20.200000762939453,32.25,26.225000381469727,53.11294496536816,0.7219916519856213,2.2116324293514342,4.307645649475332,2.0972050263727624,1.0776080233668026,1.0195970030059598,23.854166507720947,22.148076644310585,25.21128040368326,23.1140753773105,1.1898734334389078,0.7269439471234628,0.46292948631544506,0.700079026612711,28.545192299696833,-2.287500095367431,183.99450679676318,76.23396239315299,107.76054440361018,26.225000381469727,25.475000381469727,25.850000381469727,25.475000381469727,91.13432937849944,37.02303534277063,41.685846399960205,11.872543149303485,160.96629812439775,20.587499618530273,21.5,96.0,0.0,96.0,21.84204004211426,22.165000762939453,0.0,0.0,73.43022915595473,0.6706714573872983,0.7994389034679886,0.9028846626022925,44.37046643474695,66.61302757368807,72.19916519856213,80.68854744490193,-27.800834801437873,6.168676623176125,39.95157458790878,9.073281072845528,4.79173267149352,4.281548401352008,46.37294281812532,31.530667849164786,14.842274968960531,27.20346987516868,-1.3651864469140573,-1.3745908065390111,508.4210446006374
2021-06-17 00:00:00+05:30,28.25,29.700000762939453,28.100000381469727,28.649999618530273,21530491,0.0,0.0,-8251088.611990114,332950036,0.3531798794725957,109680219.43201616,-0.37156049237367733,1.4176973923458804,78973992.1620001,26.86837382620693,81.51535153826366,1250.1674695981983,23.062499713897704,30.524595601531544,15.600403826263863,64.71194345977253,0.8743921271430025,0.0,0.0,25.076666768391924,27.54166673024496,22.6116668065389,19.659709837992168,1.2248139767621213,1.0,0.0,20.200000762939453,32.25,26.225000381469727,52.24931983326634,0.7012447627052378,2.1504692245632633,4.68594924514595,2.2161702894212674,1.3053204765776956,0.9108498128435718,24.541666507720947,22.50961509117713,25.74031412904434,23.524143839623072,1.216312079043236,0.7570921075601283,0.45921997148310767,0.852073383543098,28.776359453862145,-2.5624997138977044,214.37554230585621,96.47585421477302,117.89968809108319,26.225000381469727,25.850000381469727,26.037500381469727,25.475000381469727,95.09089577109884,38.35460767543416,39.118488118761675,11.141334007457196,128.98350837945654,20.42500066757202,21.450000762939453,92.0,0.0,92.0,22.674676838745118,22.165000762939453,0.0,0.0,71.99288243392402,0.63418952874776,0.6775020797172419,0.7953853558413732,44.409272816953724,65.91609437026472,70.12447627052379,72.61410192892843,-29.875523729476214,7.218088441736558,40.441177226817885,9.420832930329409,5.717552723260698,3.703280207068711,36.65057259115076,32.55464879756198,4.095923793588781,27.448701759316773,-0.8650519145325664,-0.8688152072818145,503.15788670590047
2021-06-18 00:00:00+05:30,29.049999237060547,29.299999237060547,26.049999237060547,27.600000381469727,22536266,0.0,0.0,-9291208.094630307,310413770,0.350829908183283,90631179.21227193,-17.665989295733997,0.3770587644437831,78148056.300874,26.95246038937238,79.22895245064151,1250.1674695981983,23.392499732971192,31.041962226085698,15.743037239856687,65.40098390881043,0.7750193658891604,0.0,0.0,25.761666742960614,28.511666742960614,23.01166674296061,21.349550302302863,0.8342424797289297,0.0,0.0,20.200000762939453,32.25,26.225000381469727,51.512234154592505,0.6141078910421088,2.260422302106937,5.434208089624664,2.2003605673214324,1.484328494726443,0.7160320725949894,25.133333206176758,22.79615358205942,26.02641970634055,23.82605913901912,1.1352656669497692,0.7665056303335889,0.3687600366161803,0.9745011963887308,29.00051027682272,-2.642499732971192,242.95877648055307,119.74245764386802,123.21631883668505,26.225000381469727,26.125,26.175000190734863,25.475000381469727,97.46222445217512,37.982964317127326,34.474003439673304,17.30757976175592,88.04519970011421,20.600000381469727,21.450000762939453,88.0,8.0,80.0,23.44070269164551,22.165000762939453,0.0,0.0,66.13734112863403,0.48556746228932773,0.5968094828081286,0.6912501553311197,42.176508722895285,64.69395732354909,61.410789104210885,67.91147685776559,-38.589210895789115,7.036764711492204,34.63414820229135,9.23510075452628,6.4210623295138145,2.814038425012466,28.380283701424474,31.719775778334483,-3.339492076910009,27.466936092669055,-3.664918851801402,-3.7337643301452506,481.052639609889
2021-06-21 00:00:00+05:30,26.899999618530273,28.299999237060547,26.649999618530273,27.350000381469727,16700959,0.0,0.0,-11821637.707194535,293712811,0.34481096615084494,77087405.07480451,-1.9759320946396133,0.33792173775408785,77996779.50042862,27.045768936531797,77.96920285341014,1238.843489051829,23.71999979019165,31.457790288516208,15.982209291867093,65.24275351405505,0.7345631218668992,0.0,0.0,26.420000012715654,29.295000012715654,23.545000012715654,21.76381528097119,0.6617391945659257,0.0,0.0,20.200000762939453,32.25,26.225000381469727,50.8010090372905,0.5933610017617255,2.1993800337492706,6.135077596030733,2.142955678869182,1.6160539315549909,0.526901747314191,25.6833332379659,23.063461303710938,26.23004750251427,24.08709182364509,1.1588785241090067,0.8021806640710879,0.3566978600379188,1.0665753995153455,29.093705323492888,-3.0199990272521973,271.67795114528366,146.4376981401858,125.24025300509786,26.225000381469727,26.125,26.175000190734863,25.475000381469727,98.73111222608756,37.63786691298527,32.37256009857218,16.25255584193284,72.92292743185627,20.65000057220459,21.450000762939453,84.0,4.0,80.0,24.145446476313868,22.165000762939453,0.0,0.0,64.78621527242335,0.4512739433256687,0.5236769781209188,0.5993295135487631,40.03020499953172,60.5705619889276,59.33610017617254,63.623788516969064,-40.66389982382746,6.58749983170453,31.80723075407097,8.89669742847723,6.916189349306498,1.9805080791707326,20.278894873405257,29.43159959734864,-9.152704723943383,27.45410587108729,-0.9057970889299161,-0.9099243728776241,475.7894817151521
2021-06-22 00:00:00+05:30,27.5,28.649999618530273,27.350000381469727,27.600000381469727,15921756,0.0,0.0,-21619637.805613782,309634567,0.33841527546534,66643552.77840387,4.286589640755186,0.6959537214547595,78142316.573353,27.13216109427113,79.1071324417271,1250.1674695981983,24.054999828338623,31.855314079556805,16.25468557712044,64.85399548437177,0.7272344702380085,0.0,0.0,27.14166666666667,30.096666590372717,24.186666742960615,21.774638676372497,0.5775522380095759,0.0,0.0,20.200000762939453,32.25,26.225000381469727,50.093532833306156,0.6141078910421088,2.109441954080398,6.690425164570116,2.093502211519194,1.7115435875478315,0.3819586239713626,26.258333206176758,23.349999794593224,26.440809483892032,24.347307272372838,1.1778115741169641,0.7917932869903624,0.3860182871266017,1.1338051839886039,28.985701856496537,-3.304999828338623,302.96620044232566,176.93179487049827,126.03440557182739,26.25,26.125,26.1875,25.475000381469727,99.36555611304378,37.45035308928148,32.10456865558912,15.45329069434013,71.60437149261443,20.65000057220459,21.450000762939453,80.0,0.0,80.0,24.79381075820876,22.165000762939453,0.0,0.0,65.54426086641936,0.47051423158862005,0.4691185457345388,0.5298683355545287,38.621964631487785,54.74035738878752,61.410789104210885,60.7192261281981,-38.589210895789115,5.806617484373206,33.33333026191858,8.598495875125849,7.252650654470369,1.3458452206554803,13.10518032867992,26.166315743614895,-13.061135414934975,27.47182239033053,0.9140767697004559,0.9099243728776241,481.052639609889
2021-06-23 00:00:00+05:30,27.850000381469727,28.399999618530273,27.450000762939453,27.700000762939453,15865555,0.0,0.0,-29134890.641232256,325500122,0.3304911704168542,57349696.88895032,-0.4490844031072956,0.44814809359565694,78199800.6867697,27.27081770436368,76.89655527787305,1254.697079095769,24.407499885559083,32.197639700304705,16.617360070813458,63.83398423658074,0.7113248899042952,0.0,0.0,27.885000038146973,30.879999923706055,24.89000015258789,21.481082169351915,0.46911531180693417,0.0,0.0,20.200000762939453,32.25,26.225000381469727,49.37006778064163,0.622406678411503,1.9934976442314405,7.217475907313278,2.03887628078936,1.7770101261961373,0.2618661545932226,26.83749993642171,23.611538300147423,26.634531219130096,24.595654938340736,1.172989417021586,0.8224582420854576,0.3505311749361284,1.17955617495525,28.80311452857321,-3.8575006484985366,334.81436181921487,209.7302165376908,125.08414528152406,28.75,26.225000381469727,27.487500190734863,25.475000381469727,99.6827780565219,37.27623311012796,30.908352314463134,14.877501028668307,63.57116562043624,20.700000762939453,21.450000762939453,76.0,60.0,16.0,25.39030589755206,22.165000762939453,0.0,0.0,65.86083963825067,0.4785494564830179,0.46677921046576887,0.4865249114404088,37.61578175268121,44.83550245786915,62.2406678411503,60.99585237384457,-37.7593321588497,5.342058714698343,33.4939795804311,8.289579138675727,7.460036351311441,0.8295427873642858,6.898380669394457,22.31272872877081,-15.414348059376355,27.50232005603937,0.36232021770863376,0.36166541917617145,483.15791079872537
2021-06-24 00:00:00+05:30,28.149999618530273,28.299999237060547,26.899999618530273,27.100000381469727,10512567,0.0,0.0,-36643854.793598115,314987555,0.3226489022499402,48255805.3033537,-4.328162133352227,0.20614884303908523,77972091.51577699,27.334062869384017,76.252568019136,1227.5195085054595,24.68499994277954,32.4435502583422,16.926449627216883,62.860444266130656,0.6556347732801322,0.0,0.0,28.329999987284346,31.05499979654948,25.605000178019203,19.237556021801833,0.2743119831361907,0.0,0.0,20.200000762939453,32.25,26.225000381469727,48.81506690294815,0.572614112481342,1.9341478416613238,7.908242601775858,1.924979851287894,1.8066040712144886,0.11837578007340532,27.38333336512248,23.836538314819336,26.70614185949004,24.781162008202145,1.150220937847059,0.8203239785037576,0.3298969593433013,1.2007992463485695,28.658463703830193,-4.385000705718994,347.75126350016734,240.4100119278919,107.34125157227544,28.75,26.225000381469727,27.487500190734863,25.475000381469727,99.84138902826095,36.64886911045219,29.18268280807871,16.24026111465567,50.463063202128815,20.77500057220459,21.450000762939453,72.0,56.00000000000001,15.999999999999993,25.939081425747897,22.165000762939453,0.0,0.0,62.169916057563576,0.3848685035015573,0.44464406385773175,0.46018060668601307,35.64987439954583,46.58206879242944,57.2614112481342,60.30428939783179,-42.7385887518658,4.828382043277514,31.87348607097119,7.767916010761554,7.521612283201463,0.24630372756009056,0.29465210523340224,17.90911340406333,-17.614461298829927,27.48450813139121,-2.166066299436653,-2.189869877420403,470.52632382041526
2021-06-25 00:00:00+05:30,27.25,27.299999237060547,25.899999618530273,26.0,14134343,0.0,0.0,-48758997.68366124,300853212,0.31871540415168015,39141007.018328324,-9.904950081728408,-0.5142299448843538,77398372.60533538,27.420011749558444,74.44007780551362,1227.5195085054595,24.944999980926514,32.51149863308937,17.37850132876366,60.66545326076056,0.5697152056434925,0.0,0.0,28.189999898274742,30.684999593098958,25.69500020345052,17.70131042091218,0.061122211193490594,0.0,0.0,20.200000762939453,32.25,26.225000381469727,48.306270780814735,0.4813277679904142,1.8807330193482188,8.96940694590217,1.7260583464468482,1.7904949262609606,-0.06443657981411244,27.858333428700764,24.02307679102971,26.597504650337726,24.871446303890878,1.1158798166150983,0.8555078775961228,0.2603719390189755,1.1925492902010004,28.530268304157854,-0.5949995994567878,343.2195868694497,265.7763100162323,77.44327685321741,29.074999809265137,26.225000381469727,27.65000009536743,25.475000381469727,49.920694514130474,35.27348805515018,27.527545804343035,19.370345054794107,27.88268096551884,20.77500057220459,21.450000762939453,68.0,52.0,16.0,25.939081425747897,32.25,0.0,1.0,55.976381004646896,0.22766766923955292,0.3636952097413761,0.4250394946882922,31.99269228160973,41.792852742580074,48.132776799041416,55.87828529610863,-51.867223200958584,4.388382092644186,28.078822547605263,6.939919477770074,7.4052737221151865,-0.46535424434511263,-4.487180069036973,13.42985470944327,-17.917034778480243,27.380075090681483,-4.059041940906683,-4.143720394054684,447.3684210526316
2021-06-28 00:00:00+05:30,26.100000381469727,26.25,25.049999237060547,25.149999618530273,13268996,0.0,0.0,-59816487.32016532,287584216,0.30695422404685063,31938198.635464244,-8.591460091709267,-1.0270835689879576,76964578.31065384,27.452318043458323,73.68527758173849,1187.3890450250299,25.169999980926512,32.4753679525532,17.864632009299825,58.0482159488486,0.4986311187558301,0.0,0.0,27.804999860127765,29.774999554951982,25.835000165303548,14.170111165144709,-0.17385803372786734,0.0,1.0,20.200000762939453,32.25,26.225000381469727,47.874450719872364,0.41078831277986977,1.8126597937073423,10.23241268873508,1.4827316857681438,1.7289422781623973,-0.24621059239425347,27.925000031789143,24.182692160973183,26.374811568521196,24.892079882753052,1.0967741676602893,0.883590466059732,0.21318370160055733,1.1555422456009576,28.42011418816489,3.530000782012941,329.39233490559127,285.6833915850227,43.70894332056855,27.924999237060547,26.225000381469727,27.074999809265137,25.475000381469727,24.960347257065237,33.38188456800647,26.15807492697717,21.93058221038093,6.802714229490112,20.77500057220459,21.450000762939453,64.0,48.0,16.0,25.939081425747897,32.12299999237061,0.0,0.0,51.691047556577836,0.11889973826448128,0.24381197033519716,0.3507170813114349,27.547118880943806,39.5857364601862,41.07883127798698,48.82433977505419,-58.92116872201302,3.8270585957695467,3.2854177598672396,5.956640396271115,7.115547056946372,-1.1589066606752576,-8.788562223653162,8.986171322823983,-17.774733546477144,26.56973160343843,-3.269232236422026,-3.323865664351633,429.47367617958474
2021-06-29 00:00:00+05:30,25.049999237060547,27.649999618530273,25.049999237060547,27.649999618530273,23076721,0.0,0.0,-36739766.32016532,310660937,0.3388913024272363,35617284.9018265,7.8867347363522375,-0.3933061396827348,79258486.99355868,27.55643336386364,75.50788572197973,1187.3890450250299,25.532499980926513,32.569706468583384,18.495293493269642,55.12352094713686,0.6504502988023597,0.0,0.0,27.464999834696453,29.36999956766764,25.56000010172526,13.872199122059408,0.5485563805159389,0.0,0.0,20.200000762939453,32.25,26.225000381469727,47.19474883408296,0.6182572055837041,1.8913938524835807,10.529179281901975,1.474624111894304,1.6780786449087788,-0.2034545330144748,27.83749993642171,24.446153714106632,26.57099434544567,25.096370233551365,1.0981432086977934,0.8474801014709503,0.25066310722684304,1.120791945337654,28.408313771793736,5.517499256134034,333.4986626296222,302.29496445534045,31.203698174281726,27.375,26.225000381469727,26.800000190734863,25.475000381469727,12.480173628532619,32.37479403491763,29.037849935555197,19.649629666023362,28.526706521744817,20.77500057220459,21.450000762939453,60.0,44.0,16.0,25.939081425747897,31.840079962158207,0.0,0.0,61.11909466698336,0.27158930288000005,0.20605223679467807,0.271186472290417,26.61946969857904,47.71855901483799,61.66666348775228,50.292757188260225,-38.33333651224772,3.287499685848463,-3.658540475598366,5.875846180826889,6.867606881722477,-0.991760700895588,-9.468932389622141,5.2951505803347585,-14.764082969956899,26.612809657661852,9.940358003655891,9.476783279400447,482.1052551269531
2021-06-30 00:00:00+05:30,28.549999237060547,28.899999618530273,26.649999618530273,27.049999237060547,26792128,0.0,0.0,-54005813.449397095,283868809,0.3079830728614881,28232631.770081896,11.967136127273813,-0.024176333427807277,78677102.2831729,28.3717997973032,72.99904607949648,1187.3890450250299,25.85999994277954,32.52997744174709,19.190022443811994,51.58528626238375,0.5892056453312776,0.0,0.0,27.324999809265137,29.084999656677248,25.564999961853026,12.881975185341773,0.4218748306686082,0.0,0.0,20.200000762939453,32.25,26.225000381469727,46.597058251057994,0.5684646396535431,1.9272544672352225,11.077803079338999,1.4036039126235487,1.623183698451733,-0.21957978582818427,27.50416660308838,24.682692160973183,26.644687405694114,25.241083493070565,1.146443520877408,0.905160397120111,0.241283123757297,1.0814564808085045,28.444280762283114,3.439999294281005,333.21935217645205,315.49983221874,17.719519957712066,27.174999237060547,26.225000381469727,26.699999809265137,25.475000381469727,6.240086814266309,32.01382104844943,31.381089879332695,17.913288001564514,40.351533672277405,20.96250057220459,21.450000762939453,56.00000000000001,40.0,16.000000000000007,25.939081425747897,31.5684767331543,0.0,0.0,58.184181514768646,0.1870446450426834,0.1925112287290549,0.21412514528631,24.897646106814292,42.68167254878886,27.777774834338842,43.50775653335936,-72.22222516566116,3.0324995826272385,-12.8824479815951,5.560791053240168,6.606243716026015,-1.0454526627858467,-8.833885476397063,2.4693433689883943,-11.303228845385457,26.632470378194373,-2.1699833263926105,-2.1938737084265636,469.47366814864307
2021-07-01 00:00:00+05:30,27.299999237060547,27.799999237060547,26.899999618530273,27.200000762939453,7217748,0.0,0.0,-56411709.054185815,291086557,0.31800830682413356,24354066.26198583,-5.299437020198965,-1.1787852916705586,78717127.17204337,28.572368878287833,61.882631696473084,1193.9735246401578,26.182499980926515,32.44423099518117,19.920768966671858,47.83142189490092,0.5812475639481021,0.0,0.0,27.1733331044515,28.86333287556966,25.483333333333334,12.438663778359304,0.507889840857881,0.0,0.0,20.200000762939453,32.25,26.225000381469727,46.02310415674117,0.5809128998507361,1.8245289823647277,11.562846926910716,1.3439317538618845,1.5673333095337634,-0.22340155567187892,27.329166730244953,24.934615281911995,26.730120229885703,25.38618847602382,1.0438871385260176,1.043887198317515,-5.979149753088109e-08,1.039866393508438,28.199619191322576,2.7174996376037583,325.00945979529433,324.6165748092668,0.392884986027525,26.97499942779541,26.225000381469727,26.59999990463257,25.475000381469727,3.1200434071331546,31.678631846728962,30.230372158679803,17.256423054622857,30.63885192920729,21.100000381469727,21.450000762939453,52.0,36.0,16.0,25.939081425747897,31.30773763331055,0.0,0.0,58.71789601135268,0.20241910662171264,0.22035101818146538,0.20630482790173268,23.718055576226977,41.902990598499436,29.861129139674595,39.76852248725524,-70.1388708603254,2.7854407647076798,-7.167230473729429,5.293948538714944,6.3437846805638,-1.0498361418488562,-14.292580637696542,-0.8830414323485931,-13.409539205347949,26.65121002894255,0.554534307244614,0.5530024263491029,472.6315950092516
2021-07-02 00:00:00+05:30,27.350000381469727,27.450000762939453,26.549999237060547,26.700000762939453,9173014,0.0,0.0,-62527025.800695375,281913543,0.3151430713401855,20219698.653130714,-3.433986027630757,-1.743121373076798,78548505.59589072,28.106724563135977,38.40702072904712,1193.9735246401578,26.482499980926512,32.21759171268719,20.747408249165836,43.312313685575454,0.5189622757739367,0.0,0.0,27.098333168029786,28.55333309173584,25.64333324432373,10.73866731716652,0.36311600481884093,0.0,0.0,20.200000762939453,32.25,26.225000381469727,45.50174358817829,0.5394191212899693,1.7320762367161457,11.803555237753189,1.241978561055891,1.502262359838189,-0.2602837987822979,27.145833492279053,25.13269226367657,26.725486465740126,25.483507904684235,1.0493358372804957,1.1612903319206647,-0.11195449464016893,0.9923013555075815,27.899724613066365,2.167499637603761,307.1395179983897,328.55674890405635,-21.417230905666656,26.97499942779541,26.225000381469727,26.59999990463257,25.475000381469727,1.5600217035665773,31.082487210716078,29.081928778735545,18.078233484408106,14.375296140625537,21.27500057220459,21.450000762939453,48.0,32.0,16.0,25.939081425747897,31.057428097460548,0.0,0.0,56.145474319159646,0.1857258245699687,0.19172985874478823,0.20153070188510278,21.963259414501092,38.1052592756446,22.916685431089885,26.851863135034435,-77.08331456891011,2.6720585037680245,-7.612452887993161,4.873656192472613,6.049758982945564,-1.1761027904729504,-18.34466579894295,-4.375366305667464,-13.969299493275484,26.65220855222567,-1.8382352425565407,-1.8553407370480723,462.105279219778
2021-07-05 00:00:00+05:30,26.75,27.75,26.75,27.049999237060547,8829037,0.0,0.0,-66058654.072736695,290742580,0.3222707643984429,17772620.19953471,2.831565888782661,-2.6002229872911293,78664241.52808769,27.699290319476763,28.3030203044695,1209.62479429649,26.79749994277954,31.89519325865468,21.699806626904405,38.04603658371263,0.524766034227155,0.0,0.0,27.073333168029784,28.463333129882812,25.68333320617676,10.268406577247333,0.49160649942100293,0.0,0.0,20.200000762939453,32.25,26.225000381469727,44.96687848788432,0.5684646396535431,1.6638685367505857,11.831396691621107,1.1758672078066574,1.4369833294318828,-0.26111612162522535,27.012500127156574,25.373076879061184,26.77541150748173,25.599544299675074,0.9047619273274039,1.1842650594073998,-0.2795031320799959,0.943844487746152,27.705935289315008,0.8025004386901848,286.222758398495,326.6963664547418,-40.4736080562468,26.97499942779541,26.225000381469727,26.59999990463257,25.475000381469727,0.7800108517832887,30.682830044662666,29.058669996161946,17.254658974872193,16.354550253439847,21.27500057220459,21.450000762939453,44.0,28.000000000000004,15.999999999999996,25.939081425747897,30.817130943044546,0.0,0.0,57.54749940523373,0.26939615099511177,0.21918036072893102,0.21042041255172814,20.933336975204927,40.609999339767924,34.78260869565217,29.186807755472213,-65.21739130434783,2.796470355987548,-5.5846436396979104,4.593313045113785,5.7584697953792086,-1.1651567502654236,-21.909789348347346,-7.882250914203441,-14.027538434143905,26.65545380225866,1.3108556708616437,1.3023383106989694,469.47366814864307
2021-07-06 00:00:00+05:30,27.149999618530273,27.600000381469727,26.600000381469727,26.700000762939453,8064356,0.0,0.0,-72510132.72012134,282678224,0.3190125969391424,14830458.414634142,-1.8600322025748048,-1.9220405321346519,78559897.26286116,27.356332565333705,34.89815799810107,1193.973524640158,27.105000019073486,31.324466828927186,22.885533209219787,31.134232111304243,0.4520082424646355,0.0,0.0,26.98333320617676,28.34333324432373,25.623333168029784,10.080296809555426,0.39583366349630755,0.0,0.0,20.200000762939453,32.25,26.225000381469727,44.4567394524298,0.5394191212899693,1.5974816830755272,11.826503427995997,1.0827502612250157,1.3661367157905095,-0.28338645456549383,26.93750015894572,25.60576923076923,26.763809854475227,25.68105959325021,0.9743590085592385,1.1468531369039792,-0.17249412834474065,0.8921696604989997,27.5434905754506,0.24500036239624023,265.61027007505214,319.00702292761264,-53.396752852560496,26.97499942779541,26.225000381469727,26.59999990463257,25.475000381469727,0.39000542589164433,30.178098583588156,27.761532420240183,17.154012511718378,-4.731021905945255,21.40000057220459,21.450000762939453,40.0,24.0,16.0,25.939081425747897,30.586445674805187,0.0,0.0,55.632133445750576,0.19412461548342128,0.21641553034950056,0.2091085832744065,19.52822325983669,40.47048467324358,35.48389213844475,31.061062088395598,-64.51610786155524,2.7692646475399236,-3.2608681380110456,4.216143252553319,5.450004486814031,-1.2338612342607114,-25.21887368326571,-11.349575468015896,-13.869298215249813,26.656337494732803,-1.293894580379762,-1.3023383106989694,462.105279219778
2021-07-07 00:00:00+05:30,26.899999618530273,27.100000381469727,26.549999237060547,26.649999618530273,4725570,0.0,0.0,-75517310.64961201,277952654,0.3287889720687551,12678066.654259881,-3.200685407806967,-2.1241208832370297,78551047.67854528,27.18242546489496,38.1201878290404,1191.73756805138,27.42250003814697,30.28265266611455,24.56234741017939,20.859896975030505,0.3649546859732385,0.0,0.0,26.874999809265137,28.195000076293944,25.554999542236327,9.823257870861372,0.4147726722656975,0.0,0.0,20.25,32.25,26.25,43.75968632804086,0.5333333015441895,1.4927336292088924,11.688671807653835,0.9934676589506282,1.2916029044225334,-0.2981352454719053,26.8791667620341,25.846153846153847,26.746300587406772,25.752832928456144,0.9215686072848565,1.1250000584359274,-0.20343145115107097,0.8385110931586235,27.37825906079279,0.17750034332275533,246.10641415851404,307.71315077854,-61.60673662002597,26.97499942779541,26.225000381469727,26.59999990463257,25.475000381469727,0.19500271294582217,29.66241815963296,27.04642954374399,16.946321772789023,-42.35728580290898,21.350000381469727,21.450000762939453,36.0,20.0,16.0,25.939081425747897,30.3649878172954,0.0,0.0,55.34871291261658,0.25319057360940306,0.23890378002931204,0.2248332237025811,18.29869243448967,42.073063357734405,37.64706779928768,35.97118954446153,-62.35293220071232,2.413823509216307,-2.5594177447021913,3.857702419421495,5.131544073335523,-1.2738416539140283,-29.484559727905935,-14.976572319993904,-14.507987407912031,26.656186798498307,-0.1872701984285463,-0.18744576829226034,461.0526235480058
2021-07-08 00:00:00+05:30,26.899999618530273,28.200000762939453,26.649999618530273,27.299999237060547,16264364,0.0,0.0,-78140613.24295451,294217018,0.20677912535224693,12377175.760170972,5.718030400229733,-0.45383376209676346,78947739.25629249,27.144273541657615,48.04105098917815,1191.73756805138,27.569999980926514,30.06166580602967,25.07833415582336,18.07519642239347,0.4458192304229261,0.0,0.0,26.86999982198079,28.205000241597492,25.534999402364097,9.936735604475972,0.6610484194466444,0.0,0.0,25.049999237060547,32.25,28.649999618530273,26.115345549222198,0.312499966886312,1.4984603807289212,11.311748770323302,0.9640471548411931,1.2260917545062655,-0.26204459966507243,26.854166666666668,26.107692278348484,26.831484995045813,25.86743784020462,1.029411824704264,1.056149689530574,-0.02673786482630991,0.7895089705231272,27.257401862094465,0.13000078201293874,227.46761260260868,294.8518203044466,-67.38420770183794,26.97499942779541,26.225000381469727,26.59999990463257,25.475000381469727,0.09750135647291108,29.799844035365318,30.231090677254922,15.717571457517575,-18.922852923369497,20.83750057220459,21.450000762939453,32.0,16.0,16.0,25.939081425747897,30.152388274086007,0.0,0.0,58.321319254794346,0.46791594823696003,0.3050770457765948,0.25346545205180243,18.038654525088088,31.18603833101034,58.4415526509914,43.85750419624127,-41.5584473490086,2.243529538547289,-1.08696065312592,3.72687531249352,4.850610321167123,-1.1237350086736027,-27.697755457707167,-17.52080894753656,-10.176946510170609,26.660460855161105,2.4390229937501173,2.4097537946621284,474.73682604337995
2021-07-09 00:00:00+05:30,27.399999618530273,27.649999618530273,26.950000762939453,27.100000381469727,6329203,0.0,0.0,-81757303.13520275,287887815,0.018973526934003684,10428174.457746264,-1.3824782827925182,-0.41144420410768523,78901371.7327695,27.120608305639053,50.850857213688265,1183.0069396105082,27.489999961853027,29.933685322738892,25.04631460096716,17.778722184626318,0.42020257873093764,0.0,0.0,26.953333218892414,28.218333562215168,25.68833287556966,9.38659670067134,0.5579711947714039,0.0,0.0,25.049999237060547,32.25,28.649999618530273,26.191345117972563,0.2847223509976757,1.418614228215111,10.869596580793683,0.9140562853084226,1.1636846606666968,-0.2496283753582742,26.80416663487752,26.351923062251164,26.872795054495644,25.95873876918722,1.0140846144985145,1.0338028383926607,-0.019718223894146236,0.7425239295337852,27.163079325904214,-0.38999958038330007,209.87438892916677,281.57204852928834,-71.69765960012157,26.97499942779541,26.225000381469727,26.59999990463257,25.475000381469727,0.04875067823645554,29.927453777116796,29.201319654701287,15.182178943742173,-29.555181745615872,20.83750057220459,21.450000762939453,28.000000000000004,12.0,16.000000000000004,25.939081425747897,29.94829271260499,0.0,0.0,57.06252856412306,0.3790797336040439,0.3667287518168023,0.3035698592075697,17.483542824090716,31.992923826358776,53.24677769581409,49.778466048697716,-46.75322230418591,2.1130883890039804,-2.166066299436651,3.5211891203027124,4.5847260809942405,-1.0635369606915281,-30.733971409275718,-20.16344143988439,-10.570529969391327,26.67336599861815,-0.7325965610992302,-0.735293228238465,470.52632382041526
2021-07-12 00:00:00+05:30,27.549999237060547,29.149999618530273,27.100000381469727,28.450000762939453,22116238,0.0,0.0,-74744818.35627477,310004053,-0.31010795964556254,13203710.92616469,7.64709160558241,-0.17140834947716937,80003103.44186167,27.18891729788209,52.60383293434533,1183.0069396105082,27.36000003814697,29.245099388864396,25.474900687429546,13.779965994803401,0.7891096228900755,0.0,0.0,27.228333282470704,28.578333473205568,25.87833309173584,9.916142693934034,0.9524693732834743,0.0,0.0,25.049999237060547,32.25,28.649999618530273,26.315792225514528,0.4722223841113637,1.4817527290996546,10.456088804829603,0.972165391913574,1.1253808069160722,-0.15321541500249825,26.916666666666668,26.649999985328087,27.115442086563924,26.14327669465035,0.9837838250237543,0.9702703115102407,0.013513513513513598,0.7081363292718875,27.24667834616125,-1.3600000381469712,198.64837995452456,266.5886837876108,-67.94030383308626,27.84999942779541,26.225000381469727,27.03749990463257,25.475000381469727,6.422722198280396,30.781209123436213,33.466744761042165,13.709373097460018,68.9102862419679,20.83750057220459,21.450000762939453,24.0,8.0,16.0,25.939081425747897,29.75236097358321,0.0,0.0,62.88568777153956,0.7900356018237443,0.5456770945549162,0.40582763071610434,18.65410716209327,38.815742093169185,82.9268587692206,64.87172970534202,-17.073141230779395,2.0800001593197095,4.981551153013347,3.718605755767816,4.411502015948956,-0.6928962601811404,-25.37921253194206,-21.206595658295925,-4.172616873646135,26.905024402042354,4.981551153013353,4.861444542716287,498.9473844829359
2021-07-13 00:00:00+05:30,28.700000762939453,28.75,27.75,28.25,17204228,0.0,0.0,-74744818.35627477,292799825,-0.2230799728541514,10825915.261600548,0.7265655860873269,-0.08743335024898198,79882159.37741488,27.230293464512652,61.657936300383064,1174.690514860426,27.307500076293945,29.024554293888603,25.590445858699287,12.57569688032526,0.7744525810682787,0.0,0.0,27.375,28.565000152587892,26.184999847412108,8.694065041738023,0.8676470116819475,0.0,0.0,25.049999237060547,30.799999237060547,27.924999237060547,21.056486254454548,0.556521871815557,1.433577456189689,10.05239062158396,0.9906591850373836,1.0984364825403345,-0.10777729750295095,27.104166666666668,26.938461523789627,27.289989457861783,26.2993302728244,1.013477088117342,0.978436679576657,0.03504040854068502,0.6804403882248544,27.3045711328282,-2.157500457763671,179.1357192179865,249.4682801255591,-70.3325609075726,27.84999942779541,26.225000381469727,27.03749990463257,25.475000381469727,16.708121105441325,31.573981945018527,31.843929684739177,13.044600425122944,95.40230521344292,20.83750057220459,21.450000762939453,20.0,4.0,16.0,25.939081425747897,29.564266504122305,0.0,0.0,61.55382437277743,0.8810266901671314,0.6833806751983066,0.5319288405233417,19.25262904364535,41.494751803893635,78.04879183431562,71.40747609978342,-21.95120816568438,2.0916177244747374,8.653846153846153,3.7668608848988474,4.282573789738935,-0.5157129048400875,-23.186202639611757,-21.60251705455909,-1.5836855850526668,26.933940920783225,-0.7029903605485499,-0.7054729796741821,494.7368421052632
2021-07-14 00:00:00+05:30,28.299999237060547,29.100000381469727,27.75,28.399999618530273,21384583,0.0,0.0,-75536857.85299625,314184408,-0.2453655968570346,9737595.83743318,1.10476937637428,0.30063318616005424,79995705.54705839,27.347302059344596,69.22269158488189,1174.690514860426,27.282500076293946,28.918738224520645,25.646261928067247,11.994781590037958,0.8414843809403407,0.0,0.0,27.463333384195966,28.56333357493083,26.363333193461102,8.010682282055894,0.9257573054185381,0.0,0.0,25.049999237060547,29.700000762939453,27.375,17.043898150372744,0.7204299531571737,1.4252197487176927,9.46008276500496,1.0058248422674296,1.0799141544857536,-0.07408931221832393,27.375,27.240384615384617,27.460760251810783,26.454935409543353,1.0432433006448179,0.9540540381710941,0.08918926247372372,0.6580880685963921,27.37283441605197,0.3674995422363274,162.59649909392118,231.42239560318427,-68.82589650926309,27.84999942779541,26.225000381469727,27.03749990463257,25.475000381469727,30.023283443503637,32.47254764040719,31.454201196964494,12.18554886222955,123.00752015417285,20.83750057220459,21.450000762939453,16.0,0.0,16.0,25.939081425747897,29.383695813439836,0.0,0.0,62.20042770799307,0.9387867720276859,0.8699496880061872,0.6996691525864699,19.927600796086633,43.490618191492345,81.70731877514734,80.89432312622785,-18.292681224852657,2.205000164929558,12.922465404752659,3.802030988533763,4.186465229497901,-0.3844342409641377,-19.27006690548038,-21.13602702474335,1.8659601192629687,27.041065750829134,0.5309721009921109,0.5295674142677509,497.89472881116365
2021-07-15 00:00:00+05:30,28.5,29.299999237060547,27.899999618530273,28.049999237060547,15482327,0.0,0.0,-87701550.88621137,298702081,-0.26877697325465894,7572393.5240800055,1.5824421298416866,1.1211612012722039,79804902.01083216,27.49708429832216,68.38144153873831,1160.2136791620987,27.25250005722046,28.807323283792172,25.697676830648746,11.410499758239743,0.7564597589651793,0.0,0.0,27.575,28.725000190734864,26.424999809265138,8.340889869337174,0.7065213731647366,0.0,0.0,25.049999237060547,29.299999237060547,27.174999237060547,15.594899517756266,0.7058823529411765,1.4226977356989507,8.410709764152578,0.9783241177319333,1.0595961471349895,-0.08127202940305622,27.40833330154419,27.53846153846154,27.55141240338767,26.573088285655736,1.1054054357780831,0.8891892418537406,0.21621619392434255,0.636115350023656,26.717233674334796,-0.2025008201599121,152.00561472762925,214.18529523976648,-62.179680512137224,27.924999237060547,26.25,27.087499618530273,25.475000381469727,49.311784026528,33.400711557558346,30.27800454468424,11.350732325352935,129.88624898417783,20.725000381469727,21.450000762939453,12.0,0.0,12.0,25.049999237060547,29.383695813439836,1.0,0.0,59.67831553816077,0.7134903693383452,0.8444346105110542,0.799254991238516,19.835864841040383,42.65171364463363,70.58823529411765,76.78144863452685,-29.41176470588235,2.224558841480931,1.4466532515327943,3.6816349955832446,4.08549918271497,-0.4038641871317252,-18.656412371156822,-20.640104094026043,1.9836917228692208,27.076667861820518,-1.2323957259540275,-1.2400526965690162,490.5262997275905
2021-07-16 00:00:00+05:30,28.200000762939453,28.25,27.600000381469727,27.799999237060547,10322543,0.0,0.0,-91671792.3526963,288379538,-0.29070072499239524,6121960.770640005,-4.25039882708729,1.4312370058880595,79712900.73381999,27.652974278969054,69.01303203426436,1149.873093505066,27.2625,28.82866571466079,25.69633428533921,11.489523812275403,0.6715971790306245,0.0,0.0,27.67333329518636,28.79833329518636,26.548333295186364,8.130570957967585,0.5562959741663045,0.0,0.0,25.049999237060547,29.299999237060547,27.174999237060547,15.589179275561667,0.6470588235294118,1.345427923982083,6.732221566752124,0.9256859532926462,1.032814108366521,-0.10712815507387474,27.47083330154419,27.671153802138107,27.589656531645034,26.663970578352387,1.1392758663559654,0.8857939192240545,0.25348194713191097,0.6121074143027073,25.819200060669377,-0.062499237060546164,148.8700406305065,198.9238821544344,-50.0538415239279,27.924999237060547,28.649999618530273,28.28749942779541,25.475000381469727,68.36831255165184,33.88240830968696,29.275201355252236,12.503403498118951,60.7633556725109,21.90000057220459,21.52500057220459,8.0,44.0,-36.0,25.134999237060548,29.383695813439836,0.0,0.0,57.87320123714124,0.3349471600712498,0.6624081004790937,0.7922641329987782,19.283205821108254,43.559777345661736,64.70588235294117,72.33381214073538,-35.294117647058826,2.140000017951518,2.7726433314365617,3.4716733225177676,3.9627340106755296,-0.49106068815776194,-20.449441364922187,-20.601971548205274,0.15253018328308698,27.116394291900825,-0.8912656213897252,-0.8952611516711784,485.2631418328536
2021-07-19 00:00:00+05:30,27.450000762939453,27.850000381469727,27.200000762939453,27.450000762939453,9529994,0.0,0.0,-93871017.43505566,278849544,-0.29704867305421767,4770897.323636694,-2.7282241673702274,0.673025655622169,79592919.31475806,27.75443038889045,61.69861564058176,1135.3963366991463,27.267500019073488,28.835388755204054,25.69961128294292,11.500054900770774,0.5581995200489684,0.0,0.0,27.70500005086263,28.79500001271566,26.6150000890096,7.868615483500721,0.3830278454828234,0.0,0.0,25.049999237060547,29.299999237060547,27.174999237060547,15.586320700567141,0.5647062413832721,1.275885093436902,6.13520200372705,0.8459759922973049,0.9954464851526778,-0.14947049285537284,27.49166663487752,27.623076879061184,27.568171028767253,26.722195036469948,1.1312501430511475,0.984375,0.14687514305114746,0.5838853235991053,24.63095771879831,-0.5674992561340346,146.52778226154527,185.69249461960032,-39.164712358055056,27.924999237060547,28.649999618530273,28.28749942779541,25.475000381469727,54.77122714031589,33.83003628227194,28.2669874874858,14.192129808332504,13.454812425446953,24.325000762939453,23.950000762939453,4.0,40.0,-36.0,25.21829923706055,29.383695813439836,0.0,0.0,55.349084603038406,4.931559794037825e-05,0.34949561500251175,0.6187794419975531,18.140413337692873,40.70929086239555,32.72732821377841,56.00714862027906,-67.2726717862216,1.8163236281451063,0.9191176212782686,3.1658177449222746,3.803350757524879,-0.6375330126026042,-22.236873654683823,-20.928951969500986,-1.307921685182837,27.121713808652224,-1.2589873515338357,-1.2669797503399138,477.89475290398855
2021-07-20 00:00:00+05:30,25.649999618530273,26.299999237060547,25.25,25.399999618530273,25261513,0.0,0.0,-111914968.40309574,253588031,-0.3162099131291849,-3308678.088241029,-7.273909786057794,-0.70133476675866,77706357.23387738,27.494748113783317,48.05607547307491,1135.3963366991463,27.157499980926513,28.91399515778378,25.401004804069245,12.935617623793828,-0.0002861338739256805,0.0,1.0,27.57333329518636,28.668333180745446,26.478333409627275,7.942455660594694,-0.49238991040918056,0.0,1.0,25.049999237060547,29.299999237060547,27.174999237060547,15.649452280161636,0.08235303093405331,1.368296660387157,5.8306022895070475,0.6103515612820196,0.9184275003785463,-0.30807593909652664,27.383333206176758,27.405769201425407,27.2346061964231,26.62425463514108,0.9498434300034176,1.0877742665557255,-0.13793083655230787,0.5373555997371143,23.769145040708928,-0.10750074386596609,132.8259771950704,173.10577940143992,-40.27980220636951,27.274999618530273,28.649999618530273,27.962499618530273,25.475000381469727,36.41000959769898,31.806613343999754,25.114381628691557,22.49486600359901,-176.8486044961195,25.575000762939453,25.200000762939453,0.0,36.0,-36.0,25.21829923706055,29.299999237060547,0.0,1.0,43.40734122361688,0.0,0.11166549188973009,0.3745230691237784,13.261764245254943,35.63425629984808,3.703694982400585,33.71230184970671,-96.29630501759941,1.1661765042473284,-4.868918004727653,2.2924644075347103,3.5011734875268457,-1.2087090799921354,-15.68165200181866,-19.879491975964523,4.197839974145863,27.04985122182971,-7.468127823066983,-7.761703674332887,434.7368340743215
2021-07-22 00:00:00+05:30,26.0,26.700000762939453,25.799999237060547,26.200000762939453,10447304,0.0,0.0,-113075760.27804169,264035335,-0.29964244800606615,-1642030.481922225,4.091975002506067,-0.030519622279729104,78035406.65440938,27.431157850113284,52.723906267218425,1171.156902933748,27.082499980926514,28.867794028727907,25.29720593312512,13.184115565835713,0.25284205448568353,0.0,0.0,27.520000012715656,28.649999936421715,26.3900000890096,8.212208744069324,-0.08407050393729538,0.0,1.0,25.049999237060547,29.299999237060547,27.174999237060547,15.692790558453474,0.27058859432444854,1.3614671087893593,5.242308277193486,0.48260770734790626,0.8312635417724183,-0.3486558344245121,27.3125,27.286538490882286,27.07543612973331,26.592828422385402,0.9449542761350472,0.9694188478682612,-0.024464571733213925,0.48591665858304883,23.062352381082604,-0.38249921798706055,123.42800894273167,161.54582343923133,-38.11781449649966,27.274999618530273,27.924999237060547,27.59999942779541,25.475000381469727,21.44806340791606,30.223752820990068,25.489134529270245,21.004130976532384,-100.2642684736153,25.850000381469727,25.475000381469727,0.0,32.0,-32.0,25.21829923706055,29.218999252319335,0.0,0.0,48.1121716434847,0.24154157070224105,0.08053029543339385,0.18056380077521184,10.545973357530272,33.79843281680514,23.456813380265107,19.962612192148026,-76.5431866197349,0.5767647013944739,-3.142323468004138,1.8148039752764886,3.1638995850767744,-1.3490956098002858,-17.520393115619328,-19.407672203895487,1.8872790882761592,27.04008704388653,3.149610852062956,3.101028088087965,451.57896343030427
2021-07-23 00:00:00+05:30,26.450000762939453,26.5,25.350000381469727,25.5,8624532,0.0,0.0,-119450419.34042196,255410803,-0.29759906173025524,-2269908.838789868,-4.333564495758366,-0.09477522714598687,77804979.98249358,27.380561333366174,52.978289125240515,1139.8664181359354,27.002499961853026,28.916259301485546,25.088740622220506,14.174682657799288,0.10744803938055873,0.0,0.0,27.36000003814697,28.449999809265137,26.27000026702881,7.967834573087865,-0.35321120583305876,0.0,1.0,25.049999237060547,29.299999237060547,27.174999237060547,15.739283421920417,0.10588253245634191,1.3403203597634508,5.434808161598653,0.32118317166819566,0.7292474677515739,-0.40806429608337824,27.21249993642171,27.15576927478497,26.83306134054357,26.511878168875374,0.9397592673299567,0.9608433973739027,-0.021084130043945937,0.4273190189262884,22.654169575478594,-0.3525003433227525,110.6129185556645,150.5167711755089,-39.903852619844386,27.274999618530273,27.375,27.324999809265137,25.475000381469727,11.076421603787363,28.358803412077783,23.975492338171165,22.080535010448617,-125.59928737750563,25.850000381469727,25.475000381469727,0.0,28.000000000000004,-28.000000000000004,25.21829923706055,29.13961926727295,0.0,0.0,44.61693788958678,0.062099555678092104,0.10121370879344442,0.09780316537218937,7.1539717961406835,29.91028714428639,6.172840669013255,11.111116343892974,-93.82715933098675,-0.10749987433938202,-4.494384751498197,1.2114689484551904,2.773413457752458,-1.5619445092972675,-19.901746090672468,-19.506486981250884,-0.39525910942158404,26.955851094250818,-2.671758559372339,-2.7080987722496896,436.84210526315786
2021-07-26 00:00:00+05:30,25.600000381469727,25.600000381469727,24.5,24.700000762939453,10880465,0.0,0.0,-126374337.89226802,244530338,-0.28224287202908194,-3189116.675943313,-8.84613234623714,-0.9288965296474012,77463632.3864597,27.24722437680551,47.932886807391604,1139.8664181359354,26.9375,29.059968870764322,24.815031129235678,15.758469574120259,-0.027098245793070415,0.0,1.0,27.130000050862627,28.25999997456869,26.000000127156575,8.330261124862236,-0.5752209964552556,0.0,1.0,24.5,29.299999237060547,26.899999618530273,17.819022689783935,0.04166683223515069,1.3162883619340784,6.246607546181738,0.12723314706338584,0.6088446036139363,-0.4816114565505505,27.050000031789143,27.00384624187763,26.50489817475832,26.377665027694935,0.8798800054436756,1.0360359410891657,-0.15615593564549013,0.359782481387239,22.31069416569324,0.3624992370605469,97.3861947200006,139.26541726056178,-41.87922254056117,26.899999618530273,26.899999618530273,26.899999618530273,25.850000381469727,5.5382108018936815,26.73149748963732,22.593422521999933,25.262095281705143,-178.48321664940957,26.037500381469727,25.475000381469727,0.0,100.0,-100.0,25.21829923706055,29.06182688192749,0.0,0.0,40.95505445122441,0.0,0.10121370879344442,0.0943192376734275,3.103538618348155,27.262153649342736,4.1666832235150695,11.265445757597801,-95.83331677648493,-0.804558686649095,-7.317068981250369,0.4823518189718416,2.3152011299963347,-1.832849311024493,-20.562967962723242,-19.717783177545357,-0.8451847851778851,26.79021873760578,-3.137251910041361,-3.187517764221237,420.00001606188323
2021-07-27 00:00:00+05:30,24.899999618530273,25.600000381469727,24.75,24.950000762939453,9406606,0.0,0.0,-131354290.87496501,253936944,-0.26384815695223474,-2397578.3650942687,1.129525863884549,-0.7153566677574473,77558840.94627191,27.151811952424758,52.38377442781155,1151.4035272748774,26.92750005722046,29.08515462472045,24.76984548972047,16.025658252084384,0.041747941476036,0.0,0.0,26.816666730244954,27.826666768391924,25.80666669209798,7.532629228731485,-0.42409202812023483,0.0,1.0,24.5,29.299999237060547,26.899999618530273,17.82564005890125,0.09375017384690823,1.2746594875936978,6.820673674915163,-0.006228930869880855,0.4858298967171729,-0.49205882758705377,26.854166825612385,26.901923179626465,26.265683188324648,26.27191211919453,0.9003022599947654,1.0241691595692366,-0.12386689957447117,0.2905118639987829,22.092781085545038,0.17250032424926687,81.50859857647406,128.41795941150482,-46.90936083503077,26.899999618530273,26.899999618530273,26.899999618530273,26.125,2.7691054009468408,25.220427704514034,21.501323987469306,24.041001080086982,-158.5076609445242,26.175000190734863,25.475000381469727,72.0,96.0,-24.0,25.21829923706055,28.879353806650393,0.0,0.0,42.54210082607221,0.0723666458541193,0.044822067177403835,0.08241649492143083,0.29293445706283144,28.90052370007112,9.375017384690823,6.5715137590730395,-90.62498261530918,-1.40617639317232,-8.608053259323546,-0.023709469039103304,1.8474190101892471,-1.8711284792283505,-21.797674006926858,-20.133761343421657,-1.6639126635052008,26.462933914206033,1.0121457177244553,1.007057825409463,425.26317395662005
2021-07-28 00:00:00+05:30,25.049999237060547,25.649999618530273,24.0,25.399999618530273,11953507,0.0,0.0,-123023059.56089744,265890451,-0.33184700129807737,-1286629.388609822,-4.831222300790045,-0.8318235886848101,77774434.70602389,27.03039010007944,50.67076014590062,1151.4035272748774,26.81500005722046,29.043698921462717,24.5863011929782,16.622777247707948,0.1825501054914218,0.0,0.0,26.493333371480304,27.568333371480303,25.418333371480305,8.115249107590376,-0.008527326953502968,0.0,1.0,24.0,29.299999237060547,26.649999618530273,19.765053983781065,0.26415090944555164,1.3121935006873555,7.3283403230593525,-0.0748249073702354,0.3736989358996913,-0.44852384326992667,26.71250009536743,26.82692315028264,26.132501100663976,26.20732600803421,0.8668557157188116,0.9915014378599311,-0.12464572214111946,0.22592040369037708,22.097829438259716,1.6350007057189941,66.52199924712086,117.74301498408256,-51.221015736961704,26.649999618530273,26.649999618530273,26.649999618530273,26.125,1.3845527004734204,24.403843642559476,19.628121445708775,25.90655714811538,-140.6307552982442,26.175000190734863,25.475000381469727,68.0,100.0,-32.0,25.21829923706055,28.704179654384376,0.0,0.0,45.38757368002918,0.202115422936681,0.0914940229302668,0.07917659963370495,-1.2215728371447032,36.77583799197588,26.415090944555168,13.318930517587011,-73.58490905544484,-1.7241175146663892,-6.273065457600027,-0.28551141519473144,1.4208329251124516,-1.706344340307183,-21.19124480600111,-20.345258035937547,-0.8459867700635613,26.337470951514845,1.8036025724666338,1.7875306229734989,434.7368340743215
2021-07-29 00:00:00+05:30,25.450000762939453,25.5,24.799999237060547,24.850000381469727,5506096,0.0,0.0,-127742553.2718636,260384355,-0.30887961946655024,-1535446.4186915802,4.131786195532596,-0.9451267461631768,77655208.38143083,26.9401505145345,47.61868714149263,1126.4715953433506,26.705000114440917,29.088253877694783,24.321746351187052,17.848745576039924,0.11082622388508209,0.0,0.0,26.156666692097986,27.166666730244952,25.14666665395101,7.722696856110462,-0.14686448578040165,0.0,1.0,24.0,29.299999237060547,26.649999618530273,19.84646775640542,0.16037745355245533,1.2509742269125652,8.061800874328934,-0.1715900713184233,0.2646411344560684,-0.4362312057744917,26.41250006357829,26.72115391951341,25.935193297711013,26.106783369029436,0.9017858460646968,1.0654762161561973,-0.16369037009150045,0.16270174980052918,22.13555189220116,1.5449998855590827,49.51056406856335,106.35467602196414,-56.84411195340079,26.125,26.649999618530273,26.387499809265137,26.125,0.6922763502367102,23.64558701360167,18.876764266564827,24.91486378846404,-117.9624754560435,26.1875,25.475000381469727,64.0,96.0,-32.0,25.21829923706055,28.421928875121313,0.0,0.0,42.61008399169922,0.07546656388357434,0.11664954422479157,0.08432187811082066,-3.330071092162364,34.70706192604643,16.037745355245534,17.27595122816383,-83.96225464475447,-2.0279411035425525,-12.653779560383304,-0.6572624014721828,1.0052138597955247,-1.6624762612677075,-24.437420538651082,-21.163690536480257,-3.2737300021708258,26.110213252987243,-2.165351359530343,-2.189139111246563,423.1579027677837
2021-07-30 00:00:00+05:30,24.899999618530273,25.100000381469727,24.549999237060547,24.600000381469727,4400956,0.0,0.0,-131343318.804148,255983399,-0.3176327489003403,-1473273.9303070689,-4.061623588797305,-1.1364942680206618,77610933.17084289,26.877174867704255,48.23450969406501,1115.1388832905236,26.575000095367432,29.114586307132303,24.035413883602562,19.1125960688713,0.1111571828614569,0.0,0.0,25.790000089009606,26.715000279744466,24.86499989827474,7.173324447788983,-0.1432429525200879,0.0,1.0,24.0,29.299999237060547,26.649999618530273,19.943553031198093,0.11320763544156567,1.1808769186622265,8.816923511761736,-0.2653908114907253,0.15863474526670968,-0.424025556757435,26.108333428700764,26.601923135610726,25.72977900290466,25.995169814395386,0.8678679487103117,1.0570569830948213,-0.18918903438450962,0.10094551917045028,22.139354661061933,1.824999523162841,32.164747411891334,93.38742121989578,-61.22267380800445,25.925000190734863,26.649999618530273,26.28749990463257,26.225000381469727,0.3461381751183551,23.141791200474774,18.284519780852897,25.559278107533867,-117.72769107497764,27.487500190734863,25.475000381469727,60.0,92.0,-32.0,25.21829923706055,28.156613142614034,0.0,0.0,41.37079675126095,0.018957149753236577,0.09884637885783067,0.10232998200429627,-5.434692367684875,38.02069106694788,11.320763544156566,17.924533281319082,-88.67923645584344,-2.1736764571245963,-12.92035263196557,-1.0209235538202155,0.5999863770723767,-1.620909930892592,-27.89060340797283,-22.509073110778772,-5.3815302971940575,25.884501472473634,-1.006036201860272,-1.011130944831562,417.8947448730469
2021-08-02 00:00:00+05:30,24.350000381469727,24.899999618530273,24.350000381469727,24.5,5326708,0.0,0.0,-133764553.07188463,250656691,-0.3069787441349329,-1338902.3448314653,-2.065060493424458,-1.8302194179497238,77589279.8040251,26.622475017546243,39.477072883339375,1115.1388832905236,26.465000057220458,29.159271413114883,23.770728701326032,20.361015303752826,0.1353373885444938,0.0,0.0,25.460000101725264,26.375000254313154,24.54499994913737,7.187746653040178,-0.024590132039922108,0.0,1.0,24.0,29.299999237060547,26.649999618530273,20.026447102215464,0.09433963622177934,1.1177891505020585,9.550290145837593,-0.3438342615835204,0.058140943896663674,-0.40197520548018406,25.78333346048991,26.501923120938816,25.54058223322702,25.88441649481054,0.8316833615259996,1.1749174489523055,-0.3432340874263059,0.04186089861137154,22.11912156562177,1.5849991798400893,13.500883412074533,78.60665468106569,-65.10577126899116,25.350000381469727,26.649999618530273,26.0,26.225000381469727,0.17306908755917755,22.83638170832049,17.6869220863044,25.91239459413489,-110.18518782692209,27.487500190734863,25.475000381469727,56.00000000000001,88.0,-31.999999999999993,25.21829923706055,27.90721635405719,0.0,0.0,40.858888106828424,0.0,0.03147457121227034,0.08232349809829745,-7.315447065173476,33.80408119286504,9.433963622177933,12.264157507193334,-90.56603637782207,-2.1454411899342247,-13.732393207447874,-1.3283446495788471,0.21432017174213192,-1.542664821320979,-30.130819980655478,-24.033422484754116,-6.097397495901362,25.684654917302044,-0.4065056094269548,-0.4073340894534816,415.7894736842105
2021-08-03 00:00:00+05:30,24.5,24.75,24.25,24.350000381469727,5993782,0.0,0.0,-137360813.1260991,244662909,-0.31105768539894474,-1276068.4403632018,-1.0427473004523689,-1.9565989098454162,77552583.27285965,26.356998648202822,30.834025602644644,1115.1388832905236,26.330000114440917,29.16061808912307,23.499382139758765,21.501085927680457,0.15025309831971878,0.0,0.0,25.15500005086263,26.055000241597497,24.254999860127768,7.155636564620094,0.05277805622707103,0.0,0.0,24.0,29.299999237060547,26.649999618530273,20.129127284559775,0.066037817330676,1.0560102354518528,10.280987957999406,-0.41334024747535025,-0.03615529437773912,-0.37718495309761113,25.475000222524006,26.43846159714919,25.35741579449513,25.77075604197048,0.7747442330376184,1.1638224824953585,-0.38907824945774006,-0.014137133759471041,22.089606807839193,1.4699991226196296,-8.589423863894813,62.89383234118068,-71.48325620507549,25.350000381469727,26.649999618530273,26.0,26.225000381469727,0.08653454377958877,22.63662040551682,17.138529577355232,25.72907999306829,-103.52940777547991,27.65000009536743,25.475000381469727,52.0,84.0,-32.0,25.21829923706055,27.672783372813758,0.0,0.0,40.05820033880737,0.0,0.006319049917745563,0.04554666666261545,-9.112689736224004,34.9935913126914,6.6037817330676,9.119502966467357,-93.3962182669324,-2.100294169257669,-13.190727116677653,-1.6039119954501166,-0.14932626169631782,-1.4545857337537988,-31.41452755764171,-25.509643499331634,-5.904884058310074,25.50141977642278,-0.6122433409398886,-0.614125235597518,412.63158697831005
2021-08-04 00:00:00+05:30,24.299999237060547,24.450000762939453,23.649999618530273,23.700000762939453,6368151,0.0,0.0,-142932928.17041153,238294758,-0.30951174394985126,-1685100.9089889128,-5.653137973581687,-2.4393065776994143,77382591.66481462,25.93063668293022,17.91601555364251,1115.1388832905236,26.18000011444092,29.226046296033616,23.13395393284822,23.270024203800475,0.09291501118923622,0.0,0.0,24.98333346048991,25.858333841959638,24.108333079020184,7.004672797995537,-0.2333326503211693,0.0,1.0,23.649999618530273,29.299999237060547,26.47499942779541,21.58135826521149,0.008849760669928403,1.0304093263475855,11.084898578394462,-0.5149378954787664,-0.1319118145979446,-0.38302608088082185,25.133333683013916,26.382692410395695,25.10242886656349,25.617366762042256,0.7234044625457662,1.2163119675150174,-0.4929075049692512,-0.0705214884149303,21.989145029199754,1.2700006484985344,-25.374610296244963,46.36020798129439,-71.73481827753935,25.074999809265137,26.47499942779541,25.774999618530273,26.225000381469727,0.04326727188979439,22.9393473911171,16.26934006923612,28.227877496345812,-115.1343921546348,27.074999809265137,25.475000381469727,48.0,100.0,-52.0,25.21829923706055,27.452416370444933,0.0,0.0,36.70181495132228,0.0,0.0,0.012597873710005226,-11.647083570954349,33.75486095773046,0.8849760669928401,5.640907140746115,-99.11502393300717,-2.1111764571245963,-14.74819635482339,-2.0101125157085225,-0.5214835124987588,-1.4886290032097635,-32.04442947864542,-26.816600695194396,-5.227828783451024,25.357843343021205,-2.6694029090238547,-2.7056784862083294,398.9473844829359
2021-08-05 00:00:00+05:30,23.5,23.700000762939453,22.600000381469727,22.75,6701528,0.0,0.0,-147806771.99774453,231593230,-0.3149804079250747,-2353866.023827655,-14.772749195495553,-3.6075345295092167,77113964.8079406,25.48681834660246,19.45238572832193,1115.1388832905236,25.985000133514404,29.366582251457746,22.603418015571062,26.027185688422716,0.02167358048931369,0.0,0.0,24.661666806538896,25.55666707356771,23.76666653951009,7.2582301435643855,-0.5679699643471531,0.0,1.0,22.600000381469727,29.299999237060547,25.949999809265137,25.784101678527342,0.02238800658974831,1.0373684318597998,12.095622058035055,-0.6644524908671734,-0.23841994985179038,-0.426032541015383,24.741666952768963,26.19423088660607,24.74051673324603,25.404969224113202,0.6304351131195702,1.2898548701510508,-0.6594197570314806,-0.13174829950278316,21.9275596060652,-0.5850005149841309,-47.68041834082799,28.772059437239662,-76.45247777806765,24.125,25.949999809265137,25.03749990463257,26.225000381469727,0.021633635944897193,23.945155841887477,15.1328915973738,32.923798000981996,-139.110420210979,26.800000190734863,25.475000381469727,44.0,100.0,-56.0,25.21829923706055,27.14822303029176,0.0,0.0,32.425561580628084,0.0,0.0,0.0021063499725817803,-15.216007919400386,32.31194115946842,2.6548606842081988,3.3812061614228703,-97.3451393157918,-2.34205861933091,-17.122042376352045,-2.6154430064670433,-0.9402754112924158,-1.6751675951746274,-32.114774505842746,-27.876235457324068,-4.238539048518678,24.724394635057603,-4.008441908681304,-4.090993493566364,378.94736842105266
2021-08-06 00:00:00+05:30,23.299999237060547,24.450000762939453,23.299999237060547,23.75,8469394,0.0,0.0,-149647942.1634813,240062624,-0.322526901018118,-807686.0204237043,9.844275142071034,-2.6007721031407653,77486245.86288565,25.186189941219194,26.186643383982656,1115.1388832905236,25.807500171661378,29.26615211504327,22.348848228279486,26.80346349221191,0.20255749850770743,0.0,0.0,24.466666793823244,25.361667251586915,23.57166633605957,7.316079998192644,0.09962769426175977,0.0,0.0,22.600000381469727,29.299999237060547,25.949999809265137,25.961440709193273,0.17164176342666912,1.103631664967765,12.605900056664684,-0.6942493677000598,-0.3295858334214443,-0.36466353427861553,24.604166984558105,26.067307839026817,24.58812954351587,25.28237891121593,0.6868689294793685,1.1111110540262448,-0.42424212454687626,-0.18604559961599534,22.01491990120503,0.39250059127807546,-64.3311435994229,10.803466290637052,-75.13460989005995,24.125,25.949999809265137,25.03749990463257,26.225000381469727,0.010816817972448597,23.935285688312824,18.151631887426014,29.494807076719937,-93.31539193411732,26.699999809265137,25.475000381469727,40.0,96.0,-56.0,25.21829923706055,26.693400765409557,0.0,0.0,40.3094777272119,0.34392253489467567,0.11464084496489192,0.038213614988297236,-16.003056591418144,29.551838797862384,21.904754638671875,8.481530463290962,-78.09524536132812,-2.420293897740983,-6.4960615878377235,-2.745981183725051,-1.301416565778943,-1.4445646179461082,-30.471141091246423,-28.39521658410854,-2.0759245071378842,24.65381804731938,4.395604395604402,4.301738508369102,400.0
2021-08-09 00:00:00+05:30,24.049999237060547,24.200000762939453,23.200000762939453,23.299999237060547,4817402,0.0,0.0,-153501878.46502548,235245222,-0.32581868101387895,-1001992.9568468962,-3.632647577689113,-2.6653737753063997,77394968.61760624,24.945750268079347,27.442575042666107,1094.009900205716,25.61750011444092,29.186992236216522,22.048007992665315,27.8676069548522,0.17537386295903107,0.0,0.0,24.330000114440917,25.215000534057616,23.44499969482422,7.274972589017064,-0.08192112373600503,0.0,1.0,22.600000381469727,29.299999237060547,25.949999809265137,26.153991707465412,0.10447745897847514,1.0932684984709886,12.914232258590198,-0.745580322174554,-0.41278473117206627,-0.3327955910024878,24.362500190734863,25.91730778033917,24.38995565021505,25.135535972389604,0.7138161015311487,1.0986841808065573,-0.38486807927540856,-0.23648600659817517,22.174162253635515,-0.11750011444091868,-80.3740312245268,-7.183492576140823,-73.19053864838598,24.125,25.949999809265137,25.03749990463257,26.225000381469727,0.005408408986224298,24.000451494817003,17.02816609864866,28.288198195897696,-96.94524686806926,26.59999990463257,25.475000381469727,36.0,92.0,-56.0,25.21829923706055,26.284060727015575,0.0,0.0,38.152336285998565,0.3650740779826336,0.23633220429243643,0.11699101641910938,-17.308884229963812,27.92612624962202,17.073141230779395,13.87758551788648,-82.9268587692206,-2.4942643726573266,-11.068707791722778,-2.966239999789719,-1.6343812525810981,-1.3318587472086207,-32.045802605585386,-29.12533378840391,-2.920468817181476,24.57574474737994,-1.8947400544819026,-1.9129202653178634,390.5262997275905
2021-08-10 00:00:00+05:30,23.399999618530273,23.450000762939453,22.399999618530273,22.649999618530273,5627611,0.0,0.0,-156449677.62388384,229617611,-0.40108570076873334,-1381414.6777597354,-14.459981113346114,-3.1786645843984225,77237975.26468721,24.66181305772711,32.97271781699483,1094.009900205716,25.32750005722046,28.87171699874135,21.783283115699568,27.987104400463654,0.122271931590449,0.0,0.0,24.103333409627275,25.008333905537924,23.198332913716634,7.509338899566257,-0.30294640592136185,0.0,1.0,22.399999618530273,29.299999237060547,25.84999942779541,27.24311362330131,0.03623188606106778,1.0889417630648077,13.102740318262109,-0.8291520615210963,-0.4960581972418723,-0.33309386427922405,24.12500015894572,25.7615385055542,24.12227010687893,24.951422168400025,0.7259788530091774,1.1316725785403128,-0.40569372553113536,-0.2867171890008332,22.378330201907307,-0.6274992942810051,-99.14886793088728,-25.591366707030616,-73.55750122385666,23.949999809265137,25.84999942779541,24.899999618530273,26.225000381469727,0.002704204493112149,24.626115207111713,15.914364269337833,31.421458316389216,-121.15622054381218,26.59999990463257,25.475000381469727,32.0,100.0,-68.0,25.21829923706055,25.91565469246099,0.0,0.0,35.22042653919449,0.17816882980881896,0.2957218142287094,0.21556495449534582,-19.31748408207863,29.55236104795497,5.813951941037216,14.930615936829488,-94.18604805896278,-2.6599996342378525,-11.176472084195007,-3.3230653384206055,-1.9721180697489997,-1.3509472686716057,-32.48326282645879,-29.796919596014888,-2.686343230443903,24.36494664805381,-2.7896980249527026,-2.8293492740359305,376.8420972322163
2021-08-11 00:00:00+05:30,22.649999618530273,22.899999618530273,20.899999618530273,21.899999618530273,9153365,0.0,0.0,-156449677.62388384,220464246,-0.4175893958453056,-2164787.4023654875,-22.396147694418172,-5.07067334846444,76934883.70329118,24.257880115907,22.997380826913997,1094.009900205716,25.010000038146973,28.58765280895244,21.432347267341505,28.609778211504082,0.06535742582468133,0.0,0.0,23.791666730244952,24.731667264302573,22.851666196187338,7.90193091316843,-0.5062053388145907,0.0,1.0,20.899999618530273,29.299999237060547,25.09999942779541,33.58656379735312,0.11904762445393628,1.1800475867583269,13.470356662241139,-0.945008528968998,-0.5858482635872975,-0.35916026538170054,23.891666730244953,25.56346159714919,23.780382339440674,24.725390868409672,0.6271188698154075,1.2169492774706625,-0.589830407655255,-0.339904288498099,22.760763938005514,-0.05999927520752024,-117.44132952513728,-44.141577106330686,-73.29975241880659,23.0,25.09999942779541,24.049999713897705,26.225000381469727,0.0013521022465560746,26.049113256679764,14.031690955946367,36.57681080648685,-155.6742745082591,26.59999990463257,25.475000381469727,28.000000000000004,100.0,-72.0,25.21829923706055,25.493776083589303,0.0,0.0,32.15035769770377,0.0,0.18108096926381756,0.2377116625949877,-21.999265828074456,32.87189138387593,17.85714164072162,13.581411604179399,-82.14285835927838,-2.9127938494962784,-11.336036671749326,-3.822016541612636,-2.342097764121727,-1.479918777490909,-29.343582260341122,-29.706252128880134,0.36266986853901173,23.870878018612128,-3.3112583339136803,-3.3673215683366564,361.0526235480058
2021-08-12 00:00:00+05:30,22.100000381469727,22.600000381469727,21.899999618530273,22.350000381469727,3973827,0.0,0.0,-155314295.38736743,224438073,-0.4475652553591372,-1600071.3189147897,6.165354809303682,-4.320750540960008,77016537.82260342,24.044825173160053,28.03150165504327,1116.4895941934424,24.707500076293947,28.106069576020637,21.308930576567256,27.510427920528542,0.15316294178862488,0.0,0.0,23.5150000890096,24.455000623067217,22.574999554951983,7.994901386344906,-0.11968034343077576,0.0,1.0,20.899999618530273,29.299999237060547,25.09999942779541,33.997772306352445,0.1726191462843371,1.1320429043764395,13.567235898148196,-0.9891124408493184,-0.6665010990397017,-0.3226113418096167,23.675000031789143,25.396153890169582,23.560323576675913,24.54943601752523,0.7167833683525089,1.2307692307692308,-0.513985862416722,-0.38901403005351415,23.08089880042962,0.6924995422363267,-135.12018000049747,-62.72879126326278,-72.39138873723469,22.899999618530273,25.09999942779541,23.999999523162842,26.225000381469727,0.0006760511232780373,27.370468588421524,13.432723866847404,35.01546613562232,-128.83280714176152,26.59999990463257,25.475000381469727,24.0,96.0,-72.0,25.21829923706055,24.85064737848104,0.0,0.0,35.768126130075856,0.2733028181456436,0.15049054931815423,0.2090977776035603,-23.132310246179593,35.88991792609484,30.526331851356908,18.065808477705236,-69.47366814864309,-2.9354410395902732,-10.420842893647315,-4.029063804737574,-2.6794909722448965,-1.3495728324926777,-31.429113665826797,-30.05082443626947,-1.3782892295573284,23.691646171295456,2.0547980400816623,2.0339718723828337,370.52632382041526
2021-08-13 00:00:00+05:30,22.700000762939453,23.0,22.549999237060547,22.700000762939453,4331507,0.0,0.0,-156758106.5749824,228769580,-0.41327278205343276,-1154914.115878564,5.4542271057519915,-3.299296294389355,77084369.10119238,23.878837371831857,34.71906989814701,1116.4895941934424,24.440000152587892,27.576176228387883,21.3038240767879,25.664288512436112,0.22259220343606004,0.0,0.0,23.3150000890096,24.245000584920245,22.384999593098957,7.977700985290019,0.1693553773495847,0.0,0.0,20.899999618530273,28.25,24.574999809265137,30.073651127581734,0.2448981021752337,1.0838385757918227,13.40637996068807,-0.984474592765384,-0.7300957977848382,-0.2543787949805457,23.450000127156574,25.244230857262245,23.427966220716456,24.41244081348184,0.8014442411929065,1.1299640798849697,-0.32851983869206325,-0.43011263914188846,23.2093400392982,0.4100002288818345,-143.40609981054558,-80.16290051022057,-63.24319930032502,22.824999809265137,25.09999942779541,23.962499618530273,26.225000381469727,0.00033802556163901865,28.066417432233322,15.402129051278003,33.581964099529124,-96.86304034081883,26.59999990463257,25.475000381469727,20.0,92.0,-72.0,25.21829923706055,24.29755669208793,0.0,0.0,38.514174371963165,0.48075189547080666,0.25135157120548346,0.19430769659581829,-23.253107586334952,39.068249819106185,37.8947609349301,28.759411475669527,-62.1052390650699,-3.042941121494067,-10.629916913939903,-4.0326757995526,-2.9501279377064376,-1.0825478618461628,-32.715200776554305,-30.58369970432644,-2.1315010722278664,23.617993192887347,1.5659972057983085,1.553861996944983,377.89475290398855
2021-08-16 00:00:00+05:30,22.899999618530273,22.899999618530273,22.0,22.100000381469727,4535870,0.0,0.0,-160286001.191531,224233710,-0.4253558901918023,-1378715.4893669249,-6.44859099491464,-3.8405903557321546,76964478.19199294,23.666615394844168,25.54197339366148,1116.4895941934424,24.15500020980835,27.044273738763003,21.265726680853696,23.92277792472499,0.14437430244236393,0.0,0.0,23.0900000890096,24.055000623067222,22.124999554951987,8.35860138880588,-0.012952932459604287,0.0,1.0,20.899999618530273,27.850000381469727,24.375,28.772513775915204,0.17266196132501163,1.065454680065668,13.452783553566658,-1.0174851457198244,-0.7875736673718354,-0.22991147834798897,23.22083346048991,25.04423090127798,23.223663783909267,24.24114892962909,0.7472926330506098,1.1407943739704969,-0.3935017409198871,-0.4679557368882046,23.373666963193394,0.44500017166137695,-147.94190143671605,-95.64650912942291,-52.29539230729314,22.675000190734863,25.09999942779541,23.887499809265137,26.225000381469727,0.00016901278081950932,29.030539521629006,14.515995589487742,35.165800080559265,-107.64611207956754,26.59999990463257,25.475000381469727,16.0,88.0,-72.0,25.21829923706055,23.82189870178986,0.0,0.0,35.69673993936091,0.2679099779283152,0.34065489718158853,0.24749900590174198,-24.19125850331941,38.99315313451324,25.263173956620065,31.22808891430235,-74.73682604337993,-3.198823670779955,-11.066398220462942,-4.197347034472399,-3.19957175705963,-0.9977752774127691,-33.42620466255573,-31.152200695972297,-2.274003966583436,23.476433317638506,-2.643173397814602,-2.6787332312243617,365.2631659256785
2021-08-17 00:00:00+05:30,22.149999618530273,22.200000762939453,21.299999237060547,21.450000762939453,4894934,0.0,0.0,-163549276.69326457,219338776,-0.4447310257782631,-1636285.4527046306,-12.870467639677399,-4.41482216565268,76820509.63191098,23.34191283472107,28.179368531766073,1116.4895941934424,23.85500020980835,26.553129227776804,21.156871191839894,22.621077293967726,0.054320895914805045,0.0,0.0,22.81000010172526,23.815000788370767,21.804999415079752,8.81193057574334,-0.17661612417659842,0.0,1.0,20.899999618530273,26.700000762939453,23.800000190734863,24.313565681816343,0.09482776480817502,1.0489093646469918,13.643293657748295,-1.0836046636640972,-0.8467798666302878,-0.23682479703380943,22.958333492279053,24.826923223642204,22.95079254991391,24.034397213578007,0.7366414314368182,1.2061068324399375,-0.4694654010031194,-0.5062506938689318,23.401787167359288,0.6449997901916511,-151.77160349359912,-109.6906194846845,-42.08098400891461,22.675000190734863,25.09999942779541,23.887499809265137,26.225000381469727,8.450639040975466e-05,30.29486486384035,13.669074233103021,37.65195088167838,-132.6225940339615,26.59999990463257,25.475000381469727,12.0,84.0,-72.0,25.21829923706055,23.412832830133517,0.0,0.0,32.889754760961495,0.07068990549802316,0.2731172596323817,0.2883745760064845,-25.8431732695422,32.680101223520545,11.95654562605604,25.038160172535388,-88.04345437394396,-3.298529608109419,-12.804876299526613,-4.508557689360002,-3.4613689435197044,-1.0471887458402973,-33.43991510505716,-31.609743577789274,-1.8301715272678862,23.25149772665314,-2.9411746937130445,-2.9852944842482465,351.57896343030427
2021-08-18 00:00:00+05:30,21.649999618530273,22.200000762939453,21.5,21.799999237060547,4757613,0.0,0.0,-164228950.5086389,224096389,-0.3841781392910171,-1164650.7751098722,1.4713332783277022,-4.604854516881601,76898139.33966072,23.13294528198618,26.847031183562706,1134.7072930484906,23.675000190734863,26.41680640838524,20.933193973084485,23.162037554900426,0.15807194148076598,0.0,0.0,22.600000063578285,23.59500071207682,21.604999415079753,8.805315448667255,0.09798979642628901,0.0,0.0,20.899999618530273,26.700000762939453,23.800000190734863,24.498420687147416,0.1551723174051119,1.0190184281822927,13.56304576360555,-1.0951388274949494,-0.8964516588032201,-0.1986871686917293,22.733333428700764,24.571153934185322,22.773747424859543,23.868886252354493,0.6882133154637321,1.1901141362760157,-0.5019008208122836,-0.5398353600397232,23.424631917485904,0.6750001907348633,-153.74298742036288,-121.47534938241058,-32.267638037952295,22.675000190734863,25.09999942779541,23.887499809265137,26.225000381469727,4.225319520487733e-05,31.468881253036596,12.988972688110337,35.77858699982865,-109.17538075314566,27.03749990463257,25.475000381469727,8.0,80.0,-72.0,25.21829923706055,23.061036180509063,0.0,0.0,35.81642119035074,0.39760183559074974,0.24540057300569607,0.2863909099398887,-26.350581755881652,36.03074751252416,21.428558453413018,19.5494260120297,-78.57144154658698,-3.13426477207857,-11.020411277303891,-4.588143811640653,-3.6867239171438944,-0.9014198944967586,-33.403564492817495,-31.96850776079492,-1.4350567320225736,23.161469928280553,1.6316944600105021,1.6185253855522053,358.94735235916943
2021-08-20 00:00:00+05:30,21.549999237060547,22.100000381469727,21.299999237060547,21.399999618530273,4905977,0.0,0.0,-167908430.3344529,219190412,-0.4197561126478925,-1278613.3684539327,-2.446008805701773,-4.489453460946206,76808121.49575262,22.949654404726687,26.890312071491635,1134.7072930484906,23.435000133514404,26.089637805224523,20.780362461804284,22.655324570821925,0.11670842377649579,0.0,0.0,22.458333333333336,23.42333405812581,21.49333260854085,8.593698476816149,-0.04835902586013484,0.0,1.0,20.899999618530273,26.5,23.699999809265137,23.89588371907523,0.0892857082036081,0.9971166998049814,13.50226966023942,-1.1236041524589133,-0.9418821575343588,-0.18172199492455454,22.487500031789143,24.307692381051872,22.562401608501194,23.686005760960107,0.697761513762369,1.1641792383191312,-0.4664177245567622,-0.5710693350190968,23.419264985179947,0.26500062942504954,-154.43958817344674,-131.48739877952437,-22.952189393922367,22.550000190734863,25.09999942779541,23.824999809265137,26.225000381469727,2.1126597602438666e-05,32.6673478752782,12.286733400997543,35.19585381715685,-110.36037393600583,27.03749990463257,25.475000381469727,4.0,76.0,-72.0,25.21829923706055,22.758491061832032,0.0,0.0,33.991943704538556,0.21146920551660525,0.22658698220179274,0.2483682716132901,-27.30778794745537,35.45832243219975,12.5,15.295034693156344,-87.5,-3.0780883508570085,-12.11499267648634,-4.743746851192897,-3.8981285039536955,-0.8456183472392018,-32.98516283657758,-32.17183877595146,-0.8133240606261225,23.084973530809506,-1.8348606996750005,-1.8519030595702368,350.5263077585321
2021-08-23 00:00:00+05:30,21.5,21.700000762939453,20.649999618530273,20.850000381469727,5493778,0.0,0.0,-171309334.82232308,213696634,-0.4067395364901431,-1527607.7027576591,-10.034082197554577,-5.0586692969555,76666926.46012451,22.711642434066906,27.115387364245393,1134.7072930484906,23.20250015258789,25.90702895765474,20.49797134752104,23.312391227504857,0.0650813985210973,0.0,0.0,22.18166669209798,23.13666737874349,21.226666005452472,8.610720735297308,-0.19720699118332777,0.0,1.0,20.649999618530273,25.649999618530273,23.149999618530273,21.549401862377856,0.04000015258789062,1.0024051442654014,13.549863214496662,-1.1769760225242933,-0.9889009305323457,-0.1880750919919476,22.25,24.01730779501108,22.29895526588097,23.475931288405263,0.6762592988343087,1.1726618902473747,-0.496402591413066,-0.602788977096482,23.433031593906826,-0.45250015258789134,-159.0574155069737,-140.22999703312956,-18.827418473844148,22.050000190734863,24.97499942779541,23.512499809265137,26.225000381469727,1.0563298801219333e-05,34.1151298269959,11.414465769860096,37.09198232300922,-125.67848295432093,27.03749990463257,25.475000381469727,0.0,100.0,-100.0,25.21829923706055,22.498302259769787,0.0,0.0,31.607772675356912,0.0,0.20302368036911841,0.22500374519220231,-28.82980619956173,30.40923934573737,4.8780669349049885,12.935541796105992,-95.121933065095,-3.226764712614173,-12.025317678159636,-5.013543480192415,-4.12121149920144,-0.8923319809909751,-31.69148703733502,-32.07576842822817,0.38428139089315394,22.726785972895243,-2.5700899386199128,-2.6036937661397364,338.9473764519942
2021-08-24 00:00:00+05:30,20.899999618530273,21.600000381469727,20.649999618530273,21.200000762939453,5450374,0.0,0.0,-170448741.39071253,219147008,-0.36106143700124166,-1036859.0339133253,-0.8715038517583985,-5.046437622048787,76758419.64689912,22.473462338866497,34.04370742702302,1153.7551577083116,23.02750015258789,25.774402990866697,20.280597314309084,23.85758610423983,0.16735274284518598,0.0,0.0,21.940000025431317,22.89000078837077,20.989999262491864,8.659988713202175,0.1105270167351294,0.0,0.0,20.649999618530273,25.649999618530273,23.149999618530273,21.71316889314226,0.11000022888183594,0.9971647061328065,13.315670726325504,-1.177458499722956,-1.0266124443704678,-0.15084605535248818,22.12083339691162,23.75384631523719,22.129885342351503,23.30734384207446,0.6933801216103542,1.1637631342811234,-0.4703830126707692,-0.6299013011890516,23.53217683587671,0.7224998474121094,-161.70322391353545,-147.1804810312016,-14.522742882333858,21.824999809265137,24.449999809265137,23.137499809265137,26.25,5.281649400609666e-06,35.45949878216233,10.675983487783679,34.692240424885355,-109.65335139690713,27.087499618530273,25.475000381469727,0.0,96.0,-96.0,25.21829923706055,22.202573837171464,0.0,0.0,34.7444509072417,0.3604670823927921,0.19064542930313247,0.20675203062468114,-29.200702050667438,31.305781460643583,14.473709967650374,10.617258967518444,-85.52629003234962,-3.3116176156436694,-6.813183459606799,-5.05187767298222,-4.3073447339575965,-0.7445329390246238,-30.4345932015521,-31.74753338289296,1.3129401813408599,22.57772367645302,1.6786588732189411,1.6647251124955798,346.31580553556745
2021-08-25 00:00:00+05:30,21.399999618530273,21.649999618530273,21.100000381469727,21.25,3580385,0.0,0.0,-172076191.3755231,222727393,-0.35031772085392165,-863162.526442418,3.84036379509848,-4.368330352857347,76766863.82199065,22.29901768823619,40.02343775342957,1156.4762367443525,22.842500114440917,25.544587231026206,20.140412997855627,23.658418325908585,0.2053203605712373,0.0,0.0,21.790000025431315,22.690000597635905,20.889999453226725,8.260675274476279,0.20000017660624275,0.0,0.0,20.649999618530273,25.649999618530273,23.149999618530273,21.889022545474454,0.12000007629394531,0.9524481592255805,12.963145475821204,-1.1604296353156762,-1.0533758825595094,-0.1070537527561668,21.91250006357829,23.50192326765794,21.994518366605117,23.154948001920793,0.7624116938547147,1.1418441807765314,-0.37943248692181664,-0.6513801092090703,23.61701213074581,0.4574991226196303,-162.60495552540976,-152.19866169789853,-10.406293827511234,21.824999809265137,24.25,23.03749990463257,26.449999809265137,2.640824700304833e-06,36.62025367089219,10.614519983259777,33.34710668779163,-92.08523641796153,28.28749942779541,25.475000381469727,0.0,92.0,-92.0,25.21829923706055,21.954161962188874,0.0,0.0,35.20165141429807,0.4130085675766535,0.2578252166564819,0.21716477544291082,-29.377998076267748,29.9087414634493,15.789478967723154,11.713751956759495,-84.21052103227684,-3.2182352514827954,-10.526315789473683,-5.011583853349245,-4.4481925578359265,-0.5633912955133189,-31.570499407365975,-31.712126587787566,0.14162718042159028,22.493507000698557,0.23584544934522889,0.2355677704749759,347.3684210526316
2021-08-26 00:00:00+05:30,21.25,21.450000762939453,21.0,21.149999618530273,3604603,0.0,0.0,-173277735.8943719,219122790,-0.46577882993244984,-791348.1191002042,-1.8726040781536823,-3.4468914159043567,76749900.9196355,22.179842828116577,41.931712084693885,1156.4762367443525,22.630000114440918,25.15693514104218,20.103065087839656,22.332611699712228,0.2071550157937279,0.0,0.0,21.720000076293946,22.465000724792482,20.97499942779541,6.860042779757249,0.1174496902033282,0.0,0.0,20.649999618530273,25.5,23.074999809265137,21.431729372262744,0.10309277539654169,0.9022034195969677,12.37065868099083,-1.141840901491996,-1.0710688863460067,-0.07077201514598919,21.733333428700764,23.25961553133451,21.864592405362835,23.00643330685483,0.8215615944973089,1.1078068380046335,-0.2862452435073246,-0.6678763139014066,23.618920687886792,0.01999950408935547,-162.17573419891437,-155.2048343866115,-6.970899812302861,21.824999809265137,23.675000190734863,22.75,26.449999809265137,1.3204123501524166e-06,37.756654128635894,10.263865093526046,32.97959326017992,-92.49212884336069,28.28749942779541,25.475000381469727,4.0,88.0,-84.0,25.21829923706055,21.745495987203498,0.0,0.0,34.67832776093093,0.3528682099974704,0.3754479533223054,0.27463953309397315,-29.66463355123739,32.348633864105956,13.157890774207635,14.473693236527046,-86.84210922579237,-3.1785293859594006,-9.227466476095518,-4.9631374244863125,-4.551181531166003,-0.41195589332030913,-32.334475155646565,-31.836596301359364,-0.497878854287201,22.44909351080654,-0.4705900304457722,-0.4717007914532889,345.26314986379526
2021-08-27 00:00:00+05:30,21.299999237060547,22.450000762939453,21.100000381469727,22.049999237060547,8043961,0.0,0.0,-170000583.43498498,227166751,-0.3826620455350062,355924.7309815958,9.230532909103957,-3.4907301468305763,77092196.9934912,21.95402670388714,40.993335459737146,1156.4762367443525,22.49000005722046,24.811335993919027,20.168664120521893,20.64327195013321,0.40522681073345906,0.0,0.0,21.678333409627278,22.488334019978844,20.868332799275716,7.4729048128011994,0.7294231773923932,0.0,0.0,20.649999618530273,25.100000381469727,22.875,19.786575151700685,0.31460660191112017,0.9469831157842435,11.92105272072863,-1.0424698054055916,-1.0653490701579238,0.02287926475233215,21.68333339691162,23.130769362816444,21.89311653331633,22.935586338721922,0.8129774193322944,1.133587869617785,-0.3206104502854906,-0.6720657877335403,23.75327311956959,-0.5900004386901863,-157.16691733629798,-156.7338141116951,-0.4331032246028883,21.774999618530273,23.675000190734863,22.72499990463257,26.449999809265137,50.00000066020618,37.12790024198133,16.417523228441198,29.799142793641746,-47.0360777857749,27.962499618530273,25.475000381469727,0.0,84.0,-84.0,20.649999618530273,21.745495987203498,1.0,0.0,42.90510863226876,1.0,0.588625592524708,0.40729958750116496,-27.554622219138906,39.213477740191514,39.43659625955622,22.794655333828995,-60.56340374044378,-2.997352774002973,-2.6490083513240243,-4.545206693258154,-4.549986563584434,0.004779870326279578,-26.712846492291003,-30.811846339545696,4.098999847254692,22.444564603772914,4.255317422047389,4.167267983653256,364.21051025390625
2021-08-30 00:00:00+05:30,22.25,23.0,22.100000381469727,22.549999237060547,5761353,0.0,0.0,-170000595.6448888,232928104,-0.3457960704506946,716603.5551270822,12.106520135779798,-2.3665038815827972,77222839.92318158,21.895534965905323,48.58521603167205,1182.7001885982966,22.3875,24.498631258528782,20.276368741471217,18.85991074062564,0.5384862941146045,0.0,0.0,21.65833339691162,22.513333892822267,20.803332901000978,7.89534891943776,1.0214417093403134,1.0,0.0,20.649999618530273,24.899999618530273,22.774999618530273,18.983807928531547,0.44705873377182903,0.9472848804997644,11.54952483743085,-0.9128489203760104,-1.0348490402015411,0.12200011982553072,21.737500031789143,22.99038468874418,21.99417541081544,22.90702433119145,0.8927203921915965,1.0689655978796726,-0.1762452056880761,-0.66250305589811,23.850936985700887,-0.03749961853027273,-153.9854915885124,-157.40532412856135,3.419832540048958,21.824999809265137,23.574999809265137,22.699999809265137,25.72499942779541,75.00000033010309,35.77151703037061,19.24235702725135,27.769645733594565,4.621169470348544,27.59999942779541,25.475000381469727,0.0,80.0,-80.0,20.68599964141846,21.745495987203498,0.0,0.0,46.905774558140514,1.0,0.7842894033324902,0.5827876497265011,-24.548260770942125,40.83124648426024,67.85710149883481,40.15052951086621,-32.142898501165185,-2.582646891650029,2.9680348395088028,-3.9850174652891326,-4.436992743925374,0.4519752786362412,-24.970164741214354,-29.64351001987943,4.673345278665074,22.445323030907936,2.267573774604159,2.242246482302601,374.73682604337995
2021-08-31 00:00:00+05:30,22.600000381469727,22.600000381469727,21.950000762939453,22.149999618530273,3502513,0.0,0.0,-171347727.09781685,229425591,-0.34176486462427635,414088.2095521671,-5.103468485074815,-1.6981815509919898,77160711.14662735,21.838660164796817,50.14968526805531,1161.721047122429,22.269999980926514,24.146272937894103,20.393727023958924,16.850228635604424,0.46802161381940305,0.0,0.0,21.648333422342937,22.47833391825358,20.81833292643229,7.6680313418862305,0.8022083713558086,0.0,0.0,20.649999618530273,24.75,22.699999809265137,18.41041933085422,0.36585362449705316,0.9175563543028155,10.986223763068416,-0.8328000607013877,-0.9944392443015104,0.16163918360012275,21.72083330154419,22.861538520226112,22.018148365848493,22.85094842654988,0.9407116382594977,1.0434783329810142,-0.10276669472151656,-0.6459306563036589,23.881464417840935,0.43000078201293945,-151.24204250201188,-157.346484018385,6.104441516373129,21.824999809265137,23.149999618530273,22.487499713897705,25.175000190734863,87.50000016505155,34.65259385259362,18.32285713698122,27.54540088292412,-11.347799735603452,27.324999809265137,25.475000381469727,8.0,76.0,-68.0,20.778559655761722,21.745495987203498,0.0,0.0,44.235359005047435,0.8254402389570648,0.9418134129856882,0.7715761362809621,-22.734815782957025,42.97207328222514,63.82977687271169,57.04115821036756,-36.17022312728831,-2.180587970509251,-0.8948579844556637,-3.6444879449020173,-4.278491784120703,0.634003839218686,-26.39387897891424,-28.993583811686392,2.599704832772151,22.443809031317812,-1.7738342885301739,-1.7897552846416698,366.3157814427426
2021-09-01 00:00:00+05:30,22.350000381469727,22.399999618530273,21.899999618530273,21.950000762939453,3474919,0.0,0.0,-174127646.39090005,225950672,-0.3421791828975048,255649.91914888646,-1.798616797604727,-0.22692934407674384,77129335.08183098,21.843014711697375,54.43328703902141,1151.2315264027138,22.15,23.768023421959317,20.53197657804068,14.609692297601068,0.4381964332696866,0.0,0.0,21.691666730244954,22.48166707356771,20.9016663869222,7.283906332760011,0.6635024812824386,0.0,0.0,20.649999618530273,24.450000762939453,22.550000190734863,17.155761374307808,0.3421054612896183,0.8758007188725339,10.35570152718147,-0.7765474433316335,-0.950860884107535,0.1743134407759015,21.65833330154419,22.755769289456882,22.007664119247103,22.784211562578736,1.0627803074131337,1.0179372795644883,0.044843027848645356,-0.625683595178461,23.87375064134502,-0.049999618530272016,-146.7222539186719,-156.56640251819715,9.844148599525255,21.824999809265137,23.149999618530273,22.487499713897705,24.97499942779541,93.75000008252577,33.662423400061776,17.625158258973965,26.8773147472255,-16.319578707532994,26.899999618530273,25.850000381469727,4.0,72.0,-68.0,20.867417269531252,21.745495987203498,0.0,0.0,42.91964565459967,0.7394346703521562,0.8549583031030736,0.8603537064737505,-21.58191207392564,42.92144952166047,55.31918865460519,62.33535567538389,-44.68081134539481,-1.8461762708776135,-3.3039646466640975,-3.408269982039015,-4.104447423704366,0.696177441665351,-27.487788130382757,-28.692424675425666,1.2046365450429093,22.433605434998146,-0.9029293861635312,-0.9070304989793332,362.105279219778
2021-09-02 00:00:00+05:30,22.0,22.450000762939453,21.899999618530273,22.200000762939453,4124115,0.0,0.0,-173752719.04434592,230074787,-0.29294978735222194,366418.3235561884,0.333413188609162,-0.643496602697781,77176306.77723706,21.83780517335066,54.52547984079362,1151.2315264027138,22.075,23.529475622430738,20.62052437756926,13.1775820831777,0.5429710752836651,0.0,0.0,21.72666676839193,22.501667149861653,20.9516663869222,7.134093689854,0.8053766203636484,0.0,0.0,20.649999618530273,24.450000762939453,22.550000190734863,17.214048219294135,0.4078949151606564,0.8432207614261984,9.863462242481893,-0.7036823164085284,-0.9014251705677336,0.19774285415920523,21.666666666666668,22.65000005868765,22.037254372122852,22.74093668853138,0.972727356272252,0.986363678136126,-0.01363632186387398,-0.600576058266714,23.73324353128866,-0.6249992370605462,-138.08929350689593,-154.7497031108026,16.660409603906686,21.824999809265137,23.149999618530273,22.487499713897705,24.97499942779541,96.8750000412629,32.66420132809809,17.256819312241436,25.717261760313274,2.240929671929337,26.899999618530273,26.125,0.0,68.0,-68.0,20.952720578750004,21.745495987203498,0.0,0.0,45.11712966273253,0.8830798355816044,0.8159849149636084,0.8709188770174565,-19.9890029650587,42.186317645752865,65.95748480005714,61.70215010912466,-34.04251519994286,-1.4723527796128195,0.4524904060796952,-3.094341829654742,-3.9024263048944414,0.8080844752396996,-27.270604056131493,-28.408060551566834,1.137456495435341,22.429680938729692,1.138952124421344,1.1325148965633858,367.3684371145148
2021-09-03 00:00:00+05:30,22.200000762939453,22.450000762939453,21.950000762939453,22.299999237060547,5884728,0.0,0.0,-171398863.7618752,235959515,-0.2260033721247503,398139.1088506866,0.21241909740424572,-1.0179114604369057,77202814.1556332,21.813933994839473,55.51532771780046,1151.2315264027138,22.052499961853027,23.47814867760119,20.626851246104863,12.929588193758413,0.5868023351312163,0.0,0.0,21.79000015258789,22.5350004196167,21.044999885559083,6.838001485193463,0.8422811420636267,0.0,0.0,20.649999618530273,24.450000762939453,22.550000190734863,17.231611613116506,0.434210295162112,0.8088986852835784,9.450111070317275,-0.6305979960527566,-0.8472597356647382,0.21666173961198165,21.737499872843426,22.53076927478497,22.077676659036342,22.7082746550891,0.935484012735808,1.041474525571466,-0.10599051283565797,-0.5712415267926257,23.63615711491478,-0.25250072479247976,-128.7767057695907,-151.38517980664892,22.608474037058215,21.824999809265137,23.074999809265137,22.449999809265137,24.97499942779541,98.43750002063145,31.737280832703238,16.557187403611373,24.674623681733898,13.093473726384117,26.649999618530273,26.125,0.0,64.0,-64.0,21.034611755600004,21.745495987203498,0.0,0.0,46.01243434507746,0.9416041245184822,0.8547062101507477,0.841883142739143,-18.410710564801256,45.12214920909763,70.21273832723116,63.829803927297824,-29.787261672768828,-1.1991174866171441,3.9626967081031106,-2.7769524793528717,-3.677331539786128,0.9003790604332562,-24.243111628636147,-27.575070766980698,3.3319591383445513,22.423179312694234,0.4504435616418112,0.4494321008665647,369.47366814864307
2021-09-06 00:00:00+05:30,22.399999618530273,25.75,22.299999237060547,24.350000381469727,54809968,0.0,0.0,-161072326.09380245,290769483,-0.07579429878655061,16392761.682590662,11.487413100025819,0.26323168920169854,82241401.64303982,22.868723836384945,79.3463060606829,1151.2315264027138,22.082499980926514,23.666253312687093,20.498746649165934,14.343967695039304,1.2158628667327083,1.0,0.0,22.096666781107587,23.08166700998942,21.11166655222575,8.915373876425562,1.6438238968330536,1.0,0.0,20.649999618530273,25.75,23.199999809265137,23.095212887466495,0.7254902914091902,1.073008893049166,8.78907245539572,-0.4026190441282367,-0.7583315973574379,0.35571255322920126,21.949999968210857,22.5115385055542,22.427264924026094,22.82988396815433,1.014925279657725,0.7798508084093533,0.23507447124837177,-0.522257603942933,24.147189689394047,-0.6825003623962402,-111.93683809886122,-145.85558138279623,33.918743283935015,23.375,23.199999809265137,23.28749990463257,24.97499942779541,99.21875001031572,31.581006469036332,34.86882037247503,18.962088417385274,232.89534114111805,26.387499809265137,26.125,100.0,60.0,40.0,21.113227285376002,21.745495987203498,0.0,0.0,60.3075423997859,1.0,0.9415613200333622,0.8707508150492393,-11.922906123999073,50.42377575403491,72.54902914091902,69.57308408940243,-27.45097085908098,-0.7894117018755722,11.697253365376792,-1.763561499873826,-3.294577531803668,1.531016031929842,24.377966796726163,-17.184463254239326,41.56243005096549,22.894581404686242,9.192830558497356,8.79452209411653,412.63158697831005
2021-09-07 00:00:00+05:30,24.450000762939453,24.600000381469727,23.149999618530273,23.299999237060547,12843083,0.0,0.0,-171258227.66329437,277926400,-0.11184785935412597,12124474.035400271,-1.6935151887558726,1.0615854356960932,81687592.54092562,22.99885697852991,73.92981583446088,1101.5890458579224,22.082499980926514,23.666253312687093,20.498746649165934,14.343967695039304,0.8843714900920209,0.0,0.0,22.350000063578285,23.385000292460127,21.314999834696454,9.261746988255986,0.9589366972935788,0.0,0.0,20.649999618530273,25.75,23.199999809265137,23.095212887466495,0.5196077294736579,1.1107080800381948,8.074934283069325,-0.3031755799906293,-0.6673003938840762,0.364124813893447,22.108333269755047,22.46153846153846,22.56153174141601,22.86470732140664,1.1254479703563978,0.8207886137765745,0.30465935657982324,-0.46951891698700093,24.63221222231311,-1.232499599456787,-98.93134030692619,-138.78073524740918,39.849394940482995,23.375,23.199999809265137,23.28749990463257,24.97499942779541,99.60937500515786,31.435894559917063,31.561545159274168,17.163551950036172,177.84196734740462,26.28749990463257,26.225000381469727,96.0,56.00000000000001,39.99999999999999,21.391433648253443,21.745495987203498,0.0,0.0,52.6218938093703,0.7322052175257125,0.8912697806813984,0.8958457702885028,-8.921163919323297,43.22697318859826,51.96077294736578,64.90751347183864,-48.03922705263422,-0.3620588583104727,8.878503048593807,-1.325954344085511,-2.900852894260037,1.574898550174526,22.27209402607207,-9.293151798177046,31.565245824249118,22.928752914804996,-4.31211962201129,-4.407853736723455,390.5262997275905
2021-09-08 00:00:00+05:30,23.799999237060547,25.399999618530273,23.5,24.950000762939453,30781394,0.0,0.0,-155057459.8259511,308707794,0.007570175178328413,17648027.325868778,3.5492200848952447,1.210005921879489,83867392.91567822,23.362334802152866,78.72189548693594,1101.5890458579224,22.197500038146973,24.206349346196927,20.18865073009702,18.099779746347057,1.1850938778141626,1.0,0.0,22.678333409627278,23.84833367665609,21.50833314259847,10.318220884186557,1.470797792671032,1.0,0.0,20.649999618530273,25.75,23.199999809265137,22.975561989887353,0.8431374162309373,1.209637310181348,7.480027093830855,-0.09018498830284472,-0.55187731276783,0.4616923244649853,22.449999968210857,22.47884618318998,22.92898851395808,23.019173502260923,1.114378908972139,0.7745098552534965,0.3398690537186425,-0.4017518210495668,25.159837004274014,-0.9974992752075202,-77.74656023726536,-129.39971591833708,51.65315568107172,23.425000190734863,23.199999809265137,23.3125,24.97499942779541,99.80468750257893,31.82283550671237,32.40353667654083,14.951684794025338,236.68201097556627,26.0,26.225000381469727,92.0,52.0,40.0,21.652947629358238,21.745495987203498,0.0,0.0,61.02713981325717,1.0,0.9107350725085709,0.9145220577411104,-3.057954398639353,49.053352001578595,84.31374162309373,69.60784790379283,-15.686258376906274,0.13691176246194203,19.664270054947192,-0.39178204332135047,-2.3990387240723,2.0072566807509493,30.122703506070646,-1.4099807373275075,31.532684243398155,23.21140838954415,7.081551845093825,6.842052494879081,425.26317395662005
2021-09-09 00:00:00+05:30,25.0,25.799999237060547,24.799999237060547,24.950000762939453,15382316,0.0,0.0,-165825034.08284807,324090110,-0.049308370857536046,15126880.565030383,5.525822170051701,1.7794224201475946,83867392.91567822,23.5875880377997,83.04243506621373,1101.5890458579224,22.35000009536743,24.68238111499223,20.017619075742633,20.871418431074094,1.0573704822872971,1.0,0.0,23.07666670481364,24.3016668955485,21.851666514078776,10.616786266444064,1.2646260271200551,1.0,0.0,20.649999618530273,25.799999237060547,23.22499942779541,23.04250378771915,0.8349517403724256,1.1886735791632133,6.67196306938542,0.07771573154716194,-0.42595870390483165,0.5036744354519935,22.762499968210857,22.501923120938816,23.239913475339826,23.162197743792664,1.2096772188947547,0.7451613351780054,0.46451588371674923,-0.3257614659594539,25.516931186864216,-1.100000095367431,-56.946380981163166,-118.26410076776652,61.317719786603355,23.84999942779541,23.22499942779541,23.53749942779541,24.97499942779541,99.90234375128946,32.4206124615517,32.87444213741579,14.024823822553993,217.74824145927928,26.0,26.225000381469727,100.0,48.0,52.0,21.898770771596745,21.745495987203498,0.0,0.0,61.02713981325717,1.0,0.9107350725085709,0.9042466418995133,1.3078041153467086,47.54672528515478,83.49517403724256,73.25656286923402,-16.50482596275744,0.789852770637065,17.68867860870798,0.33552831387940857,-1.8521253164819582,2.1876536303613667,27.232292575198645,4.318473925177724,22.91381865002092,23.471518444336603,0.0,0.0,425.26317395662005
2021-09-13 00:00:00+05:30,25.100000381469727,25.200000762939453,24.149999618530273,24.25,8153711,0.0,0.0,-172425653.04150042,315936399,-0.08805893808632942,12150525.638484929,-8.048478955123793,1.9212512231783645,83638631.24248156,23.71794506172691,81.25786841663125,1070.6827072219855,22.445000076293944,24.92005586611416,19.969944286473726,22.054406606434654,0.8646382297986841,0.0,0.0,23.343333371480306,24.538333638509112,22.148333104451496,10.238471498580392,0.8793583372052246,0.0,0.0,20.649999618530273,25.799999237060547,23.22499942779541,22.944974831920906,0.6990292520637329,1.1748063356878098,5.506353631692192,0.1525357135137071,-0.31025982042112393,0.462795533934831,23.012499968210857,22.523076937748836,23.39531140221062,23.242775688696913,1.2096772188947547,0.758064482388226,0.45161273650652867,-0.25260059231442744,25.711232135081016,-1.2950004577636705,-41.99544455125789,-105.82076220807159,63.825317656813695,23.84999942779541,23.22499942779541,23.53749942779541,24.97499942779541,99.95117187564473,32.127645141375424,30.72099509025624,17.161202147089373,136.55162502550286,25.774999618530273,26.225000381469727,96.0,44.0,52.0,22.21086904883385,21.745495987203498,0.0,0.0,56.127833998185444,0.8140597076884465,0.9380199025628156,0.9198300158599856,3.2516276566496374,45.99118411685278,69.90292520637328,79.23728028890318,-30.097074793626714,1.3216173620784986,14.117647058823529,0.6562715036994744,-1.3504459524456718,2.006717456145146,20.925799905871926,7.639939121316565,13.28586078455536,23.522738965407445,-2.805614194526318,-2.8457235392770563,410.5263157894737
2021-09-14 00:00:00+05:30,24.25,24.700000762939453,23.649999618530273,23.75,10459249,0.0,0.0,-180892658.70832694,305477150,-0.12040495356091328,9667647.047272796,-5.019486314979114,1.6249667615197423,83422976.62392485,23.81943770377783,75.69333363929903,1070.6827072219855,22.497500038146974,25.035703353265944,19.959296723028004,22.564314353285198,0.7467296363519088,0.0,0.0,23.491666730244955,24.701667149861656,22.281666310628257,10.301528908196651,0.606749248003103,0.0,0.0,20.649999618530273,25.799999237060547,23.22499942779541,22.891430646951374,0.6019418662315196,1.1623258165599468,4.872164231988296,0.1695310188890531,-0.21430165255908853,0.3838326714481416,23.229166666666668,22.561538476210373,23.4498788787936,23.28034785990455,1.176281860045659,0.7852563475559537,0.3910255124897053,-0.18817665890872487,25.78566993826056,-0.4475008010864272,-28.338291086533275,-92.16478982857397,63.8264987420407,23.84999942779541,23.22499942779541,23.53749942779541,24.97499942779541,99.97558593782236,31.25473117382517,28.69661890837321,19.168234526003136,90.5797194593274,25.03749990463257,26.225000381469727,92.0,40.0,52.0,22.497999463891986,21.745495987203498,0.0,0.0,52.863294464724824,0.6901626785936412,0.8347407954273627,0.8944985901662497,3.7507429024020307,42.630975901393136,57.29167577293329,70.22992500551636,-42.70832422706671,1.3773527706370636,12.29314623340122,0.7282151448477032,-0.9347137329869969,1.6629288778347,16.911409047870833,9.49423310662742,7.417175941243414,23.52924806286733,-2.0618556701030966,-2.083408690284161,400.0
2021-09-15 00:00:00+05:30,23.899999618530273,24.700000762939453,23.75,24.049999237060547,8748289,0.0,0.0,-184115731.03910106,314225439,-0.1164372546483731,8661480.32988885,0.5429658227481773,1.3894383349232922,83533481.04605475,23.8874367034993,76.47593915273183,1084.207085971481,22.594999980926513,25.21318650419536,19.976813457657666,23.17491945544571,0.7778639419313497,0.0,0.0,23.685000038146974,24.92500057220459,22.444999504089356,10.470766578513622,0.6471770329482032,0.0,0.0,20.649999618530273,25.799999237060547,23.22499942779541,22.79265157281534,0.6601941495872534,1.1410933111978974,4.093029749380893,0.20484601473053132,-0.13047211910116457,0.3353181338316959,23.395833333333332,22.57307690840501,23.542205087757747,23.337359073027216,1.1499997854233812,0.7937499076128447,0.3562498778105365,-0.12952684264654035,25.793197876551886,-0.045000743865966086,-12.986856082393489,-77.30530118009858,64.3184450977051,23.84999942779541,23.22499942779541,23.53749942779541,24.97499942779541,99.98779296891118,30.444168203957076,26.965288802317545,18.011772797157384,85.59201290792059,25.03749990463257,26.225000381469727,88.0,36.0,52.0,22.76215944574547,21.745495987203498,0.0,0.0,54.570616031669346,0.7549595872191208,0.7530606578337363,0.8419404519413046,4.689849056014076,41.418693113251074,63.54166087176973,63.57875395035875,-36.45833912823027,1.4752940177917466,9.070295098416597,0.8777600502675885,-0.5722189763360799,1.4499790266036685,12.504925101694328,10.096371505640802,2.408553596053526,23.557461884969353,1.2631546823602013,1.2552434348064967,406.31577341180105
2021-09-16 00:00:00+05:30,24.200000762939453,24.700000762939453,23.799999237060547,24.100000381469727,8394540,0.0,0.0,-186913899.1788883,322619979,-0.11224526290133487,7484088.369445963,0.2680277278282869,1.542340606779147,83550933.71217135,23.955692888881156,78.93453417683965,1086.4612064203322,22.727499961853027,25.36861266110184,20.086387262604216,23.24155937680596,0.7598337473457811,0.0,0.0,23.896666717529296,25.176667404174804,22.61666603088379,10.712796908253058,0.5794271698686764,0.0,0.0,20.649999618530273,25.799999237060547,23.22499942779541,22.65977176184926,0.6699031103858659,1.1169841326659982,3.0035927736122696,0.23416872652808607,-0.057543949975314444,0.2917126765034005,23.52500009536743,22.60384618318998,23.62801974832882,23.393851021800735,1.1550149561565124,0.7872340351522434,0.36778092100426896,-0.07662402406998382,25.74211124261094,-0.5775003433227539,4.198064923884343,-61.49559468778966,65.69365961167401,23.875,23.22499942779541,23.549999713897705,24.97499942779541,99.99389648445559,29.691502589079562,25.401722530475766,16.967370838469964,76.84249634815768,25.03749990463257,26.225000381469727,84.0,32.0,52.0,23.005186629050677,21.745495987203498,0.0,0.0,54.86405857859132,0.6599122265537507,0.7016781641221711,0.76315987246109,5.525096921234174,36.66327793691061,63.829802776045156,61.554379806916046,-36.170197223954844,1.4522058150347519,6.873619498229422,1.0009840889807504,-0.2575783632727139,1.2585624522534644,8.582411335464956,9.793579471605632,-1.2111681361406763,23.59391108188461,0.2079049729537097,0.20768914965132446,407.3684290835732
2021-09-17 00:00:00+05:30,24.450000762939453,24.450000762939453,23.350000381469727,23.799999237060547,6984412,0.0,0.0,-188183808.78430656,315635567,-0.11386272757478341,6115599.803378654,-5.512267948814262,0.48928340264213127,83463990.49391994,24.045942946116124,75.02334833135315,1072.9367416849336,22.82749996185303,25.472018010628524,20.182981913077533,23.169581015833902,0.6838707955988085,0.0,0.0,24.065000025431313,25.40000063578288,22.729999415079753,11.094956234704071,0.4007488137773271,0.0,0.0,20.649999618530273,25.799999237060547,23.22499942779541,22.560506525622266,0.6116504566711468,1.115285757546371,2.912605225179524,0.23054205642768366,7.325130528517548e-05,0.23046880512239848,23.66250006357829,22.648076937748836,23.654478131210627,23.423936074782944,1.1234566084297701,0.861111065324302,0.2623455431054681,-0.032264957117338504,25.530108064050555,-0.8774991989135756,18.432843092534014,-45.13897814755358,63.571821240087594,24.049999237060547,23.22499942779541,23.63749933242798,24.97499942779541,99.9969482422278,28.40476912771146,23.60050260371688,18.665054539755843,52.38898843183551,24.899999618530273,26.225000381469727,80.0,28.000000000000004,52.0,23.228771637691466,21.745495987203498,0.0,0.0,52.66597590870821,0.538248427347892,0.651040080373588,0.7019263007764983,5.582365189990226,38.72017269531701,48.717943701909746,58.69646911657486,-51.282056298090254,1.208970759896669,7.449208338360036,0.9842157000926668,-0.00921955059963775,0.9934352506923045,4.337227378538183,8.702309052992142,-4.3650816744539584,23.60285413752087,-1.244818006890358,-1.2526307704079809,401.0526155170641
2021-09-20 00:00:00+05:30,23.600000381469727,24.0,22.75,23.0,7753834,0.0,0.0,-192836109.18430656,307881733,-0.11690428443849313,4355791.076568257,-8.463564157495986,-0.9800083325918533,83203357.65849383,24.059440387756393,71.1787248402264,1072.9367416849336,22.907499980926513,25.469974469518963,20.345025492334063,22.372362682318407,0.5180489638990117,0.0,0.0,24.166666666666664,25.57666727701823,22.756666056315105,11.668970568426731,0.08628859516033244,0.0,0.0,20.649999618530273,25.799999237060547,23.22499942779541,22.48171831416925,0.4563107874831996,1.128757181791734,3.5798368746128526,0.1612557853706562,0.032309758118359386,0.1289460272522968,23.75,22.69038464472844,23.553789187947455,23.3925334025768,1.0272726453040637,0.9272727146621637,0.09999993064190005,-0.0022689278046223566,25.456971467373876,-0.7074992179870598,28.32448756707674,-29.554386406893812,57.878873973970556,24.274999618530273,23.22499942779541,23.749999523162842,24.97499942779541,98.5711924137189,26.49433453767131,21.71604580880763,21.007398503278072,15.240763411747018,24.049999713897705,26.225000381469727,76.0,24.0,52.0,23.228771637691466,25.799999237060547,0.0,1.0,47.23170753857286,0.23813686455955713,0.4787658394870667,0.6104946946609418,3.9836150309731844,29.63020672006139,28.205140745225638,46.917629074393496,-71.79485925477437,0.9916177749633803,4.783595446763599,0.6893472485237239,0.13049380922503456,0.5588534392986892,1.3543487520954418,7.232716992812802,-5.87836824071736,23.593958120315417,-3.3613414399392694,-3.4191332691999143,384.2105263157895
2021-09-21 00:00:00+05:30,23.100000381469727,23.200000762939453,22.600000381469727,22.950000762939453,4742229,0.0,0.0,-192045735.17178482,303139504,-0.09759225664380597,3699662.661063306,-6.009828666543686,-1.0447483455539153,83193048.62232138,24.064790931924847,70.67958940944511,1070.6043060980435,23.0125,25.39490966913895,20.630090330861048,20.70535290940968,0.48688318850654794,0.0,0.0,24.045000076293945,25.170000648498537,22.919999504089354,9.35745950205867,0.01333388604030109,0.0,0.0,20.649999618530273,25.799999237060547,23.22499942779541,22.37914011311363,0.44660219704357235,1.0758815017595331,4.121368618653838,0.10114545397504315,0.04607689728969615,0.055068556685347006,23.8125,22.713461582477276,23.460898661023148,23.359753207048104,1.0273555395753189,0.9513677363969009,0.07598780317841802,0.016366781327038046,25.42129401744498,-0.7125007629394524,31.566108028212387,-15.054669925211746,46.62077795342413,24.199999809265137,23.22499942779541,23.712499618530273,24.97499942779541,91.14017903864013,24.65464855061182,20.8552378437953,21.165659117983413,-9.378928648996979,23.999999523162842,26.225000381469727,72.0,20.0,52.0,23.228771637691466,25.738999252319335,0.0,0.0,46.90594784308585,0.2201465400766267,0.3321772773280254,0.48732773239622657,2.5953301297118583,32.46565734607713,26.923108900325374,34.6153977824869,-73.07689109967463,0.7873531285454263,3.3783782622748624,0.43299025070404235,0.19099309752083612,0.24199715318320622,-3.4528254382829964,5.095608506593642,-8.548433944876638,23.562612082346988,-0.2173879872197637,-0.21762461790468812,383.15791079872537
2021-09-22 00:00:00+05:30,23.0,23.5,22.899999618530273,23.100000381469727,5597172,0.0,0.0,-193911447.30983862,308736676,-0.11034690259245576,3291078.518746881,3.2159036148425497,-0.6865683160933956,83229631.35159972,24.07485514901932,72.75481597404516,1070.6043060980435,23.107499980926512,25.340049288911683,20.874950672941342,19.323157501486275,0.4983203955608143,0.0,0.0,23.993333435058595,25.03333396911621,22.953332901000977,8.669079157946333,0.07051317555411203,0.0,0.0,21.0,25.799999237060547,23.399999618530273,20.772473184128884,0.43750014901163564,1.0282933897305524,4.486989492434475,0.06486359177889867,0.04983423618753665,0.015029355591362016,23.8791667620341,22.72884618318998,23.40537584878416,23.340512257005262,1.048338296854974,0.9214501235511793,0.12688817330379465,0.027813668826357153,25.335289503702644,1.2425004005432143,38.14096857819192,-2.1782778346053835,40.3192464127973,24.199999809265137,23.22499942779541,23.712499618530273,24.97499942779541,66.26656523370119,23.188663567958457,22.048439376168776,20.299121436520007,-0.3350139408452179,23.962499618530273,26.225000381469727,68.0,16.0,52.0,23.228771637691466,25.61343929748535,0.0,0.0,48.063258266761856,0.18517452698998912,0.2144859772087244,0.34180969800793876,1.7555454371370616,34.48966614327955,30.769253341406145,28.632500995652368,-69.23074665859386,0.6205883138320054,3.587449200803789,0.27790132052235034,0.20837474212113896,0.06952657840121138,-6.7930727060073375,2.7178722640734456,-9.510944970080782,23.558757735006175,0.6535930873366125,0.651466429148595,386.31579750462583
2021-09-23 00:00:00+05:30,23.350000381469727,23.450000762939453,22.950000762939453,23.0,4588940,0.0,0.0,-197582613.31417212,304147736,-0.11939234048058152,2755367.9088485143,1.0391008777694305e-05,-0.7103828016362802,83209765.73502122,24.093654816651874,70.46438400297367,1065.9696378190413,23.194999980926514,25.26040585530968,21.129594106543347,17.809061229416436,0.45279378660023634,0.0,0.0,23.845000139872234,24.745000712076823,22.944999567667644,7.548757114072403,0.03055577631335855,0.0,0.0,21.0,25.799999237060547,23.399999618530273,20.694111838791272,0.41666673289406025,0.9754640507574972,4.9142325759784145,0.027721206729875547,0.04541163029600443,-0.017690423566128884,23.766666730244953,22.76346155313345,23.343010333586598,23.315289126856722,1.0515151508145646,0.9272727146621637,0.12424243615240094,0.03305151414509478,25.200091161125727,0.10499925613403249,38.49088930516488,8.425863308319954,30.065025996844923,23.90000057220459,23.22499942779541,23.5625,24.97499942779541,33.13328261685059,21.82739179835176,21.26705248768466,19.57972959804877,-9.441452754559341,23.887499809265137,26.225000381469727,64.0,12.0,52.0,23.228771637691466,25.492901740844726,0.0,0.0,47.322682439578465,0.08726432211925712,0.1641951297286244,0.23695279475512465,0.8529290434373201,35.051272667476304,27.272718265174078,28.321693502301855,-72.72728173482592,0.43558844959034815,-5.544149323698051,0.11889711759115043,0.19047921721514127,-0.07158209962399084,-10.463915469729177,0.08151471731292137,-10.545430187042097,23.439211208358195,-0.4329020771356551,-0.43384181124390686,384.2105263157895
2021-09-24 00:00:00+05:30,23.100000381469727,23.200000762939453,22.700000762939453,22.75,3819816,0.0,0.0,-200638477.77132544,300327920,-0.12794328983722456,2225321.9218701553,-3.272408932786291,-0.9592990895070328,83168245.99589078,24.12820259974259,68.19498850323114,1054.383011321008,23.275,25.130667296121324,21.419332703878673,15.945583640140281,0.35854145268999943,0.0,0.0,23.61500021616618,24.46500078837077,22.76499964396159,7.198819093151666,-0.008823314037711517,0.0,1.0,21.100000381469727,25.799999237060547,23.449999809265137,20.193335577189348,0.35106383410445696,0.9279176456817474,5.442013722847101,-0.021637883627395382,0.03200172751132447,-0.05363961113871985,23.72083346048991,22.813461523789627,23.251777974573276,23.27341585820067,1.0333332716816888,0.9424242228078101,0.09090904887387863,0.03173298569941915,25.06635063847711,1.6750007629394545,35.9040269419167,17.08136014089491,18.82266680102179,23.65000057220459,23.22499942779541,23.4375,24.97499942779541,16.566641308425297,20.30520711792551,20.485220229430617,20.69805799446518,-37.129929334110805,23.887499809265137,26.225000381469727,60.0,8.0,52.0,23.228771637691466,25.377185686469726,0.0,0.0,45.437748383561456,0.0,0.09081294970308217,0.15649801888014356,-0.4295091451161954,33.303347857196584,12.857164655412946,23.633045420664377,-87.14283534458706,0.25147083506864476,-2.3605118243340035,-0.09297253037211987,0.13378886769768905,-0.22676139806980894,-14.276335561547324,-2.7900553384591276,-11.486280223088196,23.28141137585954,-1.0869565217391353,-1.0929070532190277,378.94736842105266
2021-09-27 00:00:00+05:30,22.950000762939453,25.200000762939453,22.700000762939453,23.950000762939453,14368159,0.0,0.0,-200638477.77132544,314696079,-0.13915263093459526,4370533.327608043,17.399584734550892,-0.5370011156123847,83926127.3920242,24.108277641073126,59.14233131850066,1054.383011321008,23.370000076293945,25.158407437066124,21.581592715521765,15.305154941666462,0.6621556417647158,0.0,0.0,23.556666946411134,24.551667404174804,22.56166648864746,8.447718516606697,0.6976550932510946,0.0,0.0,21.899999618530273,25.799999237060547,23.84999942779541,16.68805993067306,0.525641370493705,1.0851258811135727,5.546436298368427,0.035663606539458215,0.03273410331695122,0.002929503222506992,23.637500127156574,22.896153890169582,23.35919686509115,23.32353325855169,1.012861779718625,1.0225079305190612,-0.009646150800436182,0.036141972273848945,25.249422705529877,1.5800006866455085,39.51204514070055,24.620286388365333,14.891758752335218,23.90000057220459,23.22499942779541,23.5625,24.97499942779541,24.681300460134416,20.81198112612775,30.31958258655688,17.2778621508263,42.37293699378893,23.887499809265137,26.225000381469727,56.00000000000001,4.0,52.00000000000001,23.228771637691466,25.266098274269726,0.0,0.0,54.75385743049346,0.5975928623606216,0.22828572815995965,0.16109793586388862,1.082426481207287,36.529448488661565,42.18752700836432,27.439136642983765,-57.81247299163568,0.36426508286420045,-4.00801590950407,0.15290824998130148,0.13761274415441155,0.015295505826889932,-7.195367029567978,-3.6711176766808977,-3.5242493528870806,23.289999895608084,5.274728628305292,5.140321031547401,404.2105423776727
2021-09-28 00:00:00+05:30,24.0,24.450000762939453,23.600000381469727,23.850000381469727,7729985,0.0,0.0,-203821414.8119856,306966094,-0.15224770769706705,3635742.6452704286,0.8247087993770097,-0.3571279736028931,83893851.7584488,24.14000726381107,66.84219092352782,1049.9805603820312,23.435000133514404,25.193721442202772,21.676278824826035,15.009356079953424,0.6179835161788154,0.0,0.0,23.55000031789144,24.525000699361165,22.57499993642171,8.280257904956358,0.6538461262579532,0.0,0.0,21.899999618530273,25.799999237060547,23.84999942779541,16.641773400090074,0.5000002445319,1.061613331149188,5.551863832247247,0.07217427516787467,0.04062213768713591,0.031552137480738755,23.545833428700764,22.99038468874418,23.43470509838016,23.362530823212285,1.0167224007729416,0.9966554432963359,0.020066957476605696,0.04327774755211864,25.3206551360885,0.8149998664855964,38.72494308213882,30.366041851091147,8.358901231047675,23.90000057220459,23.22499942779541,23.5625,24.97499942779541,45.717476513378344,21.28255699088698,28.58978209569648,16.292121191359097,39.08679010925227,23.824999809265137,26.225000381469727,52.0,0.0,52.0,23.228771637691466,25.200000762939453,0.0,0.0,53.927519774239535,0.5445864534843993,0.38072643861500705,0.23327503882601616,2.0849224395448602,36.268357681021676,39.062513969843614,31.36906854454028,-60.937486030156386,0.5797062649446367,-4.40881902939121,0.3089317493640909,0.17187654519634743,0.13705520416774347,-7.693071554861238,-4.475508452316966,-3.217563102544272,23.29383575539821,-0.4175381139213563,-0.41841223835454855,402.10527118883635
2021-09-29 00:00:00+05:30,23.799999237060547,24.049999237060547,23.700000762939453,23.799999237060547,3746870,0.0,0.0,-205427239.57645428,303219224,-0.15324367325428023,3089586.8690957357,-1.4011687458838282,-0.7107271758013984,83885996.5054108,23.997353751952897,55.111398447639765,1047.7792929276588,23.517500114440917,25.179509518337,21.855490710544835,14.134235321002725,0.5849872214794318,0.0,0.0,23.518333625793456,24.433333778381346,22.603333473205566,7.781164832055739,0.6539156089047948,0.0,0.0,21.899999618530273,25.799999237060547,23.84999942779541,16.583393641127184,0.48717943701909744,0.9904518454463785,5.686887410291245,0.09596830573392978,0.05169137129649469,0.04427693443743509,23.50833336512248,23.10384618318998,23.49090419663868,23.39493589090475,1.0151515676955365,1.1022727207047247,-0.08712115300918821,0.051420924873921074,25.255778780726786,0.23249988555908274,38.65417067434604,34.19449804558689,4.459672628759151,23.90000057220459,23.22499942779541,23.5625,24.97499942779541,64.72498777869498,21.71952029387769,27.884334439861412,15.890116074126842,23.77529422507833,23.512499809265137,26.225000381469727,48.0,0.0,48.0,23.228771637691466,25.200000762939453,0.0,0.0,53.49280821150931,0.5167013647886242,0.5529602268778818,0.38732413121761605,2.793969103299362,35.87240161481083,37.499977648250216,39.58333954215271,-62.500022351749784,0.686765132230871,-1.8556732492348582,0.41020974018244427,0.21954318419356683,0.19066655598887744,-11.828024819286718,-5.946011725710916,-5.882013093575802,23.300399170937496,-0.2096484008781374,-0.2098684707739107,401.0526155170641
2021-09-30 00:00:00+05:30,23.899999618530273,24.25,23.75,23.799999237060547,4126816,0.0,0.0,-208728704.97049725,307346040,-0.15513413109649493,2648217.316367774,1.5144847747028216,-0.9972512754691755,83885996.5054108,23.810814491244308,49.627373405127415,1047.7792929276588,23.61000003814697,25.1108666619884,22.109133414305543,12.713821443595592,0.5632964968023867,0.0,0.0,23.491666920979817,24.366666920979817,22.616666920979817,7.449450078985749,0.6761898949032741,0.0,0.0,21.899999618530273,25.799999237060547,23.84999942779541,16.51842275404064,0.48717943701909744,0.9414066609017407,5.70847215643138,0.11351669656791685,0.06405643635077912,0.04946026021713773,23.512499968210857,23.203846124502327,23.538457279780506,23.42494058321259,0.9173229245200842,1.1220471400293761,-0.20472421550929187,0.059781692076663985,25.195623134040428,0.43999919891357564,35.689691548326316,36.11192565178604,-0.4222341034597221,23.90000057220459,23.399999618530273,23.65000009536743,24.449999809265137,78.4734550307006,22.299124938752474,28.327446958215894,15.308965939276337,26.124117056845407,23.137499809265137,26.25,44.0,4.0,40.0,23.228771637691466,25.096000747680662,0.0,0.0,53.49280821150931,0.7535075132540167,0.60493177717568,0.5128728142228561,3.383322004803325,33.43447459491323,46.153795366463974,40.905428994852585,-53.846204633536026,0.7850002625409296,0.21052310341282895,0.4845975859134868,0.2725540645375508,0.21204352137593596,-14.91030702235305,-7.738870785039342,-7.171436237313708,23.308171906656614,0.0,0.0,401.0526155170641
2021-10-01 00:00:00+05:30,23.600000381469727,23.950000762939453,23.5,23.75,5275407,0.0,0.0,-208142558.57496467,302070633,-0.15339532857713153,2232219.6532889684,-2.3457912943339085,-0.5899164425556124,83874913.88635033,23.745418661958507,51.25089189747013,1047.7792929276588,23.6875,25.042075967917228,22.332924032082772,11.437053027269469,0.523069950109959,0.0,0.0,23.47833360036214,24.288333638509116,22.66833356221517,6.899978950247802,0.6676953005208153,0.0,0.0,21.950000762939453,25.799999237060547,23.875,16.253291711329158,0.4675324546645344,0.8922660711055119,5.6723062709364385,0.12198325513024955,0.07564180010667321,0.04634145502357634,23.487500031789143,23.299999970656174,23.571002313660426,23.449019058530176,0.9462810418911939,1.103305749298498,-0.157024707407304,0.06738410347260368,25.14831936943211,0.41250038146972656,33.680190861886196,36.707003795653755,-3.026812933767559,23.90000057220459,23.399999618530273,23.65000009536743,24.25,89.23672751535031,22.436871330818622,27.35767766032302,16.68677508917476,-4.9398493189450345,23.03749990463257,26.449999809265137,40.0,0.0,40.0,23.228771637691466,24.996160733032227,0.0,0.0,52.99736054671434,0.8019693821596049,0.690726086734082,0.6162060302625478,3.7582675389161837,35.37752826839519,44.23074806935999,42.62817369469138,-55.76925193064001,0.8966178220861067,-1.247398114667107,0.5202062176919722,0.3220844951684351,0.19812172252353705,-16.16864643494714,-9.424825915020902,-6.743820519926237,23.31068804628146,-0.21008083471990568,-0.21030181404984027,400.0
2021-10-04 00:00:00+05:30,23.850000381469727,24.899999618530273,23.850000381469727,24.100000381469727,9901721,0.0,0.0,-213329170.91082904,311972354,-0.18373730763853235,2408417.720991516,6.892732117441338,0.26095630261727704,84020834.14433798,23.7695881486465,62.05843263937553,1047.7792929276588,23.777500057220458,24.982272090084418,22.572728024356497,10.13371489824146,0.6338428829073279,0.0,0.0,23.581666946411133,24.37166690826416,22.791666984558105,6.700119746821007,0.828059151954127,0.0,0.0,22.299999237060547,25.799999237060547,24.049999237060547,14.719798093059675,0.5142860412597656,0.918039425847988,5.5247388614397686,0.15514673451849603,0.09154278698903778,0.06360394752945825,23.487500031789143,23.41346153846154,23.652386631784935,23.49723989726644,1.0081967507854133,0.9754099039837781,0.03278684680163513,0.07695803905381024,25.05042514203484,0.02249917984008931,37.046046074863796,37.31588580083724,-0.26983972597344774,23.950000762939453,23.449999809265137,23.700000286102295,23.675000190734863,94.61836375767516,23.377567151735,32.115040887229604,15.249966199842465,62.218844915011445,22.75,26.449999809265137,36.0,0.0,36.0,23.228771637691466,24.900314318969727,0.0,0.0,56.06499027988686,1.0,0.8518256318045406,0.7158278319047674,4.885393877570769,36.37602489164054,57.692299227743995,49.35894755452264,-42.307700772256005,0.9345588347491081,0.0,0.6602764205362907,0.38972288024200624,0.2705535402942844,-12.047200160472983,-9.94930076411132,-2.0978993963616634,23.408765663348976,1.4736858167146316,1.4629325844578212,407.3684290835732
2021-10-05 00:00:00+05:30,24.100000381469727,25.100000381469727,24.049999237060547,24.450000762939453,13084954,0.0,0.0,-216444608.9842528,325057308,-0.29692955108076385,2718606.45963756,1.6048969572992862,0.33680852651378473,84210864.80072898,23.834711497642548,63.80112048113586,1047.7792929276588,23.782500076293946,24.997520967469743,22.56747918511815,10.217772625064867,0.7746869175226917,0.0,0.0,23.74333356221517,24.578333600362143,22.908333524068198,7.033553531638715,0.9231539930779613,0.0,0.0,22.600000381469727,25.799999237060547,24.199999809265137,13.455266878272958,0.5781253259630177,0.9312355977041072,5.439973171925727,0.2072817219112153,0.11469057397347329,0.09259114793774201,23.541666825612385,23.505769289456882,23.775096498116397,23.567814776205182,1.0162600655259382,0.9593496035817207,0.05691046194421745,0.09021891435485255,25.008358009313962,-0.782500076293946,41.13664219112631,37.64873842449662,3.4879037666296924,23.950000762939453,23.84999942779541,23.90000009536743,23.675000190734863,97.30918187883758,24.402517280930912,31.09505078691922,14.059610785823404,93.3601113899998,22.72499990463257,26.449999809265137,32.0,8.0,24.0,22.600000381469727,24.900314318969727,1.0,0.0,58.95019400504151,1.0,0.9339897940532017,0.825513837530608,6.652781648137942,37.79892595479941,71.153850386128,57.69229922774398,-28.846149613871997,0.9820586821612167,2.731098935779569,0.8795118422285528,0.4876806726393156,0.39183116958923725,-5.628551129009132,-9.085150837090882,3.4565997080817503,23.585432176905005,1.4522837175506398,1.4418390799719738,414.7368581671464
2021-10-06 00:00:00+05:30,24.75,25.149999618530273,24.049999237060547,24.149999618530273,12776303,0.0,0.0,-226897939.7466146,312281005,-0.2984705023295824,1782676.1766438463,0.21523902430850636,0.33303790483380047,84054099.75362402,23.880595047942432,52.86760088372205,1034.9230566430776,23.825000095367432,25.028952141856504,22.62104804887836,10.106627841929534,0.634971955116732,0.0,0.0,23.871666844685873,24.756666882832846,22.9866668065389,7.414648033628915,0.6572501479362522,0.0,0.0,22.600000381469727,25.799999237060547,24.199999809265137,13.431264817552016,0.48437493480739646,0.9481120760806692,5.373250214164166,0.22183432191661723,0.1361193235621021,0.08571499835451513,23.637500127156574,23.567307765667255,23.832773901256992,23.610939579340375,1.0119999676513722,0.9560000677490131,0.055999899902359096,0.1026605080911551,25.05895803362353,-0.8749993324279792,43.50862513717389,38.20626462805318,5.30236050912071,23.950000762939453,23.84999942779541,23.90000009536743,23.574999809265137,98.6545909394188,25.393341065293367,28.94622903804443,12.921683246576377,74.03425249359297,22.699999809265137,25.72499942779541,28.000000000000004,4.0,24.000000000000004,22.650000381469727,24.900314318969727,0.0,0.0,55.58096217305201,0.7506571403600245,0.9168857134533415,0.9009003797703613,7.3143387138626945,30.650255667677865,59.61534652484798,62.82049871290664,-40.38465347515202,1.0432350551380836,4.999998341435972,0.9395404243494094,0.5780526229813344,0.361487801368075,-1.1423296110845538,-7.496586591889617,6.354256980805063,23.634373202141955,-1.2269985073534717,-1.2345882822214715,408.4210446006374
2021-10-07 00:00:00+05:30,24.5,24.75,24.200000762939453,24.25,7486202,0.0,0.0,-233023032.99133125,319767207,-0.4779618136997453,1634954.302231787,-0.9183479167730436,0.6611750499796017,84085098.63841014,23.91855422309442,52.53144444264896,1039.208468737938,23.79000005722046,24.897971267561285,22.682028846879636,9.314596113290436,0.7075865954305971,0.0,0.0,23.998333485921226,24.88833344777425,23.108333524068197,7.417181383658587,0.6413856881267687,0.0,0.0,22.600000381469727,25.799999237060547,24.199999809265137,13.451025001656502,0.5156250651926035,0.9133009066195749,5.234703039681015,0.2386851435547115,0.15663248756062398,0.08205265599408751,23.74583339691162,23.6480770111084,23.896962531832838,23.658277388278126,1.0583332286940847,0.9624999423821858,0.09583328631189891,0.1146408773636109,25.098427242842,-0.6899996757507338,44.72764718921445,39.18666687775293,5.540980311461524,23.950000762939453,23.84999942779541,23.90000009536743,23.22499942779541,99.3272954697094,26.313391722201363,27.63250270536135,12.335231881139244,69.72791621781914,22.487499713897705,25.175000190734863,24.0,0.0,24.0,22.75000035095215,24.900314318969727,0.0,0.0,56.47397579651046,0.8167453710529845,0.8558008371376697,0.9022254482147375,8.109391304214554,29.032227049800216,63.46151447860799,64.74357046319464,-36.53848552139201,1.0610292490790876,5.664484504766709,1.008886402156109,0.6642193788162893,0.3446670233398197,-2.420586466567333,-6.481386566825161,4.060800100257827,23.704796680389187,0.41408026107376816,0.41322530807583746,410.5263157894737
2021-10-08 00:00:00+05:30,24.399999618530273,24.549999237060547,24.200000762939453,24.25,5040912,0.0,0.0,-236623700.11756557,324808119,-0.463404162883306,1401389.4019129605,-0.6943184274181259,1.216121173556592,84085098.63841014,23.989675979899935,53.764868334330124,1039.208468737938,23.755000019073485,24.75294784049537,22.7570521976516,8.402002278430713,0.7480089491158138,0.0,0.0,24.143333435058594,25.01833324432373,23.268333625793456,7.248376133467535,0.5609523361102156,0.0,0.0,22.600000381469727,25.200000762939453,23.90000057220459,10.945065794073336,0.6346151447860798,0.8569706633697267,4.804868134570984,0.24916729562382045,0.17513944917326327,0.07402784645055718,23.84166669845581,23.736538520226112,23.951275988473938,23.702108692850118,1.1171170443589136,0.9369368703709209,0.1801801739879927,0.1255550519969902,25.082179753221844,-0.7550000190734849,46.83629452217224,40.00047236458311,6.835822157589128,24.324999809265137,23.84999942779541,24.087499618530273,23.22499942779541,99.66364773485469,27.1677244750445,26.86651198996954,11.993291334026786,71.52229327372049,22.487499713897705,24.97499942779541,20.0,0.0,20.0,22.846000321655275,24.900314318969727,0.0,0.0,56.47397579651046,0.8167453710529845,0.7947159608219979,0.8558008371376696,8.780262439845345,28.573535032513593,63.46151447860799,62.17945849402131,-36.53848552139201,1.112352696587056,4.9783532447591465,1.0512452662027632,0.7416245562935841,0.309620709909179,-5.7390801152178295,-6.332925276503695,0.5938451612858655,23.8036478566942,0.0,0.0,410.5263157894737
2021-10-11 00:00:00+05:30,24.5,25.100000381469727,24.299999237060547,24.600000381469727,13330130,0.0,0.0,-239956208.78146976,338138249,-0.4275278013601091,1867698.14235983,1.9504702455630551,1.7847139529927876,84277492.47696853,24.116963754835925,61.63550347903489,1039.208468737938,23.772500038146973,24.815800080261848,22.729199996032097,8.777369148728365,0.8965783139648525,0.0,0.0,24.215000025431316,24.91999994913737,23.51000010172526,5.822836448198577,0.7730499274485982,0.0,0.0,22.600000381469727,25.200000762939453,23.90000057220459,10.937008633074303,0.7692306563699199,0.8562736351797267,4.300812572271067,0.28246055293909933,0.19660366992643047,0.08585688301266886,23.97500006357829,23.828846197861893,24.05107974124252,23.768619188303422,1.1321584178182318,0.8149779461771441,0.31718047164108765,0.13795253571604166,25.12616210918137,-1.0225000381469727,47.78170216784499,41.00677892966158,6.774923238183412,24.324999809265137,23.875,24.09999990463257,23.22499942779541,99.83182386742735,28.43596042996785,29.424441378308618,11.182550921062715,121.43596930926365,22.487499713897705,24.97499942779541,16.0,0.0,16.0,22.938160293530274,24.900314318969727,0.0,0.0,59.757988622809705,1.0,0.8778302473686564,0.8427823484427747,10.237457931795852,30.600206558551303,75.99998474121094,67.64100456614229,-24.000015258789062,1.0736761990715493,6.956523397694463,1.1883759451962554,0.8309748340741184,0.357401111122137,-0.5839815879384113,-5.183136538790639,4.599154950852228,23.876146809938028,1.443300542143211,1.4329841061724302,417.8947448730469
2021-10-12 00:00:00+05:30,24.700000762939453,26.799999237060547,24.549999237060547,26.399999618530273,42314387,0.0,0.0,-212686922.81110743,380452636,-0.1675047865371717,12481721.8815491,5.184403858998768,1.9253211132896604,87373665.77516317,24.66897908469448,71.82463391743912,1039.208468737938,23.905000019073487,25.45383815029777,22.356161887849204,12.958277598732359,1.3054423342110668,1.0,0.0,24.409999910990397,25.254999796549477,23.565000025431313,6.9233911400272286,1.6775147793204874,1.0,0.0,22.600000381469727,26.799999237060547,24.699999809265137,17.569541318718663,0.9047619696377263,0.995646271661754,3.817049391100067,0.448915772846906,0.24706609051052558,0.2018496823363804,24.27916669845581,23.986538520226112,24.41245203005602,23.963536257209114,1.1115383735069861,0.7307692307692307,0.3807691427377554,0.16555398698435492,24.924063396978138,0.045000743865966086,59.29495848612491,43.30019979763701,15.994758688487899,25.149999618530273,24.549999237060547,24.84999942779541,23.72499942779541,99.91591193371367,30.65190446585036,36.87780279803724,9.37579452698691,251.67855715266518,22.449999809265137,24.97499942779541,100.0,0.0,100.0,23.026633866530275,24.900314318969727,0.0,0.0,71.61804280079966,1.0,0.9389151236843283,0.8704871106249942,15.84884839530126,42.06007225468119,90.2439081122824,76.56846911070043,-9.7560918877176,1.1598525776582598,16.043954367166037,1.8733285773373938,1.0394455827267737,0.8338829946106201,22.68217281494187,0.38992533195586354,22.292247482986006,24.56614814749001,7.317069955886746,7.061753725744335,455.78946565326885
2021-10-13 00:00:00+05:30,26.649999618530273,27.399999618530273,25.799999237060547,26.299999237060547,40577162,0.0,0.0,-227903364.6075743,339875474,-0.19756200707909913,10118942.80147653,3.6473735103390204,2.1858470503846776,87219963.81540592,25.112083515887868,80.05048235172816,1035.272057949984,24.017500019073488,25.885995096113476,22.1490049420335,15.559446866294355,1.1107854513598514,1.0,0.0,24.674999872843422,25.64499994913737,23.70499979654948,7.862209372179163,1.337628472373793,1.0,0.0,22.600000381469727,27.399999618530273,25.0,19.985424100129613,0.7708332174353946,1.0560816826425512,3.196398308128059,0.5662363190067587,0.3109001362097722,0.25533618279698655,24.47499990463257,24.061538476210373,24.702843908056717,24.13660758904996,1.1879430949990808,0.7056737938827138,0.482269301116367,0.20087860729637508,24.836359089779748,-0.1674996376037612,68.58773088346504,46.95553750154131,21.632193381923734,25.449999809265137,25.0,25.22499990463257,24.024999618530273,99.95795596685684,32.97357308594017,36.946313243455705,8.343445821497994,249.82674870178178,23.28749990463257,24.97499942779541,100.0,36.0,64.0,23.25303578876209,24.900314318969727,0.0,0.0,70.37709827127338,0.9526000544627495,0.9842000181542497,0.933648463069078,19.891144862896283,41.63989730643721,76.59573086573764,80.94654123974365,-23.40426913426236,1.4061761238995736,9.812101875827546,2.3459648043648142,1.3007494270543818,1.0452153773104325,33.14567704328893,6.941075674222477,26.204601369066452,25.012314127248352,-0.37878932922231767,-0.37950855280457496,453.68419446443255
2021-10-14 00:00:00+05:30,26.350000381469727,27.0,25.899999618530273,26.100000381469727,17678034,0.0,0.0,-239153000.31457445,322197440,-0.2262182652596669,8168295.748537653,-0.9333596575479731,2.352921998615986,87085530.86211087,25.26455090070495,73.982510619885,1027.3993114548668,24.117500019073486,26.195305145364124,22.039694892782848,17.230684147589027,0.9770660003942385,0.0,0.0,24.91499989827474,25.945000012715656,23.88499978383382,8.26811253177843,1.0752428890933687,1.0,0.0,22.600000381469727,27.399999618530273,25.0,19.902557202298894,0.7291667825646054,1.0604735525252686,2.1807280053514515,0.6357469656204024,0.3758695020918983,0.25987746352850416,24.66249990463257,24.16923082791842,24.917791057812565,24.282044092192162,1.204081492309493,0.7278911705852082,0.47619032172428466,0.23766953650387837,24.674804894610364,-0.31750078201293874,77.88694481220782,51.867399051577046,26.01954576063077,25.625,25.0,25.3125,24.024999618530273,99.97897798342842,35.129408233166416,34.16140142569356,7.714539745916454,187.1705161234772,23.28749990463257,24.97499942779541,96.0,32.0,64.0,23.584792895143547,24.900314318969727,0.0,0.0,67.84512506710715,0.7973802633969148,0.9166601059532216,0.9465917492639332,22.429012613260145,39.67464094473956,72.34043502980538,79.7266913359418,-27.659564970194626,1.6474995556999659,9.43396211325908,2.6181772967986063,1.5642350010032269,1.0539422957953795,29.74537390186221,11.501935319750423,18.243438582111786,25.2318111860913,-0.7604519444585844,-0.7633581230268138,449.4736922414679
2021-10-18 00:00:00+05:30,26.450000762939453,27.700000762939453,26.399999618530273,26.700000762939453,33652298,0.0,0.0,-257273422.89213085,355849738,-0.26821404990459186,9885880.875508405,2.317824424818147,1.2756534050636472,87859147.38863277,25.610830122716916,76.61805738513175,1027.3993114548668,24.262500095367432,26.617680496830666,21.9073196939042,19.41416088371635,1.0174764247481092,1.0,0.0,25.234999910990396,26.350000063578285,24.119999758402507,8.836934071890227,1.156950964781854,1.0,0.0,22.600000381469727,27.700000762939453,25.15000057220459,21.020094225341175,0.8039215832937215,1.1144262354197143,1.8995084577651726,0.7308251725646286,0.4468606361864444,0.28396453637818425,24.90416669845581,24.236538520226112,25.191977166293626,24.461151993728997,1.2318839558130936,0.7826087136800423,0.44927524213305137,0.27825196252571854,24.634969986152107,-0.4625008583068855,89.5157789137569,57.697369367009614,31.81840954674729,25.875,25.15000057220459,25.512500286102295,24.175000190734863,99.98948899171421,37.42025357607266,35.17400338074045,6.899850548226633,193.44350307192988,23.3125,24.97499942779541,100.0,28.000000000000004,72.0,23.890009433014484,24.900314318969727,0.0,0.0,71.19345068846029,0.9771978219409112,0.9090593799335253,0.9366398346803321,25.710453609921174,40.751884656316356,76.19048051552899,75.04221547035733,-23.809519484471007,2.0273525462431046,12.184880751437683,2.9876972791468988,1.8489274566319613,1.1387698225149374,32.979326857368676,15.797413627274073,17.1819132300946,25.58800321591124,2.2988520026831605,2.2728265036369155,462.105279219778
2021-10-19 00:00:00+05:30,24.700000762939453,25.649999618530273,23.5,23.700000762939453,39695453,0.0,0.0,-289583645.85134196,316154285,-0.3341503503039477,-8538724.820992796,-13.405187430465128,0.25923224578920884,83398984.25765279,25.45004052422928,64.26448142298923,1027.3993114548668,24.297500133514404,26.59673359586467,21.99826667116414,18.925679182763755,0.3700655282817191,0.0,0.0,25.2349999109904,26.460000101725264,24.009999720255532,9.708739409991843,-0.12653016695863276,0.0,1.0,22.600000381469727,27.700000762939453,25.15000057220459,20.989815221505502,0.21568633317488628,1.322983688171688,3.3522151195823953,0.5576719139304487,0.46902289173524525,0.08864902219520343,24.895833492279053,24.18846159714919,24.96244233500837,24.40477042107792,0.9907119806992871,0.8297213783173101,0.16099060238197704,0.29405497768270805,24.779880395907625,-0.5475001335144043,87.04312273837095,62.798089427814574,24.24503331055638,25.600000381469727,25.15000057220459,25.375000476837158,24.175000190734863,49.994744495857105,35.620308960618395,28.656029307070867,22.414664969593296,-9.832841440448846,23.53749942779541,24.97499942779541,96.0,24.0,72.0,23.890009433014484,27.700000762939453,0.0,1.0,45.61618049366128,0.0,0.591526028445942,0.8057485047775629,18.504107139154254,33.43815934342354,4.761922062115976,51.09761253581677,-95.23807793788403,1.9427937339333923,-0.4201616694398021,2.285093874305814,1.9361607401667318,0.348933134139082,36.241729175981,19.88627673701546,16.35545243896554,25.56914708247385,-11.23595473511786,-11.918851364809191,398.9473844829359
2021-10-20 00:00:00+05:30,23.950000762939453,24.149999618530273,22.100000381469727,23.049999237060547,16491172,0.0,0.0,-290790329.6972728,299663113,-0.32774818805817824,-8850233.698498324,-18.024786247644915,-0.9281690043365831,82946693.68303418,25.324731023694817,61.43418650473247,999.2216279681692,24.30250005722046,26.59039763010994,22.01460248433098,18.8284955663212,0.2262769026460224,0.0,0.0,25.09166653951009,26.416666539510096,23.76666653951009,10.561275377333889,-0.2704404914903933,0.0,1.0,22.100000381469727,27.700000762939453,24.90000057220459,23.04289833673274,0.1696426412280872,1.395685243060574,4.802961933197992,0.36380331989987624,0.4479789773681715,-0.08417565746829525,24.83750009536743,24.142307721651516,24.668220319939472,24.304417000039596,0.9075629515794233,0.9075629515794233,0.0,0.28673195291349923,25.004591575830613,-0.20249967575073313,81.78947100756491,67.05151674674691,14.737954260818,24.90000057220459,24.90000057220459,24.90000057220459,24.175000190734863,24.997372247928553,33.37334471592501,25.40780324734237,27.615043361663265,-104.42885644538181,23.53749942779541,24.97499942779541,92.0,100.0,-8.0,23.890009433014484,27.700000762939453,0.0,0.0,42.08800414480685,0.0,0.3257326073136371,0.6087726718977015,11.640766003849173,35.0607599149482,16.96426412280872,32.63888890015122,-83.03573587719129,1.4077939033508287,-2.9473716334292765,1.496860919968924,1.8483007761271704,-0.35143985615824636,30.425761652206536,21.994173720053677,8.431587932152858,25.48455256170713,-2.742622383773663,-2.780934398929169,385.2631418328536
2021-10-21 00:00:00+05:30,23.350000381469727,24.0,23.100000381469727,23.399999618530273,10403247,0.0,0.0,-294258093.39551526,310066360,-0.32783597062422465,-7065751.681780879,3.676736787434446,-0.7737224319986099,83104660.73461957,25.275269988482833,62.26466668878586,1014.394207687797,24.317500019073485,26.577428253098248,22.057571785048722,18.586846774974262,0.29700673969871777,0.0,0.0,24.99666659037272,26.30166651407877,23.691666666666666,10.441391607060629,-0.11174983340538883,0.0,1.0,22.100000381469727,27.700000762939453,24.90000057220459,23.02868459783018,0.23214270509020227,1.351116795048462,5.808081012979397,0.2356863228717998,0.4055204464688972,-0.16983412359709738,24.77916669845581,24.128846168518066,24.473109442799597,24.237423119927797,0.9590162960504758,0.9262293954268667,0.032786900623609117,0.26671493745545244,25.134321490358772,0.13250074386596822,77.9634296156616,70.74438146079659,7.219048154865007,24.90000057220459,24.90000057220459,24.90000057220459,24.175000190734863,12.498686123964276,31.28687791728115,24.04744257550959,26.136504718457545,-75.08625747777401,23.53749942779541,24.97499942779541,88.0,96.0,-8.0,23.890009433014484,27.476000747680665,0.0,0.0,44.573908664640015,0.08418223046682925,0.02806074348894316,0.31510645974950735,7.438463915148004,35.22968153840772,23.214270509020224,14.980152231314966,-76.78572949097978,0.7566175685209373,-2.904567435101277,0.9724066857504359,1.6731219580518237,-0.7007152723013879,23.282839807558446,22.251906937554633,1.030932870003813,25.450570459808368,1.5184398830998092,1.5070269718199025,392.6315709164268
2021-10-22 00:00:00+05:30,23.600000381469727,23.850000381469727,22.899999618530273,23.100000381469727,7522820,0.0,0.0,-298613400.69836587,302543540,-0.3269373607014145,-6378764.335889872,-2.2099467315803105,-0.7640192489447815,83008214.56806679,25.24989300687008,61.80836135465203,1001.3891866046347,24.322500038146973,26.571160847526784,22.073839228767163,18.49037562629706,0.22817161850781376,0.0,0.0,24.8849999109904,26.229999987284344,23.539999834696452,10.809725385612158,-0.16356856069447726,0.0,1.0,22.100000381469727,27.700000762939453,24.90000057220459,23.02395055067031,0.1785714164072162,1.3110051918375611,6.824113750745859,0.10869231115697531,0.3461548194065128,-0.23746250824953752,24.666666666666668,24.092307750995342,24.261861894902694,24.15316958374572,0.962765821454341,0.9202126774544124,0.0425531439999286,0.23617631472899991,25.21730597439698,-0.17250041961669993,72.30631970892722,73.57438425932492,-1.2680645503976962,24.90000057220459,24.90000057220459,24.90000057220459,24.175000190734863,6.249343061982138,29.511118588434204,22.736466959853367,25.85935463983995,-93.69734664948605,23.53749942779541,24.97499942779541,84.0,92.0,-8.0,23.890009433014484,27.260960733032228,0.0,0.0,42.875051439845386,0.0266524302323868,0.03694488689973876,0.13024607923410628,3.610887204086983,29.086987730570048,17.85714164072162,19.34522542418351,-82.14285835927838,0.10632349463070057,-5.521473780548977,0.45001261958646466,1.4285000903587521,-0.9784874707722875,15.974775001840236,20.996480550411754,-5.021705548571518,25.391347254771294,-1.2820480425263736,-1.2903372019941628,386.31579750462583
2021-10-25 00:00:00+05:30,23.299999237060547,23.350000381469727,22.600000381469727,22.75,6360523,0.0,0.0,-302429720.9686245,296183017,-0.32671205690073685,-5785538.784526601,-4.71658877576113,-1.5932564556021005,82911842.90401553,25.229714067046572,59.1027585598054,986.216606885007,24.322500038146973,26.571160847526784,22.073839228767163,18.49037562629706,0.15034743532959177,0.0,0.0,24.74166660308838,26.126666831970216,23.356666374206544,11.195690663044932,-0.21901309528891877,0.0,1.0,22.100000381469727,27.700000762939453,24.90000057220459,23.02395055067031,0.11607135254510113,1.254904672653805,7.886797867481729,-0.019963338835495392,0.2729311877581112,-0.2928945265936066,24.550000031789143,24.040384659400353,24.029267757225355,24.04923109606085,0.9320651264069155,1.0027172456729887,-0.07065211926607318,0.19667149494983333,25.214478554385643,-0.07250003814697337,65.9131571633387,75.58899036993533,-9.675833206596636,24.90000057220459,24.90000057220459,24.90000057220459,24.175000190734863,3.124671530991069,28.10782450616719,21.729317784263515,26.485733262755662,-124.86087446480931,23.549999713897705,24.97499942779541,80.0,88.0,-8.0,23.890009433014484,27.054522318969727,0.0,0.0,40.9157565777453,0.0,0.03694488689973876,0.033983505762806815,-0.08178725294014051,28.364397966460526,11.607135254510112,17.55951580141731,-88.39286474548989,-0.731470573649684,-5.797099961260682,-0.08301029981272579,1.1261980123244566,-1.2092083121371824,9.121241480882924,18.621432736505987,-9.500191255623063,25.304030001314185,-1.5151531415146136,-1.5267488644629346,378.94736842105266
2021-10-26 00:00:00+05:30,22.799999237060547,23.200000762939453,22.799999237060547,22.850000381469727,5123180,0.0,0.0,-306272081.5394917,301306197,-0.3494127108513407,-4885844.678974505,0.19518903412528849,-1.6939498786859575,82934362.46244797,25.219780778012353,57.82628845769417,990.5516414740304,24.267500019073488,26.60208249416946,21.932917543977517,19.24040361191769,0.19641260209804964,0.0,0.0,24.569999949137372,25.91500021616618,23.22499968210856,10.948313144591863,-0.13940491679872696,0.0,1.0,22.100000381469727,27.700000762939453,24.90000057220459,23.07613218118184,0.13392856230541214,1.1744142816823697,8.777989665444919,-0.11255718416721905,0.19583351337304516,-0.3083906975402642,24.43333339691162,24.00384624187763,23.847842007109104,23.960399191276323,0.9269662403636049,1.0196628322536456,-0.09269659189004076,0.1533741667744624,25.085641066888673,-0.01750001907348775,55.78686078652093,75.199201736646,-19.41234095012507,24.90000057220459,24.90000057220459,24.90000057220459,24.175000190734863,1.5623357654955345,26.804765715490674,21.124676822953713,25.748740073186443,-111.90845723899538,23.63749933242798,24.97499942779541,76.0,84.0,-8.0,23.890009433014484,26.856341441469727,0.0,0.0,41.73501442724502,0.026683936288905405,0.01777878884043081,0.03055618754663603,-2.7155818657300266,28.54001930205366,13.392856230541213,14.285711041924307,-86.60714376945879,-1.0163234878988838,-5.773194303217622,-0.46976339279105034,0.8070057313013552,-1.2767691240924055,2.5422542705288476,15.405597043310559,-12.863342772781712,25.199930357666506,0.43956211635045594,0.43859886377717316,381.052639609889
2021-10-27 00:00:00+05:30,22.950000762939453,23.100000381469727,22.649999618530273,22.700000762939453,4509537,0.0,0.0,-309779477.96851724,296796660,-0.35425971444477267,-4284499.557656455,-1.2473585507210971,-1.798421134045215,82904759.45069937,25.215775855001798,59.746507459353076,984.0491309324492,24.210000038146973,26.637673808634958,21.782326267658988,20.05513231443843,0.18900284429402645,0.0,0.0,24.260000038146973,25.425000381469726,23.094999694824217,9.604289707262007,-0.16952738861783015,0.0,1.0,22.100000381469727,27.700000762939453,24.90000057220459,23.130939168302245,0.1071429179639191,1.101972929808078,9.64245245442609,-0.1957852982652355,0.11750975104538902,-0.3132950493106245,24.304166793823242,23.99230780968299,23.671251046467617,23.867036344732853,0.9154518674830043,1.0291544018984065,-0.11370253441540212,0.10790881859283755,24.972521012953838,0.3900003433227539,38.300964568044996,71.83400547937711,-33.533040911332115,24.90000057220459,24.90000057220459,24.90000057220459,24.175000190734863,0.7811678827477673,25.729119112436713,20.51006186244391,25.969407006477653,-111.80656775195104,23.749999523162842,24.97499942779541,72.0,80.0,-8.0,23.890009433014484,26.66608779906973,0.0,0.0,40.82068560881939,0.0,0.008894645429635209,0.021206107056601517,-5.116242726297083,27.097432680190543,10.71429179639191,11.904761093814402,-89.2857082036081,-1.0369117231930005,-6.391749431177512,-0.8203167558692003,0.4815412338672441,-1.3018579897364444,-3.528512445452096,11.618775145558029,-15.147287591010125,24.69673543676746,-0.656453461821016,-0.6586175937707051,377.89475290398855
2021-10-28 00:00:00+05:30,22.799999237060547,22.850000381469727,22.049999237060547,22.149999618530273,7006243,0.0,0.0,-315034156.04247695,289790417,-0.3625088797611885,-4222919.859135362,-4.852823959460302,-2.0794551370943046,82735004.31684493,25.159824803205375,59.99446758938449,984.0491309324492,24.12750005722046,26.71235501695993,21.54264509748099,21.426628980286083,0.11748328832935763,0.0,0.0,23.845000076293946,24.930000495910644,22.759999656677245,9.100443834306192,-0.2811058996467795,0.0,1.0,22.049999237060547,27.700000762939453,24.875,23.417268728543934,0.01769917778104859,1.0717757512681882,10.661713558996725,-0.30263607384172886,0.033480586067965445,-0.3361166599096943,24.10000006357829,23.961538534898025,23.437212365246488,23.739848439088217,0.8760806336661353,1.0230547274806217,-0.14697409381448634,0.05825928154311492,24.92390527743181,2.2724995613098145,20.541824821859112,65.46232548044946,-44.920500658590356,24.875,24.875,24.875,24.175000190734863,0.39058394137388364,25.250184247549537,19.42787939392514,28.55642912330599,-130.28651591490618,23.712499618530273,24.97499942779541,68.0,100.0,-32.0,23.890009433014484,26.48344430236573,0.0,0.0,37.57050844353973,0.0,0.008894645429635209,0.011856026566567002,-8.17534034780278,30.84385725196744,1.769917778104859,8.625688601679318,-98.23008222189515,-1.1980882700751785,-9.959352540437147,-1.2748020469390675,0.13027257770598183,-1.4050746246450494,-7.167074749891618,7.8616051664681,-15.028679916359717,24.147620273164403,-2.4229124490036336,-2.4527478827989224,366.3157814427426
2021-10-29 00:00:00+05:30,22.149999618530273,22.399999618530273,21.799999237060547,22.0,6311649,0.0,0.0,-317138025.6663576,283478768,-0.35597572018207657,-3754894.871015594,-3.327186958533115,-2.26751717503109,82692261.88079067,25.09863699961204,59.83622410047,977.3851581650895,24.03750009536743,26.78210847027433,21.29289172046053,22.836055030829495,0.1288177005514411,0.0,0.0,23.418333371480305,24.453333791097005,22.383332951863608,8.83923209392142,-0.1851849258213687,0.0,1.0,21.799999237060547,27.700000762939453,24.75,24.544988049801276,0.033898425629586525,1.024598214288342,11.651506162167978,-0.3948680063403529,-0.05218913241369823,-0.3426788739266547,23.733333428700764,23.91923082791842,23.21610277059318,23.610970776933534,0.8636363242283477,1.0369317836998042,-0.17329545947145653,0.006598086159887909,24.906025696894986,2.262499141693116,2.606342886814375,55.80572147745586,-53.19937859064149,23.72499942779541,24.75,24.237499713897705,24.175000190734863,0.19529197068694182,25.01186170462078,18.63377083754722,29.092304941842617,-129.6296561750919,23.712499618530273,24.97499942779541,64.0,100.0,-36.0,23.890009433014484,26.217437598447418,0.0,0.0,36.71199718231739,0.0,0.0,0.005929763619756732,-10.927676844193577,27.345287614406697,3.3898425629586524,5.291350712485131,-96.61015743704135,-1.3589707430671218,-16.66666546253241,-1.6723920844716584,-0.23026035472954626,-1.4421317297421121,-10.663403780492526,4.1566033770759745,-14.8200071575685,23.68780899752431,-0.6771991923863796,-0.6795025910718788,363.15789473684214
2021-11-01 00:00:00+05:30,22.049999237060547,23.0,22.049999237060547,22.899999618530273,6726319,0.0,0.0,-311827778.08888113,290205087,-0.3388491730405367,-2353669.241711519,6.002547685406136,-1.9780830721851557,82967429.35961398,25.054801804114476,58.67868604598698,977.3851581650895,23.995000076293945,26.78209539779226,21.207904754795628,23.23063398738515,0.30355884326643534,0.0,0.0,22.989999961853027,23.990000343322755,21.9899995803833,8.699437869760878,0.45499984550481914,0.0,0.0,21.799999237060547,27.700000762939453,24.75,24.588462209291094,0.18644069440403452,1.022138392859508,12.256666542590878,-0.39083473025178606,-0.11991825198131581,-0.2709164782704703,23.450000127156574,23.915384659400353,23.167471516429657,23.558306246681443,0.8732394774833537,1.0338028274956843,-0.16056335001233057,-0.03690636387887471,24.969740045233046,2.105000305175782,-14.291056455066059,44.54636823374064,-58.83742468880669,22.97499942779541,24.75,23.862499713897705,24.175000190734863,0.09764598534347091,24.055214481846075,21.461166750471346,27.103837781515438,-85.55760591156702,23.5625,24.97499942779541,60.0,96.0,-36.0,23.890009433014484,25.86404252953647,0.0,0.0,44.85430296966488,0.23326348324704677,0.07775449441568233,0.02888304661510577,-10.904713622562982,34.51000758178368,18.644069440403452,7.934609927155646,-81.35593055959654,-1.3857355847078203,-12.927755578559777,-1.6590103132174083,-0.5160103464271186,-1.1429999667902897,-13.259338353693762,0.673415030922027,-13.93275338461579,23.551117974564978,4.090907356955786,4.009444054381106,382.1052551269531
2021-11-02 00:00:00+05:30,23.100000381469727,23.350000381469727,22.799999237060547,22.899999618530273,4566444,0.0,0.0,-314733694.1187051,294771531,-0.33727647672745625,-2017430.7786098737,6.624426672689776,-1.875224299778655,82967429.35961398,24.83325798723542,50.69375321187701,977.3851581650895,23.935000038146974,26.761853501008183,21.108146575285765,23.621085927351945,0.3169341932267827,0.0,0.0,22.863333257039386,23.703333791097005,22.02333272298177,7.348014610240526,0.5218252012970569,0.0,0.0,21.799999237060547,27.700000762939453,24.75,24.650100340403753,0.18644069440403452,0.9749246680144752,12.833322002719909,-0.3832207990684111,-0.17257876139873488,-0.21064203766967624,23.18333339691162,23.921153875497673,23.12632199367591,23.50954279274432,0.8909657787338681,1.1214952038223964,-0.23052942508852836,-0.0730562781281332,24.690077117105236,2.765000724792479,-21.24264640810671,33.0983551875549,-54.34100159566161,22.899999618530273,24.75,23.824999809265137,24.175000190734863,0.048822992671735455,22.765264570739813,23.102169962162602,26.04924753351394,-58.046390847342835,23.4375,24.97499942779541,56.00000000000001,92.0,-35.99999999999999,23.890009433014484,25.538919066138394,0.0,0.0,44.85430296966488,0.23613580517703323,0.15646642947469339,0.07807364129679183,-10.88640570907842,32.88376417491857,18.644069440403452,13.559327147921843,-81.35593055959654,-1.3383826704586248,-12.260539142410758,-1.6300648738548986,-0.7388212519126747,-0.891243621942224,-17.03189491032599,-2.867646957327576,-14.164247952998412,23.524510095126505,0.0,0.0,382.1052551269531
2021-11-03 00:00:00+05:30,23.100000381469727,23.200000762939453,22.75,22.899999618530273,4263345,0.0,0.0,-316154821.1656258,299034876,-0.3416659728326717,-1729226.3816656063,-1.05550498027824,-2.211144191965602,82967429.35961398,24.389006354536598,36.73539238347241,977.3851581650895,23.857499980926512,26.708513044633463,21.00648691721956,23.900350547930554,0.3320771702899047,0.0,0.0,22.84833329518636,23.52833398183187,22.168332608540855,5.9523001337587225,0.5379899052740552,0.0,0.0,21.799999237060547,27.700000762939453,24.75,24.73017512562428,0.18644069440403452,0.922432277506973,13.384774329305754,-0.3728882797758182,-0.21264066507415155,-0.16024761470166662,22.86666663487752,23.880769216097317,23.091503166730426,23.464391446506244,0.7953021641995957,1.181207888738904,-0.38590572453930827,-0.10262556069593198,24.443060141845955,-0.15749921798705913,-29.35928269088468,21.173609375716424,-50.53289206660111,22.824999809265137,24.75,23.78749990463257,24.175000190734863,0.024411496335867727,21.61909168361706,22.336396328792894,25.554082997932664,-56.26033167473168,23.5625,24.97499942779541,52.0,88.0,-36.0,23.890009433014484,25.239805479812166,0.0,0.0,44.85430296966488,0.23613580517703323,0.23517836453370447,0.15646642947469333,-10.871504913954674,34.28888396808464,18.644069440403452,18.644069440403452,-81.35593055959654,-1.2816178882823266,-14.23221361732587,-1.589166634156795,-0.9088903283614987,-0.6802763057952962,-20.456673186822314,-6.385452203226524,-14.07122098359579,23.51872961774516,0.0,0.0,382.1052551269531
2021-11-04 00:00:00+05:30,23.0,23.100000381469727,22.850000381469727,23.0,1948111,0.0,0.0,-315765204.9107888,300982987,-0.3162455456089083,-1454363.778121181,0.0,-2.1444756449978897,82975936.42714195,24.148935173571452,42.07533231717787,981.6532319767706,23.8,26.67141089606828,20.92858910393172,24.129503328304875,0.36069565991140246,0.0,0.0,22.79666665395101,23.41166737874349,22.18166592915853,5.395532023414409,0.6653114686308703,0.0,0.0,21.799999237060547,27.700000762939453,24.75,24.789922377642462,0.2033899072188278,0.8551890497562757,13.884406883623813,-0.3525663236341643,-0.24062579678615412,-0.11194052684801017,22.8083332379659,23.848076893733097,23.07742575646421,23.429992080098373,0.7829183098591549,1.1708183947055828,-0.3879000848464279,-0.1255326199382785,24.25971343721788,-0.7500007629394538,-38.322893065579365,8.881474622993473,-47.20436768857284,22.574999809265137,24.75,23.66249990463257,24.175000190734863,0.012205748167933864,20.55478828843165,21.902042461291497,25.057157951599397,-49.93619715390219,23.5625,24.97499942779541,48.0,84.0,-36.0,23.890009433014484,24.964620980392038,0.0,0.0,45.82161251637424,0.26418884379203916,0.24548681804870195,0.21237720401903318,-10.599897178984506,36.50638460940642,20.33899072188278,19.209043200896552,-79.66100927811722,-1.13911778506111,-2.953589621963513,-1.5047650141274995,-1.028065265514699,-0.4766997486128006,-25.45445841062443,-10.199253444706105,-15.255204965918324,23.505918262253036,0.43668289578837616,0.43573220270225477,384.2105263157895
2021-11-08 00:00:00+05:30,23.149999618530273,23.200000762939453,22.700000762939453,22.799999237060547,3858691,0.0,0.0,-318080443.0623696,297124296,-0.30664617222105195,-1356846.258953527,-0.3239391095357653,-2.3331730403088833,82942382.46436162,23.359422857359863,22.788854148304026,981.6532319767706,23.727499961853027,26.62292321538787,20.832076708318183,24.405632773700127,0.3398333087122665,0.0,0.0,22.758333333333333,23.328333981831868,22.188332684834798,5.009159854985296,0.5365489967748003,0.0,0.0,21.799999237060547,27.700000762939453,24.75,24.865668677123196,0.16949148158924127,0.8196701447806483,13.921451527904974,-0.34858119009802024,-0.26221687544852734,-0.0863643146494929,22.78749990463257,23.80961535527156,23.034744753479032,23.383325943577052,0.7374518983853529,1.2548260683024886,-0.5173741699171357,-0.1444060941979038,24.146307578040535,-0.3275003433227539,-47.11693570299721,-3.6774245843771833,-43.439511118620025,22.574999809265137,24.75,23.66249990463257,24.175000190734863,0.006102874083966932,19.74014375159984,21.021580437214414,25.255857116227443,-50.302436998713766,23.5625,24.97499942779541,44.0,80.0,-36.0,23.890009433014484,24.71145124092552,0.0,0.0,44.15346921786806,0.816881038624131,0.4390685625310679,0.3065779150378247,-10.803143867328009,36.29744677252273,25.974023400440622,21.65236118757561,-74.02597659955937,-0.941176347171556,-1.0845987343810484,-1.4907254465816004,-1.1205973017280793,-0.3701281448535212,-27.891163387171847,-13.737635433199255,-14.153527953972592,23.492712465386703,-0.8695685345193604,-0.8733713431011925,379.99998393811677
2021-11-09 00:00:00+05:30,22.850000381469727,23.100000381469727,22.75,22.899999618530273,4421801,0.0,0.0,-318712142.68915635,301546097,-0.296604569394045,-1099842.2524197064,-0.1978879150954077,-1.3897945034967607,82961776.4030274,22.927834213260745,37.304508019594834,981.6532319767706,23.659999942779542,26.566475628636514,20.75352425692257,24.568687175706923,0.36925740890462955,0.0,0.0,22.759999974568686,23.29000066121419,22.229999287923174,4.657299536359526,0.6320749647021026,0.0,0.0,21.799999237060547,27.700000762939453,24.75,24.936608369178984,0.18644069440403452,0.7727031684495561,13.605708906942775,-0.3335092608559016,-0.2764753525300022,-0.057033908325899385,22.7458332379659,23.774999985328087,23.014014732717687,23.34752399357359,0.9108911807274057,1.2376235810090133,-0.32673240028160755,-0.15869030760372166,24.060521754830017,-0.5599995613098159,-55.336467619682914,-16.024461073955386,-39.31200654572753,22.574999809265137,24.75,23.66249990463257,24.350000381469727,0.003051437041983466,18.983688110256022,20.40326667240374,24.512999358995728,-45.852227910940165,23.65000009536743,24.449999809265137,40.0,76.0,-36.0,23.890009433014484,24.47853508061632,0.0,0.0,45.227168994937216,0.9347454859905381,0.6719384561355696,0.4521646122384464,-10.699193014212034,42.11419340776489,46.808519272740256,31.04051113168788,-53.191480727259744,-0.8479409442228416,-2.1367521715857376,-1.428456657535506,-1.1821691728895647,-0.2462874846459413,-29.263278830576393,-16.842764112674683,-12.42051471790171,23.486220136573113,0.43859817901739095,0.4376391403989377,382.1052551269531
2021-11-10 00:00:00+05:30,22.75,23.049999237060547,22.700000762939453,22.799999237060547,4146698,0.0,0.0,-320489324.80093837,297399399,-0.3009716145584431,-1001960.699479713,-0.42202230456536255,-0.13245422184822117,82943668.48212141,22.886859424150515,43.34948991485052,977.3665202167741,23.56999988555908,26.465928225331822,20.67407154578634,24.573002578137686,0.36705460941085294,0.0,0.0,22.74999993642171,23.27500031789144,22.224999554951985,4.61538798186303,0.547618346960875,0.0,0.0,21.799999237060547,27.700000762939453,24.75,25.031826705666347,0.16949148158924127,0.7304326990167099,13.123884249636086,-0.32587733235489225,-0.28635574849498024,-0.039521583859912,22.72083314259847,23.7384614944458,22.98108927184736,23.306966604202252,1.053571485337721,1.1130952570173356,-0.059523771679614645,-0.16981277034802975,23.884351862367822,-0.8199998855590813,-58.14096014344305,-26.740230486342952,-31.4007296571001,22.574999809265137,24.75,23.66249990463257,24.350000381469727,0.001525718520991733,18.34598882889213,19.77682248635938,24.198984896751085,-46.285727439932934,23.65000009536743,24.25,36.0,72.0,-36.0,23.890009433014484,24.264252213131858,0.0,0.0,44.30974395991248,0.8340359607930377,0.8618874951359023,0.6576315046008466,-10.83980502467458,41.614822290849496,45.45452969133908,39.41235745483998,-54.54547030866092,-0.8872055951286768,-1.2987062314069635,-1.3981971051356656,-1.225374759338785,-0.17282234579688072,-30.57711037284447,-19.58963336470864,-10.98747700813583,23.48205612905649,-0.43668289578838726,-0.4376391403989377,379.99998393811677
2021-11-11 00:00:00+05:30,22.799999237060547,22.850000381469727,22.299999237060547,22.549999237060547,3945965,0.0,0.0,-320848056.3559618,293453434,-0.4718893188607977,-999750.7781254684,-4.1814980170160405,-0.6937567078803989,82900401.32058588,22.778784463488122,32.35447978718679,966.6497816978963,23.377499866485596,25.993694906345933,20.76130482662526,22.382162804423416,0.34185035579969125,0.0,0.0,22.724999872843426,23.260000292460123,22.189999453226726,4.708474566426987,0.33644813221991776,0.0,0.0,21.799999237060547,27.700000762939453,24.75,25.237949137312388,0.12711861119193094,0.7123895435559569,12.717308507654657,-0.3361272193429379,-0.2963100426645718,-0.039817176678366095,22.704166412353516,23.678846065814678,22.914767728034004,23.250894947376942,0.8875001281498947,1.1312500491737967,-0.24374992102390203,-0.18007893878742373,23.700137688277295,-0.5274994850158699,-58.7661788020712,-35.552230889001876,-23.213947913069326,22.574999809265137,24.75,23.66249990463257,24.40000057220459,0.0007628592604958665,18.262223086704395,18.799985025697207,26.595950975192455,-61.186859086024405,23.700000286102295,23.675000190734863,32.0,68.0,-36.0,23.890009433014484,24.067111975046153,0.0,0.0,42.01517860141618,0.5821520695031466,0.7836445054289074,0.7724901522334596,-11.546286602529591,33.55186858540735,36.58534542994871,42.94946479800934,-63.41465457005129,-0.9488233566284165,-0.8791242327008928,-1.4456528237028494,-1.2694303722115978,-0.1762224514912516,-31.76850158383585,-22.02540700853408,-9.743094575301768,23.472177223818203,-1.0964912647612457,-1.1025470382686198,374.73682604337995
2021-11-12 00:00:00+05:30,22.649999618530273,23.299999237060547,22.5,22.799999237060547,5032081,0.0,0.0,-322106082.60467553,298485515,-0.48642446307118187,-677212.0598218301,5.1668405070771435,-0.16684333369058063,82956189.36016738,22.729629162607747,41.028931466057266,966.6497816978963,23.202499866485596,25.456491296767645,20.948508436203547,19.42886708977237,0.4107138066237717,0.0,0.0,22.776666514078777,23.31166674296061,22.24166628519694,4.697792177368365,0.5218062738314506,0.0,0.0,21.799999237060547,27.700000762939453,24.75,25.428301087509325,0.16949148158924127,0.7211505129064159,12.198301968854587,-0.32038422801626965,-0.30112487973491137,-0.01925934828135828,22.699999650319416,23.61538446866549,22.89711103711501,23.21749526513128,0.9363060095056374,1.0573251502856282,-0.12101914077999087,-0.18694734749205166,23.575004238033564,-0.5024991035461426,-58.89874660027555,-42.386129720900755,-16.512616879374796,22.699999809265137,24.75,23.72499990463257,24.75,0.00038142963024793324,17.4522521021052,21.489427487164754,24.685979759699773,-37.93058065974735,23.90000009536743,23.675000190734863,28.000000000000004,64.0,-36.0,23.890009433014484,23.885742956007306,0.0,0.0,45.07807045148217,0.9183783247013415,0.7781887849991754,0.8079069285213283,-11.3829283118235,36.11432510100177,64.51608139819626,48.85198550649468,-35.48391860180374,-0.954999946145449,-0.2188233854461038,-1.3799258893246429,-1.2915294756342068,-0.08839641369043605,-31.29113335603573,-23.878552278034412,-7.412581078001317,23.428317302789303,1.108647487620007,1.1025470382686198,379.99998393811677
2021-11-15 00:00:00+05:30,23.0,23.100000381469727,22.399999618530273,22.5,3832883,0.0,0.0,-324843853.192171,294652632,-0.4765409117484185,-744733.476381903,-2.739448279841006,-0.025619012553428928,82905756.81568408,22.709459917838483,42.64542609531729,953.9307375435992,23.02249984741211,24.858385657024165,21.186614037800055,15.948622623780112,0.3576981627407097,0.0,0.0,22.83666655222575,23.381666819254555,22.29166628519694,4.773028198160471,0.19113175479604733,0.0,0.0,21.799999237060547,27.700000762939453,24.75,25.627110717701264,0.11864416642420715,0.7190355379097195,11.554353419432527,-0.3283304363091446,-0.306565991049758,-0.02176444525938659,22.683332920074463,23.551922944875862,22.836017031405007,23.16434746771415,0.9615385838043218,1.0192309526295595,-0.05769236882523776,-0.19336356253466316,23.569447964270903,-0.8725002288818366,-57.11272156874965,-47.14409251131004,-9.968629057439607,22.824999809265137,24.75,23.78749990463257,24.75,0.00019071481512396662,16.836473525761185,20.12738023764274,24.026790492172132,-55.960319248347155,23.90000009536743,23.574999809265137,24.0,60.0,-36.0,23.890009433014484,23.718883458491565,0.0,0.0,42.19755970556826,0.6021727945792357,0.7009010629279079,0.7542447844519967,-11.988740310169064,33.61968025564107,45.161306200601246,48.7542443429154,-54.838693799398754,-0.9891177233527664,-0.881060600077067,-1.417395576399304,-1.3167026957872263,-0.1006928806120777,-32.17895375550932,-25.538632573529398,-6.640321181979921,23.390674720030344,-1.3157861714877095,-1.3245193287763524,373.6842105263157
2021-11-16 00:00:00+05:30,22.549999237060547,22.850000381469727,22.450000762939453,22.549999237060547,3419778,0.0,0.0,-326553766.65235263,298072410,-0.4631474305688208,-613916.3667678537,-1.1696587606391318,-0.12310814075088751,82913356.20639148,22.685242482417852,35.72766793684711,956.0505512807451,22.814999771118163,23.54855300565713,22.081446536579197,6.430447003270034,0.31937198175932824,0.0,0.0,22.833333269755048,23.323333422342934,22.343333117167155,4.291972151406748,0.21088373013957648,0.0,0.0,21.799999237060547,25.649999618530273,23.72499942779541,16.874864870011955,0.19480517550330467,0.6871319459717748,10.905273442480832,-0.3268258975558851,-0.31061797235098343,-0.016207925204901663,22.716666221618652,23.486538300147423,22.79201429381355,23.118840191369436,0.9483874175102887,1.0387098060313533,-0.09032238852106467,-0.19843451916713517,23.604942907714694,-0.8149997711181634,-57.489998640001104,-51.17157609263164,-6.318422547369465,22.799999237060547,24.75,23.774999618530273,24.75,9.535740756198331e-05,16.264679133441742,19.3717958780146,23.124821786180544,-70.78578197322689,23.90000009536743,23.22499942779541,20.0,56.00000000000001,-36.00000000000001,23.890009433014484,23.565372720777084,0.0,0.0,42.85298864814857,0.6741219294817762,0.7315576829207845,0.7368825102826225,-12.33597938168849,32.083910681922845,48.3870610486472,52.68814954914823,-51.6129389513528,-1.005882347331326,1.8058673833819898,-1.413677740105204,-1.3360977046508218,-0.0775800354543823,-33.304161280202706,-27.091738314864063,-6.212422965338643,23.349752896115945,0.22221883138020537,0.2219722905077326,374.73682604337995
2021-11-17 00:00:00+05:30,22.549999237060547,22.799999237060547,22.350000381469727,22.450000762939453,4519703,0.0,0.0,-329064699.9920989,293552707,-0.345083371863616,-590780.2291553789,-0.7467361791514247,-0.08734939992448233,82893313.48272088,22.665254157305974,35.753495763754344,956.0505512807451,22.752499771118163,23.37897790480835,22.126021637427975,5.506894978506358,0.2585717745670715,0.0,0.0,22.784999974568684,23.26499989827474,22.30500005086263,4.213297557531741,0.15104243242090418,0.0,0.0,21.799999237060547,24.149999618530273,22.97499942779541,10.32853710629545,0.27659634909181813,0.6634186369336794,10.163764855348067,-0.3298997024790218,-0.3144743183765911,-0.015425384102430661,22.75416628519694,23.41730756026048,22.73939682752523,23.06929653000425,0.9548389176795916,1.0322583026865553,-0.07741938500696366,-0.20284495443304082,23.593707155933416,0.14749984741211009,-56.691654908220926,-54.20850633900234,-2.483148569218585,22.799999237060547,24.75,23.774999618530273,24.75,4.7678703780991655e-05,15.88500584635985,18.52907089884796,23.08556243517615,-83.33326501856797,24.087499618530273,23.22499942779541,16.0,52.0,-36.0,23.890009433014484,23.42414284207976,0.0,0.0,41.83135301459396,0.5619727776141707,0.6127558338917276,0.6817381932468066,-12.891484392363905,32.63079317919867,41.935551352555294,45.16130620060124,-58.064448647444706,-1.0232353042153761,2.045458013361151,-1.430037981652148,-1.354885760051087,-0.07515222160106094,-32.56822137574504,-28.187034927040262,-4.381186448704778,23.292891273669934,-0.4434522284007314,-0.4444383943248642,372.6315950092516
2021-11-18 00:00:00+05:30,22.450000762939453,22.600000381469727,21.799999237060547,21.950000762939453,6168989,0.0,0.0,-332920297.89360595,287383718,-0.4047533372056319,-947025.1249903247,-4.86304042937088,-0.08807914777523791,82755919.52302481,22.646643728705353,36.25719928787628,956.0505512807451,22.69749984741211,23.398552363804157,21.996447331020065,6.177354520145335,-0.03312631150633895,0.0,1.0,22.701666641235352,23.216666603088377,22.186666679382324,4.537111481652894,-0.2297727514302333,0.0,1.0,21.799999237060547,24.0,22.899999618530273,9.692700860135878,0.06818248811808912,0.6770768876812294,9.16775493690163,-0.3684344533164783,-0.32526634536456855,-0.04316810795190973,22.674999713897705,23.315384498009315,22.617951279127418,22.986385732443896,0.9612904305512384,1.025806543705468,-0.06451611315422956,-0.21039721921164659,23.378279789461253,0.20249977111816264,-56.12823650221914,-56.18687783196231,0.05864132974317471,22.549999237060547,24.75,23.649999618530273,24.75,2.3839351890495827e-05,16.301809478684003,17.10448128628286,26.596431785163226,-166.66657813996287,24.09999990463257,23.22499942779541,12.0,48.0,-36.0,23.890009433014484,23.29421135367822,0.0,0.0,37.072249314490904,0.03954636051718776,0.4252136892043783,0.5898424020056301,-14.690183092363451,30.864951294976947,9.677510653457158,33.33337435155321,-90.32248934654284,-1.0489705927231725,-4.14846668740596,-1.60283768664186,-1.4044761453692418,-0.1983615412726183,-29.44779735370893,-28.439187412373997,-1.0086099413349316,23.120904741831907,-2.2271714165168377,-2.2523473892961388,362.105279219778
2021-11-22 00:00:00+05:30,22.049999237060547,22.049999237060547,21.049999237060547,21.200000762939453,6637734,0.0,0.0,-337566691.43684936,280745984,-0.4316937938298672,-1522921.607134564,-9.792507084565152,-0.5498877282060978,82529117.6858055,22.57744983698494,36.18152580416604,956.0505512807451,22.58749990463257,23.47793474054629,21.69706506871885,7.884315127156648,-0.27911324093095147,0.0,1.0,22.54666659037272,23.136666552225748,21.95666662851969,5.2335892712846,-0.6412423004263921,0.0,1.0,21.049999237060547,23.850000381469727,22.449999809265137,12.396241975566829,0.05357195163238322,0.7093691989131065,8.141824353567078,-0.45425587402028356,-0.3510642510957116,-0.10319162292457196,22.53333314259847,23.11538454202505,22.39980504586773,22.854060919888013,0.9018406027875836,1.0368099494775036,-0.13496934668992,-0.22560482395428144,23.228243233275894,0.31249971389770437,-57.63082282008389,-57.35508751163861,-0.2757353084452845,22.174999237060547,24.375,23.274999618530273,24.375,1.1919675945247914e-05,17.532206805548125,15.500243551517102,31.136226317828918,-271.11837743105787,24.84999942779541,23.72499942779541,8.0,100.0,-92.0,23.890009433014484,23.17467438434881,0.0,0.0,31.31682973606287,0.0,0.20050637937711957,0.41282530082440844,-18.13119456118542,28.568869956355616,6.521802227947951,19.37828807798679,-93.47819777205206,-1.2469118230483112,-7.423575912268625,-1.9876374514473354,-1.5211084065848608,-0.4665290448624746,-26.02646161493777,-27.956642252886752,1.9301806379489825,22.675762153909687,-3.4168563732640322,-3.4765956613565407,346.31580553556745
2021-11-23 00:00:00+05:30,21.200000762939453,21.950000762939453,20.899999618530273,21.700000762939453,5359075,0.0,0.0,-334759554.1316485,286105059,-0.3682417899731244,-922570.3061153409,-2.4491006692763926,-1.153576896397707,82655510.95955878,22.47808282926075,34.48860194987657,978.5989125277894,22.517499923706055,23.454662559132473,21.580337288279637,8.323860451663984,0.06384349425399807,0.0,0.0,22.408333269755047,23.053333346048994,21.7633331934611,5.7567876069079675,-0.04909490157392248,0.0,1.0,20.899999618530273,23.350000381469727,22.125,10.880429760144608,0.32653097766767925,0.7434323934627137,7.355471147660214,-0.47643213384212046,-0.37613782764499337,-0.10029430619712709,22.4333332379659,22.938461523789627,22.292142848494148,22.76857498233627,0.8597561897513539,1.1280486457480212,-0.2682924559966673,-0.24077682675153284,23.217493174443398,0.4825000762939453,-56.23223474185202,-57.45461719187962,1.2223824500276024,22.09999942779541,24.300000190734863,23.199999809265137,24.300000190734863,5.959837972623957e-06,18.824114364891624,14.013983276616749,29.520488881213534,-203.17450046901024,25.22499990463257,24.024999618530273,4.0,100.0,-96.0,23.890009433014484,22.962206869619983,0.0,0.0,38.20458532585143,0.4748609954461314,0.17146911865443978,0.26572972907864584,-19.054739001958843,33.07111225751881,32.65309776676793,16.284136882724336,-67.34690223323207,-1.4442647204679595,-5.240169762360181,-2.092498692657462,-1.6353864637993811,-0.4571122288580809,-24.74010861335009,-27.31333552497942,2.5732269116293303,22.592040940406427,2.3584904811610574,2.3311078039237376,356.8421213250411
2021-11-24 00:00:00+05:30,21.899999618530273,22.200000762939453,21.5,21.700000762939453,5022243,0.0,0.0,-336911936.1690706,291127302,-0.35614592199967743,-790774.5480988637,5.923657173972216,-1.2036318605918184,82655510.95955878,22.38435994595502,34.69347675852339,978.5989125277894,22.464999961853028,23.460036915808306,21.46996300789775,8.85855291025963,0.11559256876204531,0.0,0.0,22.296666653951007,22.97666676839193,21.616666539510092,6.099567482392454,0.061275153973964123,0.0,0.0,20.899999618530273,23.350000381469727,22.125,10.905856964610315,0.32653097766767925,0.7390892304103877,6.474303653968185,-0.488377270353908,-0.3985857161867763,-0.08979155416713169,22.324999968210857,22.76923076923077,22.201044066101115,22.689421336455023,0.8443115112912724,1.137724467461555,-0.2934129561702826,-0.25486130036286797,23.175453217615498,0.3349992752075188,-56.53400756530238,-57.27606690541955,0.7420593401171658,22.09999942779541,24.300000190734863,23.199999809265137,24.300000190734863,2.9799189863119784e-06,19.505908423153233,15.411643184494414,27.619147740956475,-124.9284478399906,25.3125,24.024999618530273,0.0,96.0,-96.0,23.890009433014484,22.714741999489217,0.0,0.0,38.20458532585143,0.4748609954461314,0.31657399696408767,0.22951649833188226,-19.79553376196871,31.840596002939968,33.33338631524822,24.16942876998802,-66.66661368475178,-1.5300000639522757,-5.652170595915421,-2.152444802852833,-1.7387981316100716,-0.41364667124276155,-23.939888164550265,-26.638646052893588,2.698757888343323,22.49921678042027,0.0,0.0,356.8421213250411
2021-11-25 00:00:00+05:30,21.700000762939453,23.600000381469727,21.5,22.950000762939453,19466498,0.0,0.0,-329496118.14586633,310593800,-0.20891728532399373,2798353.601629545,7.551434605677524,-0.5888504615949781,83776852.97082533,22.42818152064793,53.169935543916615,978.5989125277894,22.469999980926513,23.473692478538975,21.46630748331405,8.933622594254018,0.7391174503918003,0.0,0.0,22.280000050862633,23.13500035603841,21.42499974568685,7.675047605241603,0.8918131420661167,0.0,0.0,20.899999618530273,23.600000381469727,22.25,12.016024767384637,0.7592594685704356,0.8751803455163216,5.239437417596834,-0.3924553428875974,-0.39735964152694053,0.004904298639343108,22.33750009536743,22.625,22.316268173307012,22.70872351619461,0.8750000238418534,0.9600000457763584,-0.08500002193450507,-0.2566983856444052,23.296398631209957,0.4299996376037605,-54.989431158811875,-56.85642827839073,1.8669971195788548,22.25,23.274999618530273,22.762499809265137,24.300000190734863,50.000001489959494,18.321613758255666,24.24001291998974,22.861912732600782,29.480512867029418,25.512500286102295,24.175000190734863,0.0,92.0,-92.0,20.899999618530273,22.714741999489217,1.0,0.0,52.124835724370364,1.0,0.6499073302974211,0.3793168153053161,-15.783045245550756,42.43897471804235,75.92594685704356,47.304143646353225,-24.074053142956448,-1.4754411753486174,0.6579014513083157,-1.7282140169953626,-1.73668130868713,0.008467291691767409,-5.620352978494418,-22.434987438013756,16.81463445951934,22.502658860265043,5.760368461068555,5.60056740451893,383.15791079872537
2021-11-26 00:00:00+05:30,22.850000381469727,23.450000762939453,22.350000381469727,22.450000762939453,12199373,0.0,0.0,-339477415.63563514,298394427,-0.24986985602549042,1527205.0156824675,3.1559044315740574,-0.36342871648254554,83511071.43281989,22.460493740568317,58.682818072809496,957.2786754908462,22.457499980926514,23.455635017663653,21.459364944189375,8.889101971144338,0.49624338505760945,0.0,0.0,22.298333485921223,23.20833371480306,21.38833325703939,8.162046992941374,0.5833336477313802,0.0,0.0,20.899999618530273,23.600000381469727,22.25,12.022712969977084,0.5740743357130444,0.8976623491116621,3.7515241612261354,-0.35271644993948925,-0.38843100320945034,0.03571455326996109,22.300000190734863,22.576923076923077,22.33684241786585,22.68955886780534,0.9539170604124865,0.9677419071302478,-0.013824846717761297,-0.25389658009575355,23.311125369802888,0.3424992561340332,-54.81406424900621,-56.40257468380525,1.5885104347990406,22.25,22.524999618530273,22.387499809265137,24.300000190734863,75.00000074497974,17.22191156942221,22.093349114682365,20.837291675460243,41.96020415525794,25.375000476837158,24.175000190734863,0.0,88.0,-88.0,20.953999633789063,22.714741999489217,0.0,0.0,47.514218563807255,0.7784209999192655,0.7510939984551325,0.5725251085722136,-13.991000361425026,38.81087212413074,57.407433571304445,55.55558891453206,-42.592566428695555,-1.2854410564198204,-1.965060537497517,-1.554531985370441,-1.7002514440237924,0.14571945865335145,-0.5634553326024352,-18.060681016931493,17.49722568432906,22.50233144432198,-2.178649165046731,-2.2027321577899883,372.6315950092516
2021-11-29 00:00:00+05:30,22.350000381469727,22.350000381469727,21.149999618530273,21.299999237060547,8185656,0.0,0.0,-345616664.14100593,290208771,-0.25478409209385466,-35755.25660357415,-16.85877789179408,-1.5444886295009965,83091761.11787951,22.3658665017368,56.17019486222956,908.2420652416771,22.414999961853027,23.5276988631343,21.302301060571754,9.928163311844038,-0.0010343424930843103,0.0,1.0,22.171666844685873,23.1216672261556,21.221666463216145,8.569498974746006,0.041227759152693354,0.0,0.0,20.899999618530273,23.600000381469727,22.25,12.045508666225519,0.1481479650008689,0.9378962286414139,4.090964511393488,-0.4093004424298634,-0.392604891053533,-0.016695551376330386,22.175000190734863,22.509615384615383,22.17732808235734,22.586628524787205,0.8583690094740353,1.0643776634314879,-0.2060086539574526,-0.2572807736334957,23.427967639684805,0.13499927520751953,-58.84396785439569,-56.594935382210366,-2.249032472185327,22.25,22.449999809265137,22.34999990463257,24.300000190734863,64.10399180226366,17.216927071727852,19.8554222194082,28.07682247026262,-135.16303734172385,24.90000057220459,24.175000190734863,0.0,84.0,-84.0,21.006919648742677,22.714741999489217,0.0,0.0,38.97507333641339,0.3680431274699682,0.7154880424630781,0.705496457071877,-15.520518290097415,35.88030240206708,14.81479650008689,49.382725642811614,-85.18520349991311,-1.1652938337887022,-6.578947588567486,-1.8121360697134836,-1.7226283691617308,-0.08950770055175283,-0.6076634041988805,-14.570077494384972,13.96241409018609,22.432139437819444,-5.122501054776507,-5.258361127557798,348.42103656969573
2021-11-30 00:00:00+05:30,21.299999237060547,21.899999618530273,21.25,21.350000381469727,6056841,0.0,0.0,-349809853.5534219,296265612,-0.27276933740466014,12616.777411856488,-1.878042649962022,-1.664499681991469,83105979.38043125,22.284159329865226,50.557576384950075,910.3741377435213,22.382499980926514,23.576766985179493,21.188232976673536,10.671435320189305,0.06772664915806541,0.0,0.0,22.055000178019206,23.000000445048016,21.1099999109904,8.569487729776842,0.12698434003300152,0.0,0.0,20.899999618530273,23.600000381469727,22.25,12.062999062840555,0.16666690214174,0.9091065676302998,4.458879319243821,-0.44497954249161964,-0.4030798213411504,-0.04189972115046925,22.075000286102295,22.430769260113056,22.0500468976054,22.49502644009702,0.8661087846073967,1.0920502205580853,-0.2259414359506886,-0.2638160249073907,23.497640364988122,0.4174992561340325,-61.70447522660639,-57.06321055849984,-4.641264668106551,22.25,22.375,22.3125,24.300000190734863,45.35394126349556,17.21229860958309,18.828462860800776,26.62463700287875,-133.9233173779946,24.90000057220459,24.175000190734863,0.0,80.0,-80.0,21.05878126339722,22.714741999489217,0.0,0.0,39.48431621542155,0.3925165382953168,0.5129935552281837,0.6598585320487981,-16.49954309294141,36.0100501881188,16.666690214173997,29.629640095188435,-83.333309785826,-1.0529409632963294,-5.321502865590533,-1.9781241141306274,-1.77372751815551,-0.20439659597511728,-2.7329787421486165,-12.202657743937701,9.469679001789086,22.385639039427755,0.23474716525895278,0.23447206454427771,349.4736922414679
2021-12-01 00:00:00+05:30,21.450000762939453,21.600000381469727,21.299999237060547,21.350000381469727,3220748,0.0,0.0,-351956998.4098691,299486360,-0.3451303286290936,10814.380638734134,-1.1643302441279932,-1.717521677674514,83105979.38043125,22.22892693531237,51.18745564715794,910.3741377435213,22.305000019073486,23.554759440198282,21.05524059794869,11.206092087479043,0.11792660992935365,0.0,0.0,21.935000165303546,22.87000058492025,20.99999974568685,8.52519181737385,0.18716603139405993,0.0,0.0,20.899999618530273,23.600000381469727,22.25,12.104912623315958,0.16666690214174,0.8481960253081878,4.7836936146262605,-0.4678622614289871,-0.41603630935871777,-0.051825952070269354,21.954167048136394,22.363461567805363,21.94234743358453,22.410209695013517,0.8739494761204867,1.113445199013308,-0.2394957228928214,-0.27173154233389996,23.50000611638312,0.19499998092651438,-66.14846181248754,-58.113966881196134,-8.034494931291405,22.25,22.25,22.25,24.300000190734863,29.327892960406476,17.20800075187724,18.356552254570406,25.95732556691176,-121.56432589118855,24.90000057220459,24.175000190734863,84.0,76.0,8.0,21.10960564575867,22.714741999489217,0.0,0.0,39.48431621542155,0.3925165382953168,0.3843587346868674,0.5376134441260431,-17.25619759529213,37.008280898882795,16.666690214173997,16.049392309478286,-83.333309785826,-1.0373528424431306,-6.359644316276561,-2.0877192484865095,-1.83652586422171,-0.25119338426479954,-7.469581590149374,-11.256042513180036,3.7864609230306625,22.33774277722169,0.0,0.0,349.4736922414679
2021-12-02 00:00:00+05:30,21.399999618530273,21.600000381469727,21.25,21.399999618530273,3980916,0.0,0.0,-352525713.0922959,303467276,-0.3266743612730743,37704.1495192184,-0.21979554510050822,-1.4345429296805476,83115302.22629756,22.179881564129357,53.48982476644698,910.3741377435213,22.230000019073486,23.507653669722256,20.952346368424717,11.494859645097023,0.17518568114224317,0.0,0.0,21.823333485921225,22.748334058125813,20.898332913716633,8.477170298491119,0.2711710240448817,0.0,0.0,20.899999618530273,23.600000381469727,22.25,12.145752409459446,0.1851851328573911,0.7983764609243418,5.073159315626478,-0.47647001078615503,-0.4281230496442052,-0.04834696114194981,21.862500349680584,22.311538476210373,21.858909308191567,22.335379318977722,0.9017094727699191,1.098290527230081,-0.19658105446016183,-0.27933565926720755,23.51472410357302,0.31999921798706055,-68.98786871719574,-59.54281490508242,-9.445053812113315,22.25,22.25,22.25,24.300000190734863,17.989357292009423,17.263479765227977,17.79614831656701,25.600997879776603,-105.0295933228742,24.90000057220459,24.175000190734863,80.0,72.0,8.0,21.15941354047289,22.714741999489217,0.0,0.0,40.06435321145047,0.420392202900318,0.40180842649698395,0.4330535721373449,-17.688930365388803,33.650567712352355,18.51851328573911,17.283964571362358,-81.48148671426088,-1.137352870492375,-4.8888905843098955,-2.1332523794718465,-1.8958711672717374,-0.2373812122001091,-10.598982201480872,-11.124630450840204,0.5256482493593317,22.30111929138792,0.2341884597994781,0.23391466600499733,350.5263077585321
2021-12-03 00:00:00+05:30,21.350000381469727,21.75,21.299999237060547,21.350000381469727,5197028,0.0,0.0,-356567821.50580835,298270248,-0.34653334723979223,-4803.219695284195,0.8658760122409062,-1.7417546793117074,83103159.82257727,22.103085715125854,53.40735812468319,910.3741377435213,22.152500057220458,23.44612823194817,20.858871882492746,11.679297337873718,0.18982599040885736,0.0,0.0,21.758333460489908,22.648333994547524,20.86833292643229,8.180778511127546,0.2705995314640188,0.0,0.0,20.899999618530273,23.600000381469727,22.25,12.188244017448522,0.16666690214174,0.7635388911258529,5.3995065561065605,-0.481772659412286,-0.4388529715978214,-0.04291968781446459,21.762500445048016,22.253846168518066,21.780615627157438,22.262388286569724,0.8854625158301449,1.127753134435909,-0.24229061860576417,-0.28633267592953415,23.55190452066908,0.29750070571899556,-70.36198420975724,-60.9573883928239,-9.404595816933337,22.25,22.25,22.25,24.300000190734863,10.657333699384639,17.049977422593823,18.4262742251435,24.562714643415813,-87.68908688309274,24.90000057220459,24.175000190734863,76.0,68.0,8.0,21.208225277292826,22.714741999489217,0.0,0.0,39.655025948396705,0.400720579233746,0.4045431068097938,0.39690342266454826,-18.157723500982378,32.73016354308991,16.666690214173997,17.283964571362358,-83.333309785826,-1.2630883609547325,-5.321502865590533,-2.1640654776600314,-1.9495100293493963,-0.2145554483106351,-11.682176908915146,-11.236139742455194,-0.44603716645995206,22.280134479541267,-0.2336412988402703,-0.23391466600499733,349.4736922414679
2021-12-06 00:00:00+05:30,21.0,22.549999237060547,20.899999618530273,21.450000762939453,11972493,0.0,0.0,-360558634.0526985,310242741,-0.35369229362078847,166919.22128170368,2.7563149044530912,-1.3492001661478432,83159237.28607853,22.02632333465674,61.18428090246857,910.3741377435213,22.075000095367432,23.341688178200485,20.80831201253438,11.476222671445194,0.25329390838267124,0.0,0.0,21.778333473205567,22.73333396911621,20.82333297729492,8.770188931908912,0.3280981467171756,0.0,0.0,20.899999618530273,23.600000381469727,22.25,12.231033980860838,0.20370406999826218,0.8521849638662949,5.645213563154649,-0.4724596310743472,-0.4455743034931266,-0.026885327581220586,21.67916711171468,22.205769245441143,21.729751801893133,22.20221143296748,0.8699187206192833,1.036585413130772,-0.16666669251148858,-0.291256201800974,23.79437707719511,-0.12499933242797923,-70.09087323246608,-62.49723711400324,-7.59363611846284,22.25,22.25,22.25,24.300000190734863,6.1599440238591185,16.06126467281745,22.575525230546628,21.172101824587894,-61.620590362246055,24.90000057220459,24.175000190734863,72.0,64.0,8.0,21.208225277292826,23.600000381469727,0.0,1.0,40.95436735473551,0.46316488106011683,0.42809255439806043,0.41148136256827933,-18.192758069224283,25.72241792240706,20.37040699982622,18.518536833246433,-79.62959300017378,-1.1291178759406577,-4.45434283303368,-2.127984559109298,-1.9852049353013768,-0.1427796238079213,-4.612072687088579,-9.91132633138187,5.299253644293291,22.27084940952479,0.46838585331605564,0.4672923400230289,351.57896343030427
2021-12-07 00:00:00+05:30,21.600000381469727,21.899999618530273,21.299999237060547,21.5,5922280,0.0,0.0,-362532714.8350924,316165021,-0.3453709275824854,185374.97276416537,-1.266404960314538,-1.356110608981801,83173041.9234271,21.980696536224325,59.782366350536265,912.4961895247721,22.010000133514403,23.254427306904255,20.76557296012455,11.30783431023224,0.295086388171214,0.0,0.0,21.783333396911623,22.69333381652832,20.873332977294922,8.35501530491854,0.3443223811748551,0.0,0.0,20.899999618530273,23.600000381469727,22.25,12.267154686783439,0.22222230071391333,0.826966505626638,5.869097798838,-0.45579040043353203,-0.4476175228812077,-0.00817287755232432,21.641667048136394,22.180769260113056,21.69440537083265,22.150195771266183,0.8999998931885255,1.0679999993896487,-0.16800010620112327,-0.2936132499956272,23.98632947373368,-0.8099993705749498,-70.59955081033718,-64.06007525234044,-6.539475557996738,22.25,22.25,22.25,24.300000190734863,3.4955602464897937,15.14317426231082,21.417740405037954,20.086291507162173,-62.90246943726667,24.875,24.175000190734863,68.0,60.0,8.0,21.208225277292826,23.546000366210937,0.0,0.0,41.631089154846,0.4956870650930683,0.45319084179564384,0.4286088343344993,-18.042677287721457,27.98014196722559,22.222230071391333,19.753109095130508,-77.77776992860866,-0.9638238121481493,-2.0501172997644623,-2.0577262844096182,-1.999709205123025,-0.058017079286593276,-5.820053585832465,-9.09307178227199,3.2730181964395246,22.262805781066582,0.23309666798210227,0.23282541913189903,352.6315789473684
2021-12-08 00:00:00+05:30,21.600000381469727,22.200000762939453,21.600000381469727,21.799999237060547,8065353,0.0,0.0,-365221200.020493,324230374,-0.35140337593089366,504549.9404584265,2.231778337375467,-1.1433595720870229,83285581.4465259,21.94889310529883,65.58078831092564,912.4961895247721,21.955000114440917,23.132666977401453,20.777333251480382,10.728005983347039,0.43419154335772264,0.0,0.0,21.79000002543132,22.690000406901042,20.88999964396159,8.260673523812082,0.5055551152172298,0.0,0.0,20.899999618530273,23.600000381469727,22.25,12.297885442339513,0.33333309785826004,0.8142699313579195,5.985930653745986,-0.4136047062293926,-0.4408149595508447,0.027210253321452105,21.691666920979817,22.173076923076923,21.710650581021557,22.12425528725095,0.9254901808255179,1.0313723507317334,-0.10588216990621546,-0.29102173212756544,24.082977314352107,-0.25499935150146413,-69.46922503997747,-65.66894123913661,-3.800283800840859,22.175000190734863,22.25,22.21250009536743,24.300000190734863,14.331643918279934,14.721973936477001,22.715569681291775,18.870379112316964,-22.39119635592001,24.237499713897705,24.175000190734863,64.0,56.00000000000001,7.999999999999993,21.208225277292826,23.493080351257323,0.0,0.0,45.655647792183565,0.6891010154542445,0.5493176538691434,0.47686701668761583,-16.81994365353979,31.898689718725525,33.333309785826,25.30864895234784,-66.666690214174,-0.7951472114114182,2.8301813798515254,-1.8694627270357496,-1.97365990950557,0.10419718246982046,-4.349059466625982,-8.144269319142788,3.7952098525168063,22.259715072980395,1.3953452886537043,1.3856999664203062,358.94735235916943
2021-12-09 00:00:00+05:30,21.950000762939453,23.399999618530273,21.799999237060547,22.649999618530273,22741873,0.0,0.0,-363799827.8747895,346972247,-0.28692426310212765,3193985.766869519,4.924829348812582,-0.4442260165024897,84172306.28147331,22.062991560924537,75.63333350908913,912.4961895247721,21.947500133514403,23.105288715230003,20.789711551798803,10.550528075383191,0.8033798640399932,0.0,0.0,21.783333269755044,22.63333365122477,20.933332888285317,7.804135124259474,1.0098035057800128,1.0,0.0,20.899999618530273,23.600000381469727,22.25,12.302087921241116,0.6481479650008689,0.8928429763691001,5.870669826472734,-0.30803349422879833,-0.4142586664864355,0.10622517225763717,21.770833492279053,22.16346153846154,21.85516581756136,22.16319931179016,0.9852398035727508,0.9261992993910846,0.059040504181666176,-0.2773291269584513,24.373768908943653,-0.24749937057494975,-68.26757198434417,-67.16377543195193,-1.1037965523922395,22.149999618530273,22.25,22.199999809265137,24.300000190734863,57.16582195913996,15.703915321310896,29.49600332735202,16.423196051082627,75.99863477863099,23.862499713897705,24.175000190734863,60.0,52.0,8.0,21.208225277292826,23.44121873660278,0.0,0.0,55.101697834966416,1.0,0.7282626935157711,0.5769237297268527,-12.739237215641557,37.830474655754166,64.81479650008689,40.12344545243473,-35.18520349991311,-0.5447061706991754,4.377874756637266,-1.3898421879233551,-1.8568963651891273,0.46705417726577214,10.689693484090323,-4.377476758496166,15.067170242586489,22.265599444915352,3.89908445512559,3.8249900289292427,376.8420972322163
2021-12-10 00:00:00+05:30,22.649999618530273,23.75,22.549999237060547,23.350000381469727,19709286,0.0,0.0,-357230044.9900918,366681533,-0.21823410282280906,4708632.834029857,3.348678630462213,0.49443010599946496,84781423.9622394,22.259327678962343,83.01918940768084,940.6969859752991,21.987500190734863,23.27391953791082,20.701080843558906,11.701369742050364,1.0295707786601327,1.0,0.0,21.829999860127767,22.690000279744467,20.969999440511067,7.879069401072057,1.383720802147643,1.0,0.0,20.899999618530273,23.75,22.324999809265137,12.961911798734926,0.8596492754418523,0.9235587550261354,5.485429491126068,-0.16597013628183888,-0.3646009604455162,0.19863082416367733,21.90833346048991,22.180769260113056,22.085140365854954,22.251110502136793,1.0945453465990398,0.8618181475174519,0.2327271990815879,-0.2501178270506024,24.717740675013232,0.9625005722045898,-61.2687629211504,-67.4331971060358,6.164434184885408,22.324999809265137,22.324999809265137,22.324999809265137,24.300000190734863,78.58291097956999,16.934443270796468,29.46477903204205,14.866055866882746,139.97265220637198,23.824999809265137,24.175000190734863,100.0,48.0,52.0,20.899999618530273,23.44121873660278,1.0,0.0,61.09857809794174,1.0,0.896367005151415,0.7246491175121097,-7.09459547114132,42.82527060091569,85.96492754418523,61.37101127669936,-14.035072455814769,-0.20794144798727743,7.603684610685548,-0.7458959689490582,-1.6346962859411136,0.8888003169920554,17.493023018609986,-0.003376803074935708,17.49639982168492,22.322336899851422,3.090511146705599,3.043716536482677,391.5789553993626
2021-12-13 00:00:00+05:30,23.649999618530273,25.399999618530273,23.649999618530273,24.950000762939453,42023278,0.0,0.0,-336818683.5708631,408704811,-0.07222608979714,13641293.976398215,5.725993103155827,1.078365375458909,87660963.9935949,22.86442614943883,87.0430617676172,940.6969859752991,22.09500026702881,23.89274904235373,20.297251491703886,16.272901141418924,1.294048794552686,1.0,0.0,22.136666552225748,23.0516668955485,21.221666208902995,8.26683042963172,2.0373405219157084,1.0,0.0,20.899999618530273,25.399999618530273,23.149999618530273,20.366598531863836,0.900000254313151,1.0362028032295765,5.273329670441948,0.07485982001928093,-0.2767088043525568,0.3515686243718377,22.075000127156574,22.25961545797495,22.525888119252567,22.451028299233286,1.1525423137048054,0.7322035713052635,0.42033874239954194,-0.20056124487179885,25.216546667528426,0.35500049591064453,-43.27268882511308,-65.38522083920321,22.112532014090135,23.149999618530273,23.149999618530273,23.149999618530273,24.300000190734863,89.291455489785,19.229349315787577,37.04296427939065,12.658078226673188,257.03322978365867,23.78749990463257,24.175000190734863,100.0,44.0,56.0,20.956999626159668,23.44121873660278,0.0,0.0,70.72389457339594,1.0,1.0,0.8748765662223953,2.1999816658212556,48.57541209406923,90.00002543131511,80.2599164918624,-9.999974568684896,0.31823507196763146,8.714596660186945,0.3334360414210401,-1.241069820468683,1.574505861889723,33.5537079545978,6.708040148459611,26.845667806138188,23.434608106487545,6.852249915762165,6.627685232432334,425.26317395662005
2021-12-14 00:00:00+05:30,24.899999618530273,27.299999237060547,24.600000381469727,27.0,66837917,0.0,0.0,-284833605.5379585,475542728,0.1500157039494234,31266491.816443633,5.756461387330235,1.0664228192701963,93152654.36100528,23.861848912026314,90.90093609510735,940.6969859752991,22.32000026702881,25.114351744300482,19.52564878975714,25.038991432267128,1.3374035569678253,1.0,0.0,22.616666539510092,23.7366668065389,21.49666627248128,9.904202859181119,2.4568448283134026,1.0,0.0,20.899999618530273,27.299999237060547,24.09999942779541,28.673833073310384,0.9531251164153288,1.2025824084657009,5.052333611729452,0.42622385802619434,-0.1361222718768066,0.5623461299030009,22.454166730244953,22.413461611821102,23.21421302398294,22.787989165956745,1.155223868020159,0.6656718090292384,0.4895520589909206,-0.11981471538797298,25.876231208132566,-1.0200010299682631,-18.20739542185889,-60.05843568468892,41.851040262830026,24.09999942779541,24.09999942779541,24.09999942779541,24.300000190734863,94.6457277448925,22.19623520326081,42.84220339528193,10.455470930850542,303.88396895145536,23.66249990463257,24.175000190734863,100.0,40.0,60.0,21.13471962585449,23.44121873660278,0.0,0.0,78.17501768564895,1.0,1.0,0.965455668383805,14.154772957192582,57.96168546504227,95.31251164153288,90.42582153901105,-4.687488358467124,1.1007351650911232,20.267256491909357,1.8703881896825516,-0.6187782184384361,2.4891664081209877,48.558250990985776,15.078082316964846,33.48016867402093,24.96983521200611,8.216429556609883,7.896301322806654,468.42105263157896
2021-12-15 00:00:00+05:30,27.0,27.649999618530273,25.799999237060547,26.299999237060547,47210735,0.0,0.0,-306525029.58382046,428331993,0.06450520081589395,22078771.482818495,3.0369143583972975,0.7439570873216087,91928671.00845222,24.436900718057842,92.06663378908115,916.3085190168712,22.50750026702881,25.79767862595982,19.2173219080978,29.236284082162463,1.0763363800228651,1.0,0.0,23.13333314259847,24.408333333333335,21.85833295186361,11.023056494933158,1.7418296551928065,1.0,0.0,20.899999618530273,27.649999618530273,24.274999618530273,29.990002976421426,0.7999999434859665,1.2673242057661036,5.0992950661616625,0.6408113043438348,0.019264443367321693,0.6215468609765131,22.87083339691162,22.548076996436485,23.688949364456416,23.04813806011258,1.230302930819672,0.7242425342345881,0.506060396585084,-0.02734394652962559,26.497709532682034,-1.1574998855590835,4.019442380047378,-51.94651222943968,55.96595460948706,24.274999618530273,24.274999618530273,24.274999618530273,24.300000190734863,97.32286387244625,25.07336142979715,40.12000381876296,9.265755594767617,243.68712257594802,23.66249990463257,24.175000190734863,100.0,36.0,64.0,21.504636402526852,23.44121873660278,0.0,0.0,71.4846395333241,0.8293268456526438,0.9431089485508813,0.981036316183627,20.2842469189592,55.43561911275125,79.99999434859664,88.43751047381487,-20.000005651403356,1.9561761295094193,23.474179244571715,2.7803170159451254,0.061040828438276296,2.719276187506849,49.500552180621995,21.96257628969628,27.537975890925715,25.338744069199738,-2.5925954182942745,-2.6267955829715195,453.68419446443255
2021-12-16 00:00:00+05:30,26.600000381469727,26.850000381469727,24.600000381469727,25.100000381469727,14686518,0.0,0.0,-314684206.25048715,413645475,0.04484587088090821,16406974.872042429,-15.32015862597784,-0.5757617025035268,91258564.34290603,24.57397985192389,86.37326634909857,874.4998039565714,22.64000024795532,26.118304257652714,19.161696238257928,30.727066886949594,0.8536206333109483,0.0,0.0,23.543333180745442,25.008333333333333,22.07833302815755,12.445138004384347,1.0312856786992364,1.0,0.0,20.899999618530273,27.649999618530273,24.274999618530273,29.81448730597788,0.6222223352502894,1.3655917851894932,5.403786374892517,0.705906274610026,0.15659280961586255,0.5493134649941634,23.18333339691162,22.632692410395695,23.90603413630462,23.200127861694593,1.099150122356661,0.7790368917895951,0.320113230567066,0.05855711719058337,27.1228447778949,-1.2899998664855943,19.174578195309174,-41.99800529554342,61.172583490852595,24.274999618530273,24.274999618530273,24.274999618530273,24.300000190734863,98.66143193622312,26.136041658117275,34.916190598771166,14.981587028016172,146.04812388542177,23.66249990463257,24.350000381469727,96.0,32.0,64.0,21.996265459807127,23.44121873660278,0.0,0.0,61.73126588581265,0.5805159401927321,0.8032809286151253,0.9154632923886687,21.086800528305506,51.5716543918691,62.22223352502893,79.1782465050528,-37.77776647497107,2.4973527796128216,17.564402496473637,3.0426826904499005,0.6573692008406011,2.3853134896092993,40.90678009818271,25.751417051393567,15.155363046789141,25.30820236651138,-4.5627334235806565,-4.670104883887882,428.4210606625206
2021-12-17 00:00:00+05:30,25.299999237060547,25.299999237060547,23.649999618530273,23.899999618530273,12567877,0.0,0.0,-323443634.79424,401077598,0.028974974789059773,11908626.749103624,-16.410894988271288,-0.5437700665376131,90657709.29273386,24.65055900483016,84.68682977534857,832.6910224430454,22.737500190734863,26.242193280495265,19.232807100974462,30.827426589212326,0.6658489628081649,0.0,0.0,23.824999809265137,25.40999984741211,22.239999771118164,13.305351948255574,0.5236592452555456,0.0,0.0,20.899999618530273,27.649999618530273,24.274999618530273,29.686640762516664,0.4444444444444444,1.3940325685235713,5.909722840729823,0.6531355349019314,0.25590135467307634,0.3972341802288551,23.395833333333332,22.6750001173753,23.90510574895472,23.25197021405279,1.1166666754969834,0.8138889933809711,0.3027776821160123,0.12565532383430061,27.604764784400047,-1.3375005722045898,32.84845916504965,-30.560301695819444,63.408760860869094,24.47499942779541,24.274999618530273,24.374999523162842,24.300000190734863,99.33071596811155,26.06615674591604,31.671892458750417,18.93930346591242,71.97424748185747,23.66249990463257,24.350000381469727,92.0,28.000000000000004,64.0,22.44856419250498,23.44121873660278,0.0,0.0,53.82277545685767,0.37059186565716834,0.5934782171675149,0.7799560314445072,18.4097329808634,48.79462673471214,44.44444444444444,62.22222410602333,-55.55555555555556,2.702793929156133,11.943790124115237,2.808947065084386,1.0876847736893582,1.721262291395028,32.93398137772153,27.18792991665916,5.746051461062368,25.227089923716647,-4.7808794609635274,-4.898941835934689,403.15788670590047
2021-12-20 00:00:00+05:30,23.5,23.600000381469727,21.950000762939453,22.299999237060547,12893772,0.0,0.0,-330867344.286365,388183826,0.0200988598770277,7260245.768005438,-21.75466933358799,-1.9635291153680394,89794527.68403673,24.624778022336816,82.65792921490147,832.6910224430454,22.79250011444092,26.23288878518476,19.35211144369708,30.188778356649614,0.4284236572500557,0.0,0.0,23.923333168029785,25.508333206176758,22.338333129882812,13.250662246890457,-0.012092710378443231,0.0,1.0,20.899999618530273,27.649999618530273,24.274999618530273,29.615004787137504,0.20740735089337384,1.4496291972302962,7.286784318393507,0.47671244019969095,0.30006357177839926,0.17664886842129168,23.47083330154419,22.665384732759914,23.65816628558639,23.1814538453867,1.0051813666082965,0.8756476955326241,0.12953367107567237,0.1630208324010476,27.914042747404764,-1.4424997329711928,43.08643395400015,-17.928525610893075,61.014959564893225,24.625,24.274999618530273,24.449999809265137,24.300000190734863,98.24747525016923,24.488375142764028,28.32253692877082,26.155816081469073,-11.596708835580902,23.66249990463257,24.40000057220459,88.0,24.0,64.0,22.44856419250498,27.649999618530273,0.0,1.0,45.46015201449892,0.1544514721108323,0.36851975932024444,0.5884263017009614,12.655204739895723,45.20955500917796,20.740735089337385,42.469137686270244,-79.25926491066262,2.332941145055436,4.2056057690345146,2.0564389247508768,1.2814356039016621,0.7750033208492146,26.245614033421223,26.999466740011574,-0.7538527065903509,25.188748223178848,-6.694562372416135,-6.929179872284719,369.47366814864307
2021-12-21 00:00:00+05:30,22.799999237060547,24.200000762939453,22.700000762939453,23.600000381469727,11684960,0.0,0.0,-328530358.229643,399868786,0.018340279034066896,8393133.711486874,8.664987180977041,-1.261435013574823,90475714.31596856,24.61493383043507,84.16518607385049,881.2335928085274,22.887500095367432,26.306838421699368,19.468161769035497,29.87952648462494,0.6041868657183482,0.0,0.0,24.11666660308838,25.79166660308838,22.44166660308838,13.89080860607411,0.3457712771287603,0.0,0.0,20.899999618530273,27.649999618530273,24.274999618530273,29.492080707260122,0.40000011302806715,1.494666430095157,7.807186270696564,0.43676039244909504,0.32740293591253844,0.1093574565365566,23.65833330154419,22.696154007544884,23.649217684953058,23.212457292503963,1.0191387363314297,0.8229664835977155,0.1961722527337142,0.18979371559273,28.108291777512285,-1.4374993324279792,57.27801741747991,-3.84549867117559,61.1235160886555,24.72499942779541,24.274999618530273,24.499999523162842,24.300000190734863,97.29558706668335,23.437805085190906,28.647795702361545,23.543300668612154,27.329224915318605,23.72499990463257,24.75,84.0,20.0,64.0,22.44856419250498,27.535999641418456,0.0,0.0,51.98753093441611,0.3201585574093666,0.28173396505912257,0.41457731384896057,10.897407496722202,46.8839457040012,40.00001130280671,35.06173027886283,-59.99998869719329,1.8057354197782622,10.538641497884182,1.88157758114708,1.4014639993507458,0.48011358179633423,20.106576999212933,25.620888791851847,-5.514311792638914,25.140384838926103,5.8296017438812076,5.666008394199462,396.84211329409953
2021-12-22 00:00:00+05:30,23.799999237060547,24.5,23.75,24.25,6729005,0.0,0.0,-326287356.5629763,406597791,0.031124958805679177,7818950.42171565,7.5233920586388345,-0.708350184736298,90661046.96903591,24.648640328094157,84.5276207747533,905.5048423806824,23.01500005722046,26.437878946978866,19.59212116746205,29.74476542470878,0.6804036868606107,0.0,0.0,24.34666659037272,26.036666552225746,22.656666628519694,13.882803673183696,0.4714004164039362,0.0,0.0,20.899999618530273,27.649999618530273,24.274999618530273,29.32869860185959,0.49629635281032985,1.4351997489386688,8.068696798313207,0.4523334255477742,0.35238903383958564,0.09994439170818858,23.891666571299236,22.763461699852577,23.741645733421816,23.28931230787404,1.0629369895619571,0.8065268311924494,0.25641015836950776,0.21353639721032872,28.218437540675474,-1.5150000572204583,73.61937144611836,11.919717265542468,61.6996541805759,24.800000190734863,24.274999618530273,24.53749990463257,24.300000190734863,97.84402960051825,22.66537586944421,28.87495657584661,22.401874049271083,53.49894656845648,23.78749990463257,24.75,80.0,16.0,64.0,22.44856419250498,27.424279663848875,0.0,0.0,54.89429905270724,0.39561984354147217,0.29007662435389053,0.31344344957775244,10.725790658640141,45.59656378912849,49.62963528103299,36.79012722439236,-50.37036471896701,1.2548531756681562,13.053609032491439,1.9422360762230053,1.5096184147251976,0.43261766149780767,12.787752808630119,23.054261595207503,-10.266508786577385,25.108575564260935,2.7542356272190593,2.7169889187956375,410.5263157894737
2021-12-23 00:00:00+05:30,24.450000762939453,25.149999618530273,24.25,24.850000381469727,11514886,0.0,0.0,-322449044.9608197,418112677,0.02113694175518314,7688948.360410617,4.49417917809697,-0.44918567288943645,90945951.54604954,24.708743322178663,84.8963078886863,905.5048423806824,23.11000003814697,26.624626642040642,19.5953734342533,30.416500199845814,0.7475370130919597,0.0,0.0,24.559999974568687,26.179999860127772,22.940000089009605,13.192181492154367,0.5895063047491992,0.0,0.0,20.899999618530273,27.649999618530273,24.274999618530273,29.20813495827772,0.5851852982132523,1.3816797358978292,8.13396143615474,0.5072430012774021,0.38335982732714896,0.12388317395025311,24.170833269755047,22.851923282329853,23.912161833121495,23.404918831844093,1.082191747416174,0.7876712465969286,0.2945205008192454,0.2389260380365813,28.275636606811506,-1.3100008010864244,85.43411609531519,28.22003715626087,57.21407893905432,24.800000190734863,24.274999618530273,24.53749990463257,24.300000190734863,98.91173854593855,22.375646074225507,31.025874892396203,21.29027880590881,72.87698837599478,23.774999618530273,24.75,76.0,12.0,64.0,22.44856419250498,27.314794085830687,0.0,0.0,57.45482827624596,0.4433146861973572,0.38636436238273214,0.31939165059858166,11.542687041242896,41.18712156117824,58.51852982132523,49.382725468388294,-41.48147017867477,0.9991177839391341,15.581397123115007,2.1672495637423923,1.6411446445286368,0.5261049192137555,8.727273787059126,20.18886403357783,-11.461590246518703,25.100316723226907,2.4742283771947537,2.444115051003992,423.1579027677837
2021-12-24 00:00:00+05:30,25.0,26.25,24.75,25.450000762939453,26980066,0.0,0.0,-324247688.581944,445092743,0.04374077192091068,8903105.722077444,4.447729246111907,-0.3283703627709495,91597382.11520757,24.89519301575966,85.73615504278814,905.5048423806824,23.260000038146973,26.90288365343694,19.617116422857006,31.32316087115691,0.8005861504332138,0.0,0.0,24.786666679382325,26.43666648864746,23.13666687011719,13.313607921613874,0.7010103515868159,0.0,0.0,20.899999618530273,27.649999618530273,24.274999618530273,29.019776392647607,0.6740742436161747,1.3935117623080464,8.090982913880437,0.5923460554132696,0.4251570729443731,0.16718898246889646,24.47500006357829,22.96730789771447,24.148752437708872,23.556406382295602,1.1241378784179688,0.7724137580257723,0.35172412039219647,0.26892454144095196,28.26981868698482,-0.6100004196166999,96.83846801842654,43.78794347220972,53.05052454621682,24.800000190734863,24.274999618530273,24.53749990463257,24.300000190734863,99.45586927296927,22.751845767065326,34.48574864470829,19.5491760487136,93.69952557753324,23.774999618530273,24.75,72.0,8.0,64.0,22.44856419250498,27.207498219372862,0.0,0.0,59.90593953599117,0.5000789766141662,0.44633783545099864,0.3742596073958737,13.049345214812789,43.28030038823265,65.354350812155,57.8341719715044,-34.645649187844995,1.1298532037174027,16.74312685146251,2.514585823491574,1.8158328803212245,0.6987529431703494,12.397961330759468,18.630683493014157,-6.232722162254689,25.110961523575764,2.4144884195540506,2.385800508097402,435.78948974609375
2021-12-27 00:00:00+05:30,25.299999237060547,26.100000381469727,24.700000762939453,25.350000381469727,13235382,0.0,0.0,-325193076.8744687,431857361,0.05781931623556174,7442155.869081017,-1.0577644133491564,-0.31346746655913665,91545376.48812622,24.977789338004577,83.48053386479411,901.9468531097109,23.46250009536743,27.097314478636115,19.82768571209875,30.984032975977367,0.75964190837235,0.0,0.0,24.858333396911625,26.473333168029786,23.243333625793458,12.993628698525782,0.6522189022409871,0.0,0.0,20.899999618530273,27.649999618530273,24.274999618530273,28.76931261614681,0.6592593722873263,1.394160547930269,8.079619489999327,0.6442946166228438,0.4689845816800673,0.17531003494277653,24.700000127156574,23.098077113811787,24.333559813672082,23.689265197049238,1.0997782738857997,0.7583148138656046,0.3414634600201951,0.2991948423486186,28.161416870228802,-0.11249971389770508,103.46375636065981,57.30696033693401,46.1567960237258,24.800000190734863,24.274999618530273,24.53749990463257,24.300000190734863,99.72793463648463,23.051908959243292,31.866377200001722,18.335579205583997,80.29095372028719,23.649999618530273,24.75,68.0,4.0,64.0,22.44856419250498,27.102348270244192,0.0,0.0,59.29281369895811,0.4228249574216556,0.45540620674439314,0.4293694681927079,13.999781448062357,46.09617845701219,61.98347889084983,61.95211984144334,-38.01652110915017,1.5827943857978362,11.920533370475404,2.7197745952166468,1.9966212233003091,0.7231533719163377,9.006923042890397,16.705931402989407,-7.699008360099009,25.112838058973992,-0.39292879556745985,-0.39370278891985855,433.6842185572574
2021-12-28 00:00:00+05:30,25.5,26.899999618530273,25.5,26.200000762939453,26936437,0.0,0.0,-325193040.17647564,458793798,0.06580086091857759,9649845.277131623,4.157931602866687,-0.17588509045262088,92448571.0199169,25.15057850039261,84.51613046485987,901.9468531097109,23.705000114440917,27.39049893231648,20.019501296565355,31.09469563453309,0.8384888683720612,0.0,0.0,24.848333422342936,26.33333326975504,23.363333574930827,11.95251063459118,0.9551068954491999,0.0,0.0,20.899999618530273,27.649999618530273,24.274999618530273,28.47500513568,0.7851853547272859,1.4097444168432969,8.007110822495878,0.7454589657604274,0.5242794584961393,0.22117950726428803,24.93750015894572,23.29038480611948,24.620704575097832,23.875245609337405,1.115384577764323,0.743589800020182,0.37179477774414094,0.33489678244648696,27.98591779436768,1.2450006484985359,107.05560958159714,68.75542335932843,38.30018622226871,24.425000190734863,24.274999618530273,24.34999990463257,24.300000190734863,99.86396731824232,23.774961870245836,33.50615697258797,16.812964639108763,102.75898456347655,23.274999618530273,24.375,64.0,0.0,64.0,22.44856419250498,26.9993013200981,0.0,0.0,62.7798759269819,0.5294144896262427,0.48410614122068835,0.4619500611386933,15.941111280729123,49.98727497061712,75.21369639250298,67.51717536516927,-24.78630360749702,2.036470676870909,12.20556888612067,3.1223090977078147,2.2217587981818103,0.9005502995260044,12.197077280360855,15.804160578463696,-3.6070832981028413,25.128299943324485,3.353058653565366,3.2980694801569843,451.57896343030427
2021-12-29 00:00:00+05:30,26.350000381469727,26.799999237060547,25.600000381469727,25.850000381469727,23156549,0.0,0.0,-338701017.8915477,435637249,0.033640640848758625,7113467.239895333,0.0,-0.5276586153678053,92139227.47993553,25.38625116879912,77.6012349133392,889.8979319852368,23.93000011444092,27.561997088175065,20.298003140706772,30.355177236646675,0.7643174376126761,0.0,0.0,24.798333485921226,26.21833318074544,23.378333791097006,11.45238002086224,0.8703053244946968,0.0,0.0,20.899999618530273,27.649999618530273,24.274999618530273,28.207271072792896,0.7333334463614004,1.3887698607180492,8.080072719401112,0.7883032662408915,0.5770842200450899,0.21121904619580167,25.012500127156574,23.45000017606295,24.809827006847357,24.021523740606465,1.1130435135955004,0.7956521897775716,0.3173913238179288,0.36885216741927873,27.8394933068858,3.0699998855590813,110.3922402079162,78.890719138507,31.501521069409208,24.425000190734863,24.274999618530273,24.34999990463257,24.300000190734863,99.93198365912116,24.446368144748195,31.336552379251696,15.724284569399375,89.38842239214097,23.199999809265137,24.300000190734863,60.0,32.0,28.0,22.44856419250498,26.899999618530273,0.0,0.0,60.48239622963795,0.4591870975764563,0.470475514874785,0.46999595427995544,16.778267556558806,51.168283641134856,68.42105967626598,68.53941165320624,-31.578940323734013,2.3536765266867263,3.6072127896169293,3.28165388154927,2.433737814855302,0.8479160666939678,12.788388714649827,15.201006205700924,-2.4126174910510976,25.135032195591045,-1.3358792796861696,-1.3448824175389618,444.21053434673115
2021-12-30 00:00:00+05:30,25.799999237060547,26.25,25.399999618530273,25.549999237060547,10688333,0.0,0.0,-345617009.35458887,424948916,0.017239262128407325,5639184.472506515,-2.9822250396871754,-0.979866020378476,92015184.45925824,25.528300070877783,73.81827904321318,879.5702571665429,24.137500095367432,27.639481816974786,20.63551837376008,29.016938023995852,0.7016714040764325,0.0,0.0,24.820000076293944,26.099999809265135,23.540000343322752,10.314260507950147,0.7851559816626278,0.0,0.0,20.899999618530273,27.649999618530273,24.274999618530273,27.96478497495889,0.6888888323748553,1.334892912793217,8.2065607916403,0.7889555098981731,0.6194584780157065,0.16949703188246656,24.891666730244953,23.598077040452225,24.923699657649387,24.134744147751213,1.0728476787731258,0.8322295831764578,0.24061809559666802,0.3967406117175193,27.374708033200193,2.1624991416931145,115.72183505092366,88.09887201471521,27.622963036208446,24.425000190734863,24.274999618530273,24.34999990463257,24.300000190734863,99.96599182956058,24.840555823643076,29.861554625906194,16.091672205248532,69.0319795081246,23.199999809265137,24.300000190734863,56.00000000000001,28.000000000000004,28.000000000000004,22.44856419250498,26.899999618530273,0.0,0.0,58.50601454281827,0.3987747545552049,0.4624587805859681,0.4723468122271471,16.86013041431421,46.542098379732685,63.157880647468026,68.93087890541231,-36.842119352531974,2.4830882913926047,-5.370373196072049,3.26896156457364,2.60078256479897,0.6681789997746699,7.922392920062964,13.745283548573333,-5.822890628510369,25.139215611509186,-1.160545996062079,-1.167332892241868,437.894720780222
2021-12-31 00:00:00+05:30,25.75,26.350000381469727,25.600000381469727,25.75,11939544,0.0,0.0,-352780747.9001211,436888460,0.009293510979291507,5174717.820598323,0.9422506349777042,-1.3215619109626275,92108645.04557738,25.665128724067785,71.32055105002505,879.5702571665429,24.357500076293945,27.67958921861589,21.035410933972,27.27775126278403,0.7095819624413778,0.0,0.0,24.98166681925456,26.171666590372723,23.791667048136397,9.526984566145714,0.822829129632306,0.0,0.0,20.899999618530273,27.649999618530273,24.274999618530273,27.71220354657607,0.7185185750325521,1.2814037359548132,8.299313357501221,0.7964300578425174,0.6548527939810688,0.14157726386144864,24.84583346048991,23.705769318800705,25.050822787241792,24.254392729399274,1.0467288878320236,0.906541956950602,0.14018693088142153,0.4201655092576339,26.945016525730484,0.7425003051757812,123.43592247107415,97.02659296105678,26.409329510017372,24.800000190734863,24.274999618530273,24.53749990463257,24.274999618530273,99.98299591478029,25.270675528081068,29.0709785116128,15.358920225583928,70.44795846419419,22.762499809265137,24.300000190734863,52.0,24.0,28.0,22.44856419250498,26.800999641418457,0.0,0.0,59.45716531950581,0.42784871702378147,0.4286035230518144,0.4538459395041891,17.20200270400703,42.46005213712213,66.66666666666667,66.08186899680022,-33.333333333333336,2.4876471687765687,-2.0912519126065883,3.28365284890084,2.737356621619344,0.5462962272814957,4.402562320396843,11.876739302938036,-7.474176982541193,25.172828322521323,0.7827818744094106,0.7797340320676138,442.1052631578948
2022-01-03 00:00:00+05:30,25.549999237060547,26.25,25.549999237060547,25.75,11088040,0.0,0.0,-357532747.7787049,447976500,0.00744170264723813,4435472.4176557055,-0.4734884729732058,-1.7665583295557306,92108645.04557738,25.497778611099527,59.804704147342065,879.5702571665429,24.572500038146973,27.662561055541133,21.482439020752814,25.150562723345775,0.6905302120613155,0.0,0.0,25.30500011444092,26.4,24.210000228881835,8.654415179663983,0.703196316012342,0.0,0.0,21.299999237060547,27.649999618530273,24.47499942779541,25.841897941242546,0.7007874796236606,1.223263438653277,8.318111759656736,0.7932100591340401,0.682524247011663,0.11068581212237705,24.90000009536743,23.83269236637996,25.15838851228152,24.36517845314748,0.9999998033661165,0.9999999016830582,-9.831694169903926e-08,0.4386500306209469,26.523298834253474,-0.6725004196166999,131.0987485690723,105.22889642234482,25.869852146727496,25.324999809265137,24.274999618530273,24.799999713897705,24.274999618530273,99.99149795739015,25.60603183763069,27.8748946083478,15.020888447081337,62.988433415065785,22.387499809265137,24.300000190734863,48.0,20.0,28.0,22.44856419250498,26.703979663848877,0.0,0.0,59.45716531950581,0.5378401128891378,0.4548211948227083,0.44862783282016355,17.479860123035287,38.24212444511043,66.66666666666667,65.49707132693379,-33.333333333333336,2.4949999304378707,2.5896398751059015,3.2555068728896326,2.840986671873402,0.41452020101623077,1.073071454762459,9.716005733302921,-8.642934278540462,25.308144064680306,0.0,0.0,442.1052631578948
2022-01-04 00:00:00+05:30,26.0,26.149999618530273,25.200000762939453,25.350000381469727,15709063,0.0,0.0,-368281060.6817954,432267437,-0.013804902476039998,2904173.614066601,-1.3606744012308631,-2.0806718123863135,91864620.99868542,25.258669263554175,45.75344280427747,879.5702571665429,24.76500005722046,27.527806985280506,22.00219312916041,22.312189959026686,0.6058706488513181,0.0,0.0,25.51166674296061,26.55166651407877,24.471666971842446,8.153130735020504,0.42227577063932176,0.0,0.0,21.600000381469727,27.649999618530273,24.625,24.429635465704816,0.6198347889084983,1.1959369803470312,8.334427490470004,0.7497390357716043,0.6959672047636514,0.05377183100795291,25.020833492279053,23.988461641164925,25.187867261387396,24.43812822561579,0.9162161457181514,1.0243242649721986,-0.10810811925404729,0.4487168267179152,26.24865049342167,-2.4650008201599114,128.70374582174736,111.34938246408137,17.35436335766599,25.574999809265137,24.274999618530273,24.924999713897705,24.274999618530273,99.99574897869508,25.461533080413876,26.29377683581001,16.258623348897412,43.08310185772964,22.34999990463257,24.300000190734863,44.0,16.0,28.0,22.44856419250498,26.608900085830687,0.0,0.0,56.455463914412476,0.6348433702219017,0.5335107333782738,0.47231181708426545,16.897305411147943,35.25307423933542,68.68687686038783,67.34007006457371,-31.313123139612173,2.3010294297162233,6.066948895744881,3.0679069560889514,2.8863707287165115,0.1815362273724399,0.6303628834525415,7.898877163332846,-7.268514279880304,25.31255710052863,-1.5533965768166014,-1.5655882024437684,433.6842185572574
2022-01-05 00:00:00+05:30,25.399999618530273,25.450000762939453,24.5,24.549999237060547,10807872,0.0,0.0,-377951280.2180731,421459565,-0.030371803907184323,1254104.530824525,-6.152925875318949,-1.4258694730535353,91523543.68750131,25.217946723527962,46.69046662478194,851.8125766248153,24.902500057220458,27.312578109807276,22.49242200463364,19.356113217941896,0.4268694182369821,0.0,0.0,25.57833340962728,26.638333257039385,24.51833356221517,8.288263589629658,0.014936641228150601,0.0,0.0,21.799999237060547,27.649999618530273,24.72499942779541,23.491618785373817,0.47008543943190356,1.1713433586062734,8.292074069627521,0.643318751978974,0.685437514206716,-0.04211876222774191,25.208333492279053,24.111538520226112,25.089733719183265,24.44641496720429,0.938953306882546,1.0203487498493249,-0.08139544296677892,0.44512839741284077,26.137847397372514,-1.302499675750731,123.45829630090115,115.57429137581315,7.884004925088007,25.699999809265137,24.274999618530273,24.987499713897705,24.274999618530273,49.99787448934754,24.48295073317454,24.780078874363127,19.56453967954478,-8.60036033261761,22.3125,24.300000190734863,40.0,12.0,28.0,22.44856419250498,26.515722099372862,0.0,0.0,50.91869649864248,0.3151634813421815,0.49594898815107386,0.4947603054506853,14.78847084533049,31.61455661875359,52.52523384292306,62.62625912332584,-47.47476615707694,1.9854412920334745,10.089686443848423,2.631546395829443,2.8354058621390976,-0.20385946630965446,-2.1880367182352356,5.881494387019229,-8.069531105254464,25.30374040903659,-3.155823007379366,-3.2066921921741542,416.84208920127463
2022-01-06 00:00:00+05:30,24.399999618530273,27.700000762939453,24.100000381469727,26.700000762939453,58236083,0.0,0.0,-352068573.2342305,479695648,0.02580364266051341,18961756.356593966,5.718106143067826,0.1547734648992584,96623652.49411169,25.4842260757974,61.582450409004124,851.8125766248153,25.10500011444092,27.401933121521374,22.808067107360465,18.298609811670232,0.8472022570057189,0.0,0.0,25.720000139872234,27.05000006357829,24.39000021616618,10.342145540226747,0.8684213080014473,0.0,0.0,21.950000762939453,27.700000762939453,24.825000762939453,22.90380391869618,0.8260869565217391,1.4142090608926188,7.703405758001746,0.72411986216051,0.6931739837974747,0.030945878363035306,25.46666685740153,24.317307765667255,25.33746711053037,24.61334724836986,0.9738902393050278,0.8198431990071827,0.1540470402978451,0.4496362150758837,26.479402129304,-0.8550001144409194,125.95807600238484,118.80980337403074,7.148272628354107,25.90000057220459,24.300000190734863,25.100000381469727,24.300000190734863,50.038076731651245,25.14210536279675,31.955969091605564,15.842553807055438,75.3240798147521,22.25,24.300000190734863,100.0,8.0,92.0,21.950000762939453,26.515722099372862,1.0,0.0,61.77010763799201,0.9416983611232908,0.6305684042291247,0.5533427085861574,16.274092907453948,42.248298803642705,82.6086956521739,67.94026878516159,-17.391304347826086,1.8916178927702063,13.135594624412752,2.941980441967187,2.8567207781047155,0.08525966386247141,16.28047856744411,7.9612912231042055,8.319187344339905,25.39686227360572,8.757643962095418,8.39517708171491,462.105279219778
2022-01-07 00:00:00+05:30,26.899999618530273,27.450000762939453,26.100000381469727,26.549999237060547,25412595,0.0,0.0,-360539486.10649186,454283053,-0.007189140500901211,15708372.873288734,4.648286937190046,2.0406989128119752,96480883.65824582,25.741192354996247,68.05795774254157,847.0270641676801,25.26500005722046,27.495493498723103,23.034506615717813,17.656785564622986,0.7880526694071799,0.0,0.0,25.841666793823244,27.15666675567627,24.526666831970214,10.177361795929844,0.7693279329982492,0.0,0.0,21.950000762939453,27.700000762939453,24.825000762939453,22.758757122411772,0.7999997346297555,1.4077881929503295,6.141731584056418,0.767207563376104,0.7079806997132005,0.05922686366290342,25.65833346048991,24.515384674072266,25.524010514611938,24.756802951235834,1.1832882750094262,0.7520214552544778,0.4312668197549484,0.45705611696479076,26.784789653312565,-0.4149996757507317,127.67579626765115,121.5000300303631,6.175766237288045,25.90000057220459,24.300000190734863,25.100000381469727,24.300000190734863,62.57774759629172,25.754177518874517,29.676012105809317,14.71223786759181,110.21639142363175,22.25,24.300000190734863,96.0,4.0,92.0,22.06500076293945,26.515722099372862,0.0,0.0,60.76077337680167,0.8297721940403269,0.6955446788352666,0.6073540237384883,17.126623514403775,43.70498124208533,76.99996948242188,70.71129965917294,-23.000030517578125,1.8979414210600005,9.484532936332151,3.09897673333384,2.9051719691505404,0.1938047641832994,16.077932764689727,9.58461953142131,6.493313233268417,25.438267529484712,-0.561803451658005,-0.5633875028716595,458.94735235916943
2022-01-10 00:00:00+05:30,26.850000381469727,30.700000762939453,26.450000762939453,29.799999237060547,123293206,0.0,0.0,-289464667.65025765,577576259,0.08743213260811163,70707593.81996177,6.204722108226441,1.8649656933297898,111573272.77367252,26.87478710150182,78.49332996478245,847.0270641676801,25.507499980926514,28.47958254063899,22.53541742121404,23.30359746690095,1.2221366112638028,1.0,0.0,26.201666768391924,27.801666768391925,24.60166676839193,12.212963504521317,1.6244788964589452,1.0,0.0,21.950000762939453,30.700000762939453,26.325000762939453,34.30363621108654,0.8971426827566964,1.6920093736552964,5.137528472553957,1.0514818869680767,0.7766809371641759,0.2748009498039008,26.07083336512248,24.840384630056526,26.181854933450186,25.13037304648211,1.162679410554428,0.67224877959345,0.49043063096097805,0.49182824257394137,27.131074180674926,-0.05749921798706126,143.94165100431357,125.5984790773316,18.343171926981967,27.40000057220459,25.800000190734863,26.600000381469727,25.800000190734863,75.10736790035638,27.71527163786428,38.790398977713956,11.846670129449045,249.2481955847969,22.25,24.300000190734863,100.0,0.0,100.0,22.177700762939452,26.515722099372862,0.0,0.0,71.59185629971218,1.0,0.9238235183878727,0.7499788671507547,22.160570184478097,53.635967995336024,87.05033917869302,82.2196681044296,-12.949660821306976,2.22264751546523,19.919512191565037,4.184107752890158,3.160959125898464,1.023148626991694,40.26635110416137,15.720965845969324,24.54538525819205,26.0734987362596,12.241054965694298,11.547864895736515,527.3684049907483
2022-01-11 00:00:00+05:30,29.850000381469727,32.29999923706055,28.649999618530273,30.0,103553571,0.0,0.0,-316416937.30061865,681129830,-0.05461178298745912,63565193.73212507,6.697011348775478,1.8059384997681212,112268265.85203971,27.667593252116983,83.38998461350717,852.7118313959028,25.657499980926513,29.169518597710205,22.14548136414282,27.37615605101421,1.1182341970399847,1.0,0.0,26.613333384195965,28.43833338419596,24.788333384195962,13.714929833507858,1.4278538673435726,1.0,0.0,21.950000762939453,32.29999923706055,27.125,40.33907622260611,0.7777778187299821,1.8878083981427942,4.357102461431062,1.2781757126154432,0.8769798922544294,0.40119582036101376,26.449999968210857,25.169230754558857,26.769261866765543,25.4910861541501,1.1987314558731863,0.6617336097658187,0.5369978461073676,0.5435071870476685,27.58192722780194,-0.3074995994567864,153.1266924370423,130.3467515472345,22.77994088980779,28.199999809265137,26.799999237060547,27.499999523162842,26.59999942779541,84.50207048826093,29.98717723727526,39.56052551366905,10.038323430095664,272.76331730073167,22.25,24.300000190734863,100.0,0.0,100.0,22.518592762939452,26.515722099372862,0.0,0.0,72.10219032346095,1.0,0.9432573980134423,0.8542085317455271,26.10119897671473,51.01792550459662,71.95122490178898,78.66717785430127,-28.048775098211024,2.928970920338351,17.878189000631785,5.0142065539539535,3.5316086115095624,1.4825979424443911,46.7738966622423,21.93155200922392,24.84234465301838,26.576372809950584,0.6711435169794333,0.6689013752791961,531.578947368421
2022-01-12 00:00:00+05:30,30.100000381469727,31.399999618530273,28.649999618530273,29.0,45625879,0.0,0.0,-350428943.5334248,635503951,-0.07612432206299005,47966469.05610721,-2.7122753634601233,1.2911917467997576,110747403.21870637,27.915422182402512,75.07029866805678,824.288103682706,25.792500019073486,29.588981935283698,21.996018102863275,29.43865009908092,0.9224305622570117,0.0,0.0,26.97333335876465,28.953333473205568,24.99333324432373,14.681167418987487,1.0117844757821162,1.0,0.0,21.950000762939453,32.29999923706055,27.125,40.12793822416321,0.6811594469978144,1.9740275583285147,3.904970646444164,1.3614466505144804,0.9738732439064397,0.38757340660804074,26.75416660308838,25.457692293020393,27.11245234880161,25.75100569828713,1.16470583747415,0.7470587936102175,0.41764704386393237,0.5944479943798642,27.987932476309766,0.4075007438659668,159.45793701035785,135.20631843161607,24.251618578741784,28.199999809265137,26.949999809265137,27.574999809265137,26.59999942779541,90.7643680001493,32.09680386529975,35.20077010515665,8.932053119009058,195.54581059517437,22.25,24.300000190734863,96.0,0.0,96.0,23.10547715138672,26.515722099372862,0.0,0.0,65.74283453345134,0.6997966509868634,0.8999322169956212,0.922337711132312,27.105506399267938,46.43880443954587,59.75610124859246,72.91922177635814,-40.24389875140754,3.719117843403538,14.398420369249147,5.286964969313953,3.8826798830704403,1.4042850862435126,41.494497992008014,25.844141205780737,15.650356786227277,26.778777312848227,-3.3333333333333326,-3.390155167568132,510.5263157894737
2022-01-13 00:00:00+05:30,29.299999237060547,29.549999237060547,28.25,28.75,21988146,0.0,0.0,-355503121.14547575,613515805,-0.06989046369026355,40328825.405234754,-6.651307216593501,0.4984034280350854,110557850.23594774,28.08718333710855,70.47418181753555,817.1821717544069,25.975,29.96667885053122,21.983321149468782,30.734774595043067,0.8475981039444965,0.0,0.0,27.285000038146972,29.310000038146967,25.260000038146973,14.843320485020033,0.861728385642724,0.0,0.0,21.950000762939453,32.29999923706055,27.125,39.84599990036995,0.6570048540647725,1.9066247262017177,3.7596369486219943,1.391229332338348,1.0573444615928214,0.33388487074552664,26.96666653951009,25.725000014671913,27.364382756678285,25.973153424339937,1.1304347563863386,0.8616600748796448,0.2687746815066938,0.6390710291113256,28.045062974033318,-0.12499961853027486,166.41523726131368,139.9817978527538,26.433439408559877,28.199999809265137,27.049999237060547,27.624999523162842,26.59999942779541,94.67798986506155,33.62682072030056,33.3307745833093,10.092124423948318,128.0613287959535,22.21250009536743,24.300000190734863,92.0,0.0,92.0,23.657148476527148,26.515722099372862,0.0,0.0,64.21791969583,0.6278106580136572,0.7758691030001738,0.8730195726697456,27.38481496072754,46.93654491870318,56.707320335293325,62.80488216189158,-43.292679664706675,4.142647092482623,9.732821232080205,5.356412868352752,4.177426480126903,1.178986388225849,33.186976005377225,27.312708165700037,5.874267839677188,26.94905381401042,-0.8620689655172376,-0.8658062743114758,505.2631578947368
2022-01-14 00:00:00+05:30,28.600000381469727,30.899999618530273,28.399999618530273,30.049999237060547,40716393,0.0,0.0,-342473887.8111328,654232198,-0.031085544999986208,42129176.03818084,4.605024811505282,0.9028883726675454,112398938.23023844,28.28532607742865,74.44829388372443,817.1821717544069,26.282499980926513,30.52694028943456,22.038059672418466,32.2986041022603,0.9438157898677504,0.0,0.0,27.67333329518636,29.873333295186363,25.473333295186357,15.899783206692215,1.0401513504259507,1.0,0.0,21.950000762939453,32.29999923706055,27.125,39.37980968945951,0.7826086636026227,1.9659622535815457,3.386343561720065,1.5024125198309584,1.1463580732404488,0.35605444659050955,27.31666644414266,26.009615384615383,27.77755452289094,26.275142003059983,1.1325756872433703,0.8106060578693919,0.32196962937397844,0.686403452612117,28.06444291910754,-0.7325007438659661,177.84442355652575,145.17576174024862,32.66866181627714,28.199999809265137,27.125,27.66249990463257,26.59999942779541,97.02603735200158,35.447145288359046,35.379406231809924,9.091843580538628,140.89626154465583,22.199999809265137,24.300000190734863,88.0,24.0,64.0,24.175719522159152,26.515722099372862,0.0,0.0,68.33143671456199,0.821995670776406,0.716534326592309,0.797445215529368,29.009348254674638,50.159591951684455,72.56097178030784,63.00813112139787,-27.43902821969217,4.485293971790988,16.247577538147894,5.717999619777463,4.485541108057015,1.2324585117204476,29.461876231649075,27.742541778889848,1.7193344527592274,27.301367890253008,4.52173647673233,4.422486834885664,532.6315628854852
2022-01-17 00:00:00+05:30,30.299999237060547,35.79999923706055,30.149999618530273,34.0,157635595,0.0,0.0,-285278636.13540196,811867793,0.06022830576741872,125062253.82078567,11.917516252570527,1.4571444190749625,133119761.40245634,29.572419265121262,80.40123748517817,817.1821717544069,26.867500019073486,31.905979177297844,21.829020860849127,37.50612565104677,1.207802866395117,1.0,0.0,28.41999994913737,31.114999834696448,25.72500006357829,18.96551646996664,1.5352505172194204,1.0,0.0,22.700000762939453,35.79999923706055,29.25,48.75778715854205,0.862595462082196,2.344366028223391,3.292452248021674,1.8875001205245425,1.2945864826972675,0.592913637827275,28.020833174387615,26.419230754558857,28.734853827061563,26.84735370653702,1.1470587593644739,0.7042483323010172,0.44281042706345664,0.7631951246058916,28.19482296907573,-1.1175000190734856,208.03004037676124,153.9897944685835,54.040245908177724,29.949999809265137,28.875,29.41249990463257,28.34999942779541,98.39567937271367,38.071838719889115,45.20295682541846,7.299752725304585,217.7702847456432,22.324999809265137,24.300000190734863,100.0,20.0,80.0,24.663176305053234,26.515722099372862,0.0,0.0,76.98793243007093,1.0,0.8166021095966878,0.7696685130630568,34.13686646588034,52.14713920443558,84.61538963142358,71.29456058234156,-15.384610368576412,5.029999598334818,33.07241101863767,7.0304885209783565,4.9945305906412845,2.035957930337072,42.77368363671111,30.7487701504541,12.024913486257013,28.562309721806,13.144761608073296,12.349788902394554,615.7894736842105
2022-01-18 00:00:00+05:30,34.79999923706055,35.70000076293945,31.649999618530273,32.04999923706055,76318738,0.0,0.0,-346522086.500556,735549055,-0.021899326143970478,85935989.37116256,3.714689164530058,1.722479359398538,128742655.59873351,30.066883768256094,73.18287701246811,770.3143523902418,27.289999961853027,32.572858683587455,22.0071412401186,38.716443599259826,0.9505135879958525,0.0,0.0,29.176666577657063,32.18166669209798,26.171666463216145,20.59865273808961,0.9780919384321011,0.0,0.0,23.75,35.79999923706055,29.774999618530273,44.15536553281232,0.6887966607942485,2.5149295398419698,3.4487651229935987,2.0121413408844653,1.4380974543347071,0.5740438865497581,28.545833110809326,26.692307618948128,29.244876197830635,27.23273485694617,1.1763825781820432,0.7294468660895963,0.44693571209244687,0.8380716578738758,28.127160075032805,-1.5399999618530273,229.688896523143,165.79319449327704,63.89570202986596,29.949999809265137,28.875,29.41249990463257,28.34999942779541,99.19783968635684,40.509054049167034,39.323558734582875,6.350298192883512,170.3385032729408,23.149999618530273,24.300000190734863,96.0,16.0,80.0,25.55412213961382,26.515722099372862,0.0,0.0,67.21937345852461,0.6252840322117161,0.8157599009960409,0.7829654457283458,34.267949945721035,47.097325476513944,67.94871481369358,75.04169207514165,-32.05128518630641,5.310440916173601,24.466016454604063,7.3886862683981755,5.473361726192663,1.9153245422055125,40.140979273543124,32.62721197507191,7.513767298471215,28.950163856667718,-5.735296361586628,-5.906336505414611,574.73682604338
2022-01-19 00:00:00+05:30,32.25,34.650001525878906,30.850000381469727,32.25,116376291,0.0,0.0,-377147475.42744637,851925346,-0.05461708217424395,76984469.03071989,-3.020373075309383,1.7197544997112375,129468875.49084353,30.481166355466577,62.8692776504126,770.3143523902418,27.689999961853026,33.198229840486974,22.181770083219078,39.7849757040255,0.9139260832082287,0.0,0.0,29.951666641235352,33.24166679382324,26.661666488647462,21.96872843168232,0.8492907678069248,0.0,0.0,24.100000381469727,35.79999923706055,29.949999809265137,42.25351705203777,0.6965812321114726,2.6434367002986905,3.424356441079337,2.1028188098239085,1.5710417254325475,0.531777084391361,29.087499777475994,26.894230695871208,29.70720293662592,27.60438412680201,1.145604360911199,0.7651098284250987,0.3804945324861003,0.9074761536776311,28.066093600846216,-2.3399995803832994,253.97702327060122,180.0175219675233,73.95950130307793,30.949999809265137,28.875,29.91249990463257,28.34999942779541,99.59891984317842,42.06965758259666,34.755768201672254,8.058105439830427,130.9507863422462,24.09999942779541,24.300000190734863,92.0,12.0,80.0,26.37379230740956,26.515722099372862,0.0,0.0,67.67244034557793,0.6426634018351697,0.7559824780156287,0.7961148295361191,34.52911264179296,42.695712783383115,69.65812321114727,74.07407588542146,-30.341876788852737,5.522352925468894,25.24271844660194,7.617698696571217,5.902229120268374,1.7154695763028425,41.67844701666001,34.43745898338953,7.240988033270476,29.443099057409086,0.6240273563195231,0.6220883679766143,578.9473684210526
2022-01-20 00:00:00+05:30,32.70000076293945,33.75,32.29999923706055,32.54999923706055,39066573,0.0,0.0,-402742823.4465698,890991919,-0.0837471459835435,67660965.1826985,1.020689155018713,1.7253572511427382,129832284.54803951,30.656013166575523,64.26510141855243,777.4800490728421,28.07499990463257,33.807232945935304,22.342766863329835,40.83514201798359,0.8903364797090462,0.0,0.0,30.621666526794435,33.6966667175293,27.54666633605957,20.08381998441653,0.8135500147408578,0.0,0.0,24.100000381469727,35.79999923706055,29.949999809265137,41.67408333155591,0.7222221950520111,2.5290930302688213,3.3903360915652847,2.1738302267947027,1.6915994257049787,0.48223080108972405,29.687499682108562,27.13461531125582,30.144556213615864,27.97072598682116,1.1765498337727776,0.7964959899925382,0.3800538437802393,0.9699280403954479,27.830698037343502,-3.525000667572023,271.5330255286522,196.001658552079,75.53136697657322,31.125,28.875,30.0,28.34999942779541,99.7994599215892,43.518789435067035,33.120308116075186,7.678924932701219,120.50253345348379,24.274999618530273,24.300000190734863,88.0,8.0,80.0,27.12788886178164,26.515722099372862,0.0,0.0,68.37843531947539,0.6697449386993296,0.6458974575820718,0.7392132788645803,34.968107145142625,41.78921204925543,72.22221950520111,69.94301917668065,-27.777780494798886,6.009117631351245,28.40236192206867,7.771804806993342,6.2761442576133675,1.4956605493799744,34.03702087991519,34.357371362694664,-0.32035048277947453,29.81332609354356,0.9302301924358103,0.9259301973796319,585.2631418328536
2022-01-21 00:00:00+05:30,32.5,33.150001525878906,30.950000762939453,31.549999237060547,38233992,0.0,0.0,-420121970.98832774,852757927,-0.09883760356424263,52533114.15659872,-5.610184222801555,1.3584504118692846,128657661.11036927,30.7708099855871,62.034418552629774,753.5943327196563,28.379999828338622,34.16993901621072,22.590060640466525,40.80295435442955,0.7737506652368619,0.0,0.0,31.139999898274738,34.30000012715657,27.979999669392903,20.29544148493661,0.5648733084001845,0.0,0.0,24.100000381469727,35.79999923706055,29.949999809265137,41.22621186173468,0.6367521012218607,2.4961838035358843,3.8588742034651657,2.1249208785319915,1.7782637162703814,0.34665716226161014,30.270833015441895,27.38269219031701,30.360778217222737,28.235857338690746,1.1360104040426302,0.8173574941353975,0.3186529099072327,1.014576023630821,27.61910572834718,-1.6799990653991692,283.09873272499726,211.46355652104387,71.63517620395339,32.02499961853027,28.875,30.449999809265137,28.34999942779541,99.8997299607946,43.698378837346915,30.828974181429565,11.392942113922135,85.37277489682869,24.274999618530273,24.300000190734863,84.0,4.0,80.0,27.821657691803953,26.515722099372862,0.0,0.0,63.40754522885061,0.4790646247959983,0.5971576551101659,0.6663458635692888,33.65282521719103,42.46227372169756,63.67521012218607,68.5185176128448,-36.32478987781393,6.18544141545015,28.513239175310595,7.525611328331356,6.526037671756965,0.9995736565743911,27.439438043977987,32.97378469895133,-5.534346654973341,29.958574736061394,-3.0721966925929323,-3.1203780410272053,564.2105102539062
2022-01-24 00:00:00+05:30,31.600000381469727,32.04999923706055,28.299999237060547,28.899999618530273,47277021,0.0,0.0,-452270335.6497932,805480906,-0.12656342128342407,27130656.760620657,-14.872462358737396,0.39332270061881797,124686691.5178223,30.807835715454313,59.7975026839928,753.5943327196563,28.55749979019165,34.18024569234483,22.934753888038465,39.37841858329889,0.5304566340271101,0.0,0.0,31.216666475931806,34.32666670481363,28.10666624704997,19.92525519199596,0.1275455487290333,0.0,0.0,24.100000381469727,35.79999923706055,29.949999809265137,40.969969155385584,0.4102563851762154,2.621565423182296,5.496410825268645,1.8509899850698268,1.7928089700302707,0.05818101503955608,30.454166253407795,27.5749998826247,30.13604304819313,28.285053063123303,1.071256005095477,0.8538647648467383,0.21739124024873857,1.0226970007293066,27.51865799238903,-2.007500553131102,273.6294672659185,224.85275372425227,48.776713541666226,32.02499961853027,28.875,30.449999809265137,28.34999942779541,49.9498649803973,42.03667406089185,27.355019369380074,18.07219069293333,27.37322830672065,24.374999523162842,24.300000190734863,80.0,0.0,80.0,27.821657691803953,35.79999923706055,0.0,1.0,52.51293309782091,0.06115394418815538,0.40332116922782785,0.5487920939733552,28.49049470432331,39.5144753854287,41.02563851762154,58.974356048336226,-58.97436148237846,5.373235500560089,8.239695852909849,6.544056965136328,6.529641530432838,0.014415434703489716,23.028890149115743,30.98480578898421,-7.9559156398684685,29.946487976274632,-8.399365079595377,-8.773198288656392,508.4210446006374
2022-01-25 00:00:00+05:30,28.450000762939453,30.5,27.299999237060547,29.700000762939453,47294920,0.0,0.0,-428622847.4598309,852775826,-0.10096441735085734,28659990.098352082,-8.626718793571037,0.21662320645795446,125995895.34564798,30.79397078481176,57.504820194835226,753.5943327196563,28.73249979019165,34.26804609042502,23.196953489958283,38.531602475626045,0.5873898365466671,0.0,0.0,31.10166651407878,34.16666685740153,28.036666170756025,19.709556990686146,0.2713432962262273,0.0,0.0,24.100000381469727,35.79999923706055,29.949999809265137,40.72043484216721,0.4786325580530957,2.6794089571580115,6.229161066198975,1.6790956158421366,1.770066299192644,-0.09097068335050729,30.716666380564373,27.859615325927734,30.068959619692563,28.389864003850427,1.0607101812164583,0.8808705968707338,0.17983958434572456,1.0104849200545964,27.473399835431064,1.0674994468688972,268.94287180207067,237.01774647888703,31.925125323183636,31.549999237060547,29.25,30.399999618530273,28.34999942779541,24.97493249019865,39.92160455344976,24.788102137500694,19.308758147225628,8.575756133972956,24.449999809265137,24.300000190734863,76.0,0.0,76.0,27.821657691803953,35.64999923706055,0.0,0.0,55.02522069389259,0.10264709559200312,0.21428855485871903,0.40492245973223756,25.304995900025524,41.92770138313215,47.86325580530957,50.85470148170572,-52.13674419469043,4.212353061227237,11.864412867786037,5.914419370287953,6.406597098403861,-0.4921777281159079,19.305194594729333,28.648883550133235,-9.343688955403902,29.944988460523362,2.7681700863976033,2.7305489578108855,525.26317395662
2022-01-27 00:00:00+05:30,29.149999618530273,30.649999618530273,28.700000762939453,30.200000762939453,32934936,0.0,0.0,-410888621.415598,885710762,-0.06980064544026443,26918201.22715893,4.588593185306877,0.13594370947502954,126550355.5334251,31.05429531603916,56.696772235847554,766.2811056718648,28.949999809265137,34.35573741495653,23.54426220357374,37.34533776377674,0.6156179826743962,0.0,0.0,31.11833324432373,34.103333473205566,28.133333015441895,19.18483361846719,0.34617547554958145,0.0,0.0,24.100000381469727,35.79999923706055,29.949999809265137,40.41450408523444,0.5213676049681709,2.6064679470012924,6.9083164730848265,1.5651715873493082,1.7290873568239769,-0.16391576947466868,30.74999984105428,28.1134614944458,30.0891197955767,28.52394820822739,1.1059523943059832,0.9261905158728411,0.17976187843314217,0.9871537473759813,27.47360500844637,1.0500001907348633,271.24400314103144,248.66538713218904,22.578616008842403,31.549999237060547,29.774999618530273,30.66249942779541,28.34999942779541,12.487466245099325,38.02409284235947,23.796401711034147,18.188688126754922,23.48361708046973,24.499999523162842,24.300000190734863,72.0,0.0,72.0,27.821657691803953,35.315999237060545,0.0,0.0,56.57165462738179,0.16583132340325807,0.10987745439447232,0.24249572616033965,23.30700743244101,39.332346488422765,42.26805015658941,43.71898149317349,-57.73194984341059,3.3892646509058366,1.342287033958871,5.48721928648662,6.222721536020413,-0.7355022495337931,14.106664417528862,25.74043972361236,-11.6337753060835,29.94869315680516,1.6835016402555691,1.6694878146868763,535.7894897460938
2022-01-28 00:00:00+05:30,30.600000381469727,32.45000076293945,30.600000381469727,31.049999237060547,40637623,0.0,0.0,-431756644.33648527,926348385,-0.08094718997691479,28007303.557837408,8.42200197447113,0.4054947835665355,127694127.60856679,31.18679178993769,57.585927844266216,766.2811056718648,29.224999809265135,34.468042609275074,23.9819570092552,35.88053265511226,0.6740401039442164,0.0,0.0,31.369999949137373,34.410000292460126,28.329999605814617,19.38157697323394,0.44736830987869886,0.0,0.0,24.100000381469727,35.79999923706055,29.949999809265137,40.03421362514978,0.5940170543067855,2.5708211523011633,7.285569242302141,1.525884302706757,1.688446746000533,-0.162562443293776,30.837499777475994,28.374999926640438,30.23694740195883,28.711063099252073,1.0920746065837938,0.8706293930149961,0.22144521356879776,0.9618210554750058,27.480690226505583,-0.2249998092651353,274.97060749350396,259.4571853474088,15.513422146095138,31.549999237060547,29.949999809265137,30.749999523162842,28.34999942779541,6.243733122549663,37.00948508909341,27.575258183925875,16.965770346526675,61.987822322831285,24.53749990463257,24.300000190734863,68.0,40.0,28.0,27.821657691803953,34.99535923706055,0.0,0.0,59.14356385191113,0.27091444065345593,0.1797976198829058,0.16798787637869897,22.495750159966725,42.735853133212004,49.19785267187968,46.44305287792621,-50.80214732812032,2.8429412841796875,3.4999974568684893,5.3146213967483025,6.041101508165991,-0.7264801114176889,10.915936655971164,22.775539110084125,-11.859602454112961,29.979446008487074,2.814564412740639,2.7756834164449184,553.6841944644325
2022-01-31 00:00:00+05:30,31.799999237060547,32.20000076293945,30.799999237060547,30.950000762939453,23144215,0.0,0.0,-449941339.64869064,903204170,-0.09035246552612214,23675633.594613418,-0.1512293211684715,-0.048501747104529716,127619590.20948151,31.51740805969495,50.203673391356,763.8132492081663,29.48499984741211,34.524751691158706,24.445248003665515,34.18519158777566,0.6453445487941176,0.0,0.0,31.52333335876465,34.45333385467529,28.593332862854005,18.589407805098094,0.4021616896267787,0.0,0.0,24.100000381469727,35.79999923706055,29.949999809265137,39.68119015139736,0.5854701753407837,2.4537391896589376,7.669907252231153,1.4697375854334815,1.6447049138871228,-0.17496732845364127,30.99999984105428,28.609615325927734,30.34664791903277,28.876910333599287,1.0948813719726735,0.948814005471828,0.1460673665008455,0.9334776884979826,27.39549728163418,-0.7349998474121087,274.63439738434244,266.8576694593623,7.77672792498015,31.5,29.949999809265137,30.72499990463257,28.34999942779541,3.1218665612748313,36.06734931820349,26.386461169295337,16.234358984778666,55.421179218097635,24.53749990463257,24.300000190734863,64.0,36.0,28.0,27.821657691803953,34.68754483706055,0.0,0.0,58.70310701908445,0.2529182467885472,0.22988800361508718,0.1731876926308217,21.721475056769133,40.21300714719366,42.94119442210478,44.80236575019128,-57.05880557789522,2.527793985254622,6.724140561860183,5.0896635701479145,5.850813920562376,-0.7611503504144617,5.399904272539927,19.300412142575286,-13.900507870035359,29.99088763409092,-0.3220562852759734,-0.3225760026854818,551.5789634303043
2022-02-01 00:00:00+05:30,31.700000762939453,31.700000762939453,29.850000381469727,30.100000381469727,22192550,0.0,0.0,-466135904.3989878,881011620,-0.0999610020023843,17598589.37169922,-6.043691319775521,-0.9585519377153153,127010101.50186332,31.654672502381754,42.17919124568102,742.8361397673162,29.702499866485596,34.445439247576594,24.959560485394597,31.936297634278443,0.541904448174994,0.0,0.0,31.24666678110758,33.79666735331217,28.69666620890299,16.32174458842681,0.2751635015033527,0.0,0.0,24.100000381469727,35.79999923706055,29.949999809265137,39.390620009032816,0.5128205629809025,2.3933653088400164,8.259881745668357,1.341192547618565,1.5840024406334112,-0.24280989301484612,31.112499872843426,28.788461465101975,30.308702144023073,28.967509596404508,1.0169935022497736,1.0013071694659894,0.015686332783784174,0.8962417002561202,27.289786781500876,0.34749937057495117,251.67411879712472,269.3004719342491,-17.626353137124397,30.975000381469727,29.949999809265137,30.46250009536743,28.34999942779541,1.5609332806374157,34.5837630225157,24.861219906710513,18.264255109543356,25.346317132253876,24.53749990463257,24.300000190734863,60.0,32.0,28.0,27.821657691803953,34.39204301306055,0.0,0.0,54.956603248906475,0.09984352268666286,0.2078920700428888,0.20585923118029384,19.9400284667064,39.092961293189525,32.94118993422564,41.693412342736686,-67.05881006577435,2.505882465138157,4.695653500764267,4.62998913715743,5.606648963881387,-0.9766598267239566,0.5353323405800134,15.547396182176232,-15.01206384159622,30.002045114780007,-2.7463662698436697,-2.7847839353071002,533.6842185572574
2022-02-02 00:00:00+05:30,30.350000381469727,30.5,28.399999618530273,28.549999237060547,30719007,0.0,0.0,-492466493.7850787,850292613,-0.11274567042772599,8282434.317868819,-9.057916838329216,-1.4118120430631078,125428224.57821961,31.672374875235473,43.0111338529447,742.8361397673162,29.862499809265138,34.20644677403098,25.518552844499297,29.09298948521442,0.34892764773023177,0.0,0.0,30.848333422342932,33.203333918253584,28.493332926432288,15.268251050508683,0.012031061294181782,0.0,0.0,24.100000381469727,35.79999923706055,29.949999809265137,39.17956946109642,0.3803418197314094,2.3640288161029877,9.262019421438296,1.1015495629090672,1.4875118650885426,-0.38596230217947536,30.987499872843426,28.911538344163162,30.038132466028838,28.93658290311977,0.9787234269207316,1.0093085197449367,-0.030585092824205184,0.8418547333279405,27.18967645433206,4.137500190734862,230.34138015573168,266.6742893659303,-36.33290921019861,30.524999618530273,29.949999809265137,30.237499713897705,28.34999942779541,0.7804666403187078,32.36910663731457,23.22040558715331,21.6159051930429,-33.38980303418254,24.53749990463257,24.300000190734863,56.00000000000001,28.000000000000004,28.000000000000004,27.821657691803953,34.10836126202055,0.0,0.0,48.835893246837884,0.0,0.1175872564917368,0.1851224433832375,16.445938266339425,37.48946138196977,14.705882352941176,30.196088903090523,-85.29411764705883,2.5357354332419,-4.991680659179704,3.8067714028193174,5.246673451668974,-1.4399020488496563,-1.922928493005168,12.053331247139953,-13.976259740145121,29.86784592056453,-5.149505397891618,-5.286827504914715,501.0526155170641
2022-02-03 00:00:00+05:30,28.700000762939453,29.649999618530273,28.399999618530273,29.25,27886117,0.0,0.0,-482427474.6447436,878178730,-0.09340378716022762,9887844.154661682,-1.9050706787846405,-1.0727951475053321,126111948.00018312,31.659308541444585,42.686136123136464,761.04930538804,30.09749984741211,33.7140553769619,26.48094431786232,24.032265456499406,0.38283052195833245,0.0,0.0,30.5,32.60000038146973,28.399999618530273,13.770494304719518,0.20238100644411242,0.0,0.0,24.100000381469727,35.79999923706055,29.949999809265137,38.87365699778159,0.44017095062102135,2.2526259344926887,9.924019480937686,0.9570823330388549,1.381425958678605,-0.42434362563975014,30.59166653951009,29.02884600712703,29.916881317409015,28.95979898437016,0.9893475481836583,0.9826897594490827,0.006657788734575676,0.7821367322943196,27.062366541705263,1.9524993896484375,213.28518309329704,260.20230687311306,-46.91712377981602,30.225000381469727,29.949999809265137,30.08750009536743,28.34999942779541,0.3902333201593539,30.31263999391353,22.277894499069642,20.738520418391083,-49.05325503967964,24.34999990463257,24.300000190734863,52.0,24.0,28.0,27.821657691803953,33.83602678102215,0.0,0.0,51.46488464547619,0.09338546957564962,0.06440966408743763,0.129962996874021,14.349306678359214,42.497296006899724,22.94118544634651,23.529419244504425,-77.05881455365349,2.308676517710964,-13.970588235294118,3.3048652497740063,4.858311811289981,-1.5534465615159743,-4.4823067791775495,8.746203641876452,-13.228510421054,29.826477531699403,2.4518416169720503,2.4222664298769736,515.7894736842105
2022-02-04 00:00:00+05:30,29.549999237060547,29.700000762939453,29.049999237060547,29.450000762939453,14874199,0.0,0.0,-478994940.3238286,893052929,-0.11805110037716827,8900273.725154763,1.5294993835535045,-1.2924755352161732,126213652.31293912,31.719171479772243,40.7255408428741,766.2530811730708,30.23499984741211,33.518153804417054,26.951845890407164,21.71757217512246,0.3804504609359272,0.0,0.0,30.153333409627276,32.17333386739095,28.133332951863604,13.398190046336525,0.3259078001728577,0.0,0.0,26.100000381469727,35.79999923706055,30.949999809265137,32.08202052106532,0.3453609048148367,2.0923634936313102,10.54884417296263,0.8489433125711656,1.2749294294571172,-0.42598611688595156,30.375,29.16730756026048,29.84505353979831,28.996110227227145,1.0028011306247742,1.0182072689203474,-0.015406138295573246,0.7215151645367949,26.915216498611784,2.0150001525878913,194.7208168113266,250.38253843826078,-55.66172162693417,29.875,29.949999809265137,29.91249990463257,28.34999942779541,0.19511666007967696,28.430945627874642,21.953731247392717,20.277603821073853,-47.30537119376623,24.34999990463257,24.300000190734863,48.0,20.0,28.0,27.821657691803953,33.574585679263684,0.0,0.0,52.22029863307722,0.12021883616356432,0.07120143524640478,0.08439945194185966,12.870028518699812,37.713717396193246,25.294135598575366,20.980401132621,-74.70586440142463,1.7345587393816757,-8.112319925158138,2.9277834368763496,4.472206136407254,-1.5444226995309047,-9.347777446956817,5.127407424109798,-14.475184871066615,29.799555471454028,0.683763292100692,0.6814362325993084,520.0000160618832
2022-02-07 00:00:00+05:30,29.5,29.75,28.399999618530273,28.649999618530273,13990301,0.0,0.0,-487803649.8250288,879062628,-0.11963624379003363,6029912.220042814,-2.8948653208609034,-2.350502790461275,125833609.64670213,31.20984745276634,22.330265529557423,745.4380276598316,30.339999866485595,33.259177684781065,27.420822048190125,19.243097107064095,0.21053489147466092,0.0,0.0,29.85833333333333,31.793333752950037,27.92333291371663,12.961208504270408,0.1877691336515536,0.0,0.0,26.450000762939453,35.79999923706055,31.125,30.81739787497284,0.2352940336493073,2.018127182415152,11.024166665982813,0.6907266860117467,1.1580888807680432,-0.4673621947562965,30.074999968210857,29.286538344163162,29.66119909037246,28.970472404360713,0.9297125120458485,1.1789137109574046,-0.24920119891155612,0.6559633038160426,26.819348469470146,2.209999370574952,174.1505514699134,239.32932557203802,-65.1787741021246,29.875,29.949999809265137,29.91249990463257,28.34999942779541,0.09755833003983848,26.514985038192858,20.91408031269579,21.597452078826578,-80.15527850287712,24.34999990463257,24.300000190734863,44.0,16.0,28.0,27.821657691803953,33.323602221575555,0.0,0.0,48.93912795629924,0.005282562988870229,0.0729622895760282,0.0695244629699568,10.647733861178816,30.331650796534667,16.071430193323373,21.435583746081733,-83.92856980667663,1.0642646060270415,-11.162791880526283,2.3842437788752684,4.054613664900858,-1.6703698860255893,-13.712445598556942,1.35943681957645,-15.071882418133391,29.72271439326963,-2.716472406397763,-2.7540506157934797,503.15788670590047
2022-02-08 00:00:00+05:30,28.850000381469727,29.100000381469727,27.649999618530273,28.100000381469727,17072690,0.0,0.0,-494279485.36565,861989938,-0.21389715687027003,3827072.4065265227,-5.945168907137187,-3.0404926527232212,125505862.12141079,30.82532272311264,25.226530068359637,745.4380276598316,30.254999923706055,33.32711622625005,27.18288362116206,20.308156075299564,0.14926465504385536,0.0,0.0,29.711666742960613,31.416667238871252,28.00666624704997,11.47697643932813,0.027370705945134063,0.0,0.0,27.299999237060547,35.79999923706055,31.549999237060547,28.094529900626096,0.0941177816951976,1.9613145404675822,11.512296397643961,0.5150216783605188,1.0294754402865385,-0.5144537619260197,29.704166730244953,29.37692297421969,29.421014673618195,28.905992995257677,0.8449478101017547,1.2142857190327232,-0.3693379089309685,0.5850097196878318,26.77646059178357,1.2949993133544915,149.63662753367836,226.0730762088833,-76.43644867520493,30.050000190734863,29.949999809265137,30.0,28.34999942779541,0.04877916501991924,25.175013229896397,19.827963969006422,23.161998826134337,-109.28754232798492,24.53749990463257,24.274999618530273,40.0,12.0,28.0,27.821657691803953,33.082658102194955,0.0,0.0,46.7636531249972,0.0,0.041833799717478325,0.06199917484663703,8.149413261218125,30.180578987065594,10.884365922255975,17.416643904718224,-89.11563407774402,0.4394115728490462,-13.671271766188466,1.7817124581916748,3.6000334235590215,-1.8183209653673467,-16.625006862515313,-2.237451916841903,-14.387554945673411,29.693432988441423,-1.9197181304840827,-1.9383839930788849,491.5789553993626
2022-02-09 00:00:00+05:30,28.399999618530273,28.649999618530273,27.649999618530273,27.799999237060547,13611035,0.0,0.0,-503807220.2500456,848378903,-0.2159878966893598,2697015.480366534,-1.6530732708403626,-2.9428283809754348,125360548.02813105,30.232092516882258,32.18535136410581,737.4795843022456,30.14499988555908,33.3979830126065,26.89201675851166,21.582240102152124,0.13956151063301406,0.0,0.0,29.59833335876465,31.08333377838135,28.11333293914795,10.034351607685789,-0.10549953318137027,0.0,1.0,27.299999237060547,35.79999923706055,31.549999237060547,28.19704771029677,0.058823529411764705,1.8651830864208239,12.07690556840651,0.34756015169103804,0.8930923825674385,-0.5455322308764005,29.391666730244953,29.45576909872202,29.171627683378556,28.82406753168752,0.8590734028609635,1.2142857879285034,-0.35521238506753994,0.5104846844254181,26.700075279637304,-1.2450002670288072,125.34842960457284,209.86245692705458,-84.51402732248174,30.050000190734863,29.949999809265137,30.0,28.34999942779541,0.02438958250995962,23.93075369362111,19.09159375238989,22.301809342255268,-108.63619521998426,24.799999713897705,24.274999618530273,36.0,8.0,28.0,27.821657691803953,32.851351747589575,0.0,0.0,45.57362581885953,0.0,0.0017608543296235392,0.03885231454104328,5.733336288042051,30.469117843528,7.751937067556802,11.569244394378702,-92.2480629324432,0.06102919298059817,-11.885895691544176,1.2057984228247816,3.1211864234121736,-1.915388000587392,-19.951150288369654,-5.780191591147453,-14.1709586972222,29.581370115194648,-1.0676197165001233,-1.0733596662409361,485.2631418328536
2022-02-10 00:00:00+05:30,28.0,29.799999237060547,27.299999237060547,29.5,34603651,0.0,0.0,-477508424.36965317,882982554,-0.14835785568407794,10715475.140384253,2.8898657148220677,-2.8093157695609086,127476599.63658105,29.86081241530598,30.58459867984972,737.4795843022456,30.169999885559083,33.39496488501929,26.94503488609887,21.378621224349722,0.3961229213850035,0.0,0.0,29.49999993642171,31.040000470479335,27.959999402364094,10.440681609333042,0.5000000206422934,0.0,0.0,27.299999237060547,35.79999923706055,31.549999237060547,28.173682572894336,0.25882361916934743,1.9286647777787416,12.147764083073849,0.3480098979059463,0.7840758856351402,-0.4360659877291939,29.4416667620341,29.61538446866549,29.222146501320317,28.87413660341437,0.7992565596117235,1.1319702765654969,-0.3327137169537734,0.44773694797820873,26.733896870871547,-0.4699991226196296,104.84589021097244,190.95971056232884,-86.1138203513564,29.75,29.949999809265137,29.84999990463257,28.34999942779541,0.01219479125497981,22.437158634641555,21.5375181607521,20.274614931280475,-66.12423886757871,24.924999713897705,24.274999618530273,32.0,4.0,28.0,27.821657691803953,32.629297647168414,0.0,0.0,52.88965850229775,0.4102313414817588,0.13674378049391975,0.06011281151367379,5.672184238588719,42.29739083902046,37.60683593482543,18.747712974879388,-62.39316406517457,-0.14720616060144565,2.0761259148426245,1.2052651225068807,2.738002163231115,-1.5327370407242344,-16.820385359932153,-7.988230344904394,-8.832155015027759,29.58019882671874,6.115110825877856,5.935427009304872,521.0526315789474
2022-02-11 00:00:00+05:30,29.0,30.350000381469727,28.600000381469727,29.350000381469727,34129648,0.0,0.0,-482384088.36965317,848852906,-0.1460558352584438,8453345.23739043,4.742949598296661,-2.0698062109110364,127303059.49486673,29.631226670201162,39.605176123108,733.7296976473574,30.19999990463257,33.38245165532881,27.01754815393633,21.07583947513896,0.366455238013132,0.0,0.0,29.30666662851969,30.836667124430342,27.776666132609044,10.441313679951126,0.5141613525831707,0.0,0.0,27.299999237060547,35.79999923706055,31.549999237060547,28.14569545311863,0.24117660522460938,1.9107983000008673,12.083062718314208,0.33243055687639966,0.6937468198833922,-0.3613162630069925,29.41250006357829,29.799999897296612,29.24181632903561,28.90938577215921,0.8960302637404794,1.0907372820611188,-0.1947070183206393,0.3935961101829254,26.427435353325066,8.583068833445395e-07,84.75236943024835,169.86170745631838,-85.10933802607003,29.5,29.949999809265137,29.72499990463257,28.34999942779541,0.006097395627489905,21.389562776032914,22.17182509027259,18.974425419566348,-42.16163462265005,24.987499713897705,24.274999618530273,28.000000000000004,0.0,28.000000000000004,27.821657691803953,32.4161257107641,0.0,0.0,52.22262044073865,0.48997973356138436,0.3000703583477145,0.1461916643904192,5.4333037328738145,46.99050944406533,39.80583567029767,28.388202890893286,-60.19416432970233,-0.24411786023308224,-1.1784524325887138,1.1499052919918569,2.4203827889832636,-1.2704774969914068,-14.30154402073127,-9.250893080069769,-5.050650940661502,29.569767513225287,-0.5084732831534655,-0.5097704074403797,517.8947448730469
2022-02-14 00:00:00+05:30,28.399999618530273,28.649999618530273,26.899999618530273,27.299999237060547,23898349,0.0,0.0,-495357488.24564934,824954557,-0.17946244616069004,246918.3749789456,-12.448564271716188,-1.8966706332666645,125633838.29681791,29.48862342452801,42.26466085840947,682.4810877558995,30.062499904632567,33.48739039628902,26.63760941297611,22.78513432030772,0.09670233627879724,0.0,0.0,28.936666552225752,30.501666895548503,27.371666208902997,10.816728599323588,-0.022896791092802498,0.0,1.0,26.899999618530273,35.79999923706055,31.34999942779541,29.604988429983504,0.04494377928932187,1.9647185462947259,11.846840101922174,0.15290328321802704,0.5855781125503192,-0.4326748293322922,29.170833269755047,29.823076761685886,28.943075237962525,28.790171954744498,0.9005964425794143,1.0914512424913805,-0.1908547999119662,0.3326601895806923,26.214099741363555,0.9874993324279799,60.701669102635826,148.64254637915295,-87.94087727651711,28.699999809265137,30.949999809265137,29.824999809265137,28.34999942779541,0.0030486978137449524,20.38585995468472,20.217099713171898,23.418995639076805,-114.79611513209402,25.100000381469727,24.300000190734863,24.0,0.0,24.0,27.821657691803953,32.211480651815954,0.0,0.0,44.04661735564229,0.0,0.3000703583477145,0.24562816572978283,2.6648303173054853,41.86199335968126,7.207198847755463,28.206623484292837,-92.79280115224454,-0.5739708115072801,-9.602653816610832,0.5310954149852837,2.042525314183668,-1.5114298991983843,-14.867754008687909,-10.374265265793397,-4.493488742894511,29.34759856312133,-6.984671610782867,-7.240588502695688,474.73682604337995
2022-02-15 00:00:00+05:30,27.350000381469727,28.049999237060547,26.799999237060547,27.799999237060547,22212582,0.0,0.0,-482029939.04564935,847167139,-0.2746103593862582,1798257.321410525,-1.9696065807980279,-1.4211626180685923,126040662.15434106,29.40952600021636,45.39886892160397,694.980741727124,29.752499866485596,32.796916927136685,26.70808280583451,20.464949663476446,0.17933095391873077,0.0,0.0,28.636666425069176,30.141666730244953,27.13166611989339,10.511002103640607,0.2220375354306316,0.0,0.0,26.799999237060547,35.70000076293945,31.25,29.913457913848184,0.11235953129808554,1.8932466916652533,11.693943804663798,0.050391564161266444,0.4785408028725087,-0.4281492387112423,28.89999993642171,29.87115368476281,28.767217391669913,28.716825827508647,0.9310344799236797,1.0581896601335605,-0.1271551802098808,0.27270533370864947,25.709384326867465,1.1975008964538567,47.484669341607955,128.32513406647251,-80.84046472486456,28.574999809265137,31.125,29.84999990463257,28.34999942779541,0.0015243489068724762,19.512113288574618,19.28301200789618,22.70659544555729,-113.01439118577453,25.100000381469727,24.300000190734863,20.0,0.0,20.0,27.821657691803953,31.892791789818812,0.0,0.0,46.25669406851589,0.14639229949048396,0.2121240110172896,0.2707549092375728,1.0577173929084904,43.05419933388724,17.69911026430106,21.57071492745138,-82.30088973569895,-0.8000003590303315,-10.466988985046017,0.17547748648806083,1.6691157486445465,-1.4936382621564857,-15.676927283744572,-11.434797669383634,-4.2421296143609375,29.26753515946113,1.8315018826859042,1.814931900831196,485.2631418328536
2022-02-16 00:00:00+05:30,28.100000381469727,28.600000381469727,27.649999618530273,27.950000762939453,17370053,0.0,0.0,-488429399.21723026,864537192,-0.21582015923971615,1913582.6261515177,3.828435404605154,-1.4754596024044295,126134386.41786996,29.29704368553534,42.65275967694366,698.730676064408,29.54749994277954,32.49613950983482,26.598860375724264,19.95863997133761,0.22911250366292385,0.0,0.0,28.52833315531413,29.918333498636876,27.13833281199137,9.744700720895997,0.2919668167159646,0.0,0.0,26.799999237060547,34.650001525878906,30.725000381469727,26.567399285964456,0.14649696695209666,1.7989220987926733,11.61661729755577,-0.01853221439328223,0.37912619941935055,-0.3976584138126328,28.64999993642171,29.799999897296612,28.64149175648061,28.660023970873894,0.9031531127104387,1.0427927287423695,-0.13963961603193076,0.2165167534621938,25.120836313742398,0.5525004386901848,40.59841465165487,109.13771535073452,-68.53930069907966,28.574999809265137,31.299999237060547,29.937499523162842,28.34999942779541,0.0007621744534362381,18.317948676132623,20.689925508682,21.879226178149167,-85.395795648388,26.600000381469727,25.800000190734863,16.0,96.0,-80.0,27.821657691803953,31.48536838559815,0.0,0.0,46.93388117838107,0.19124819866403833,0.11254683271817423,0.20824706736105936,-0.05201760086462828,42.91766829891691,20.35400381064523,15.086770974233906,-79.64599618935478,-0.8616179354050573,-9.693053072852582,-0.06466224317228704,1.32236015028118,-1.387022393453467,-17.624935879695457,-12.672825311446,-4.9521105682494575,29.249988760216805,0.539573848904773,0.5381233644963679,488.42106869346213
2022-02-17 00:00:00+05:30,28.200000762939453,28.299999237060547,27.549999237060547,27.700000762939453,8641833,0.0,0.0,-493614463.85352176,855895359,-0.21183854579959374,1331576.786701301,-1.7357494897736376,-2.201013278421913,126057089.16595486,28.979610229242727,33.2008735635669,692.4808490787958,29.319999980926514,32.0965805574411,26.543419404411928,18.939840234112072,0.2082744092338516,0.0,0.0,28.403333155314122,29.743333498636883,27.063332811991376,9.435514740438453,0.23756260739805224,0.0,0.0,26.799999237060547,33.75,30.274999618530273,23.70395896132546,0.12949660821306974,1.694029888913406,11.723684639536277,-0.09226415241301922,0.28484812905287665,-0.37711228146589587,28.449999968210857,29.711538388178898,28.49664698824351,28.588911140656528,0.8188405443221152,1.1666666513095971,-0.34782610698748195,0.16314279570650225,24.571566002167643,-0.7700007438659675,28.661966727383,90.68673200807412,-62.02476528069111,28.574999809265137,31.299999237060547,29.937499523162842,28.549999237060547,0.00038108722671811906,17.27580627964365,20.068229034690813,21.622438408401944,-93.48703665203391,27.499999523162842,26.59999942779541,12.0,92.0,-80.0,27.821657691803953,31.11053885371514,0.0,0.0,45.895905300347145,0.12617536580519373,0.15460528798657214,0.15975871057401192,-1.2625801149307145,42.82839984166424,16.666690214173997,18.239934763040083,-83.333309785826,-1.0483826244578651,-7.973420558518564,-0.3227270600096749,0.993342708223009,-1.3160697682326838,-21.888138410218097,-14.515887931200421,-7.372250479017676,29.18493511956229,-0.8944543584109343,-0.898478616145626,483.15791079872537
2022-02-18 00:00:00+05:30,27.549999237060547,27.899999618530273,26.799999237060547,26.950000762939453,8719905,0.0,0.0,-499956189.5773083,847175454,-0.18714866046874815,207075.99574397248,-7.25351949977288,-2.7083197197507993,125820990.66162738,28.74002143224673,35.14324315730224,692.4808490787958,29.04000005722046,31.57625715942897,26.50374295501195,17.46733538024149,0.08797566452133575,0.0,0.0,28.18499978383382,29.570000012715656,26.799999554951984,9.827924353408978,0.054152051696255095,0.0,0.0,26.799999237060547,33.150001525878906,29.975000381469727,21.86639902309334,0.023622279025480367,1.634626938169038,11.811840783681712,-0.20880895681693445,0.18611671187891443,-0.3949256686958489,28.3166667620341,29.63269226367657,28.25870141511981,28.467510371936743,0.7696078660532985,1.176470560736042,-0.4068626946827435,0.10852540981263048,24.211007097606913,0.2099999427795396,11.314724378252638,72.59386233122292,-61.27913795297029,28.574999809265137,31.299999237060547,29.937499523162842,28.699999809265137,0.00019054361335905953,16.803407304164782,19.1589294931703,23.73206158980214,-127.65607121338553,27.574999809265137,26.59999942779541,8.0,88.0,-80.0,27.821657691803953,30.765695684382774,0.0,0.0,42.83529199999756,0.0,0.10580785482307749,0.12431999184260788,-3.1770989397823675,42.28826286478661,3.061254676895242,13.360649567238143,-96.93874532310475,-1.5138239636140725,-5.604197957540213,-0.733499185874639,0.6479743294034793,-1.3814735152781183,-25.51129259147105,-16.714968863254548,-8.796323728216503,29.017639565936626,-2.707581152862082,-2.7449115071785712,467.3684371145148
2022-02-21 00:00:00+05:30,26.799999237060547,26.850000381469727,25.75,25.850000381469727,14216765,0.0,0.0,-511588079.24959993,832958689,-0.1846206089151957,-2056570.1355430887,-8.124208012930673,-2.856928054976168,125240714.35437135,28.4669558923229,36.484029920422024,692.4808490787958,28.755000114440918,31.378528393050495,26.13147183583134,18.247457959786452,-0.05364368599655226,0.0,1.0,27.906666501363116,29.266666730244953,26.546666272481282,9.746776662238792,-0.25612712270803806,0.0,1.0,25.75,32.45000076293945,29.100000381469727,23.300298161274135,0.014925428370526628,1.5911643206460795,11.87671175666024,-0.3854887176857744,0.07179562596597668,-0.4572843436517511,28.03333346048991,29.52115381681002,27.888132025327486,28.27362074301326,0.7518987287983775,1.2050631930976985,-0.453164464299321,0.04773584629809757,23.878302915429586,0.6950006484985352,-7.469304321715886,55.13764768062356,-62.60695200233945,28.050000190734863,30.774999618530273,29.41249990463257,28.799999237060547,9.527180667952976e-05,16.989846934776715,18.19061025163697,26.954976854715213,-176.70353704271594,27.624999523162842,26.59999942779541,4.0,100.0,-96.0,27.821657691803953,30.448439968596997,0.0,0.0,38.753407845388224,0.0,0.04205845526839804,0.10082386602601583,-6.073750564859546,33.26214712400685,2.105271188836349,7.277738693301848,-97.89472881116365,-1.8205885718850539,-11.62393031976162,-1.3634218312171182,0.24569509727935984,-1.6091169284964781,-26.542143204543773,-18.680403731512392,-7.861739473031381,28.752491124040024,-4.081633952984531,-4.167270995295969,444.21053434673115
2022-02-22 00:00:00+05:30,24.899999618530273,25.100000381469727,24.25,24.450000762939453,17014248,0.0,0.0,-520595595.3585925,815944441,-0.14688404006437777,-5165623.074691143,-8.11819964002115,-2.7898053979541624,124319246.64226043,28.14345708551208,38.788837564526276,692.4808490787958,28.532500171661376,31.755429684164703,25.309570659158048,22.59128708043859,-0.13335226428066466,0.0,1.0,27.538333193461096,28.838333384195966,26.238333002726232,9.441386169614278,-0.6878199913093348,0.0,1.0,24.25,32.45000076293945,28.350000381469727,28.73915960257747,0.024390334674524942,1.5920479267284442,11.98479311110766,-0.6312008791873005,-0.06880367506467877,-0.5623972041226217,27.616666793823242,29.305769260113056,27.359188754190864,27.990389633378165,0.7714285601047981,1.199999861283777,-0.4285713011789789,-0.02419837396760456,23.322075443071643,0.1174994468688979,-25.79777920454969,38.34362447960994,-64.14140368415963,27.300000190734863,30.024999618530273,28.66249990463257,28.875,4.763590333976488e-05,17.916839553455116,16.959799493613197,31.474451705841084,-218.89867055977027,27.66249990463257,26.59999942779541,0.0,100.0,-100.0,27.821657691803953,29.9785959717373,0.0,0.0,34.27652714381813,0.0,0.0,0.049288770030491764,-10.050328173732941,30.582127700720406,3.2787008267574107,2.8150755641629863,-96.72129917324258,-2.341176616444308,-16.977928252864814,-2.2550628535538566,-0.25445649288728345,-2.0006063606665734,-26.19445406406034,-20.183213798021985,-6.011240266038357,28.290369588401735,-5.415859179382632,-5.568036858653924,414.7368581671464
2022-02-23 00:00:00+05:30,25.0,25.649999618530273,24.899999618530273,25.049999237060547,14067869,0.0,0.0,-529036331.06916887,830012310,-0.2324722117006511,-3221862.6448587747,3.198775669908197,-2.425244944476103,124664469.5326797,27.875861773270973,46.28666702822453,709.474200401514,28.30000009536743,31.810555681942066,24.789444508792794,24.809580033530082,0.03711018410649702,0.0,0.0,27.254999860127764,28.530000050862633,25.979999669392903,9.356082900591787,-0.3647059973364934,0.0,1.0,24.25,32.45000076293945,28.350000381469727,28.97526761592398,0.09756087349115944,1.5528430196146819,12.080876328004877,-0.768654108876131,-0.20877376182696922,-0.5598803470491618,27.3166667620341,28.96153846153846,27.003928828478507,27.77258293735464,0.7812500124176314,1.104166641831404,-0.32291662941377264,-0.09646944976493096,22.77032855465055,-0.19999971389770366,-38.43717951332413,22.42328339913255,-60.86046291245668,27.300000190734863,29.975000381469727,28.637500286102295,28.875,2.381795166988244e-05,18.32113236730166,18.45596888578516,29.843506773950267,-157.01541914899448,29.41249990463257,28.34999942779541,0.0,96.0,-96.0,27.821657691803953,29.291164455128822,0.0,0.0,37.60338004765175,0.1787368734341413,0.05957895781138056,0.03387913769325946,-12.375964891877697,33.887570501325996,13.114740771012805,6.166237595535507,-86.8852592289872,-2.9200001997106213,-12.565446524967195,-2.767672386144095,-0.7570996715386458,-2.0105727146054493,-26.846761320231582,-21.515923302463904,-5.330838017767679,28.078089570090007,2.4539814126736337,2.4243549949260146,427.3684049907484
2022-02-24 00:00:00+05:30,23.5,24.149999618530273,21.600000381469727,21.899999618530273,28418382,0.0,0.0,-550768049.9560279,801593928,-0.32726380159287066,-15549866.904057175,-21.535347072883322,-4.072733977078734,121090900.86259331,27.22644406486931,39.00151199922488,709.474200401514,27.885000038146973,32.255938272646155,23.51406180364779,31.349745228758774,-0.1846356661343278,0.0,1.0,26.623333231608076,27.903333346048992,25.343333117167155,9.61562628770511,-1.3450520276480091,0.0,1.0,21.600000381469727,32.45000076293945,27.02500057220459,38.90980945535884,0.02764969829613125,1.7425586032122957,13.437410727912708,-1.1188678155649363,-0.3907925725745627,-0.7280752429903736,26.800000031789143,28.57115386082576,26.218708950024933,27.33757676558987,0.6568182462503046,1.1204546043695447,-0.4636363581192401,-0.18724871880420654,22.479118891732643,-0.08500080108642649,-64.89117062305121,5.796223393210375,-70.68739401626158,25.125,28.125000953674316,26.625000476837158,28.699999809265137,1.190897583494122e-05,20.012762010526092,15.90432952855745,38.94191882111264,-232.7316041897024,29.41249990463257,28.34999942779541,0.0,100.0,-100.0,27.821657691803953,28.686224720513362,0.0,0.0,29.236200841684223,0.0,0.05957895781138056,0.039719305207586965,-17.5897844646411,24.275563506408833,3.428562709263393,6.607334769011189,-96.57143729073661,-3.841029442057888,-22.064059355059594,-4.092783442946811,-1.4242364258202787,-2.668547017126532,-21.666139501288104,-21.545966542228747,-0.12017295905935654,26.42279419730721,-12.574849159555923,-13.43871776704626,361.0526235480058
2022-02-25 00:00:00+05:30,23.049999237060547,24.399999618530273,23.0,23.850000381469727,26129889,0.0,0.0,-545168765.1422832,827723817,-0.2746632867039097,-6049413.991259976,4.420223209745513,-3.550227653463989,123417535.76547295,26.816889751780764,46.14273832855406,772.6465865278685,27.52500009536743,31.979155646608785,23.07084454412608,32.36443622749346,0.08746392311405703,0.0,0.0,26.054999860127765,27.29999993642171,24.80999978383382,9.556707602974743,-0.385541905034164,0.0,1.0,21.600000381469727,32.20000076293945,26.90000057220459,38.51044630242799,0.21226414330449578,1.8183027428910663,14.018248328227383,-1.2249455270032747,-0.5576231634603052,-0.6673223635429696,26.47083346048991,28.24807695242075,25.854292247170285,27.07923777417356,0.7149028100887284,1.0583153474076703,-0.34341253731894195,-0.27321642246334815,22.367646129377377,1.9749999046325684,-85.11827324753543,-10.40599242347532,-74.7122808240601,25.100000381469727,27.675000190734863,26.387500286102295,28.699999809265137,5.95448791747061e-06,21.387877880430747,15.329337996597348,35.14957060407668,-155.86174003929756,29.91249990463257,28.34999942779541,0.0,96.0,-96.0,27.821657691803953,27.694153313047252,0.0,0.0,38.37736329366964,0.3864619956686836,0.18839962303427513,0.10251917955234535,-18.739631681409072,32.37690930216253,25.714285714285715,14.085863064853958,-74.28571428571429,-4.480588166853963,-14.208629366885106,-4.523559847654018,-2.0441011101870266,-2.479458737466991,-18.220567877198445,-20.880886809222687,2.660318932024243,26.12042348294251,8.90411322788105,8.529761392514201,402.10527118883635
2022-02-28 00:00:00+05:30,23.5,24.200000762939453,22.75,24.0,17137576,0.0,0.0,-532758811.86157686,844861393,-0.20352941495651589,-4817979.155003755,-1.9037076303223113,-3.2615518479772123,123525318.98649675,26.533817177975042,46.62420575429794,777.5059865859056,27.17750005722046,31.5928681945902,22.76213191985072,32.49282037033185,0.1401772221066356,0.0,0.0,25.658333269755047,26.873333422342938,24.443333117167157,9.47060855289522,-0.18244158909070057,0.0,1.0,21.600000381469727,31.700000762939453,26.65000057220459,37.16309579690859,0.23762371563208115,1.7814725448959048,14.42184751139126,-1.2821295703613451,-0.7025244448405132,-0.5796051255208319,26.012500127156574,27.91923082791842,25.569016516836395,26.85114608719774,0.7365010808033571,1.0388768708081588,-0.30237579000480175,-0.351047220298744,22.33080929765574,2.172500324249267,-98.41273482826172,-26.616815109016393,-71.79591971924532,25.100000381469727,27.375000953674316,26.23750066757202,28.699999809265137,2.977243958735305e-06,22.75306910679536,14.450351549276263,34.12271181730363,-135.34949891890614,30.0,28.34999942779541,0.0,92.0,-92.0,27.821657691803953,26.8409719026264,0.0,0.0,39.02981423310061,0.41404574045528186,0.26683591204132195,0.17160483096232582,-19.39677539109924,37.93875497164105,27.42856706891741,18.857138497488823,-72.57143293108258,-4.895588117487289,-18.64406779661017,-4.774952868669717,-2.5902714618835647,-2.1846814067861526,-18.567658020024485,-20.41824105138305,1.850583031358564,25.973504002627692,0.6289292080968512,0.6269597019057827,405.2631578947368
2022-03-02 00:00:00+05:30,23.850000381469727,24.899999618530273,23.5,24.25,13696536,0.0,0.0,-531780483.8629937,858557929,-0.1647661324703495,-3640534.418574648,7.410625010208719,-2.6141448279022783,123667991.23649675,26.34774923365093,51.430985628925406,785.6050072795089,26.885000038146973,31.262111006791216,22.50788906950273,32.56173302907632,0.1990023719957078,0.0,0.0,25.325,26.55500011444092,24.094999885559083,9.713722522731826,0.0630081707396304,0.0,0.0,21.600000381469727,30.5,26.050000190734863,33.10395985085407,0.29775277888920726,1.7433252522593417,14.676563439042777,-1.2923777003956047,-0.8204950959515316,-0.47188260444407315,25.58750009536743,27.638461626493015,25.366090898861565,26.65846859925717,0.7728237740345152,0.9893842892632152,-0.2165605152287,-0.41801678367363065,22.245370644592104,0.4149991989135735,-111.80442946689497,-43.55046445552193,-68.25396501137304,24.949999809265137,27.02500057220459,25.987500190734863,28.699999809265137,1.4886219793676526e-06,23.44043801278405,16.4506133959821,32.20273532479471,-98.28585506682144,30.449999809265137,28.34999942779541,12.0,88.0,-76.0,27.821657691803953,26.107235889664466,0.0,0.0,40.166875340195084,0.46211740606161084,0.42087504739519227,0.29203686082359637,-19.55619874112638,40.73359024774851,30.285709926060267,27.809520903087783,-69.71429007393974,-4.806029381471522,-17.37649170420331,-4.847906756472938,-3.0417985208014393,-1.8061082356714984,-20.02928431582228,-20.340449704270895,0.3111653884486145,25.834727289868407,1.041666666666674,1.0362787035546273,410.5263157894737
2022-03-03 00:00:00+05:30,24.850000381469727,25.200000762939453,24.25,24.450000762939453,10834427,0.0,0.0,-538053033.124481,869392356,-0.12043170803500543,-2810901.835062297,4.603390139026363,-2.4917502261734,123757347.67633228,25.93549444980636,46.08643682905885,792.0842485506411,26.68000011444092,31.1097179818139,22.250282247067936,33.20628072243025,0.24829104039260708,0.0,0.0,24.98166669209798,26.211666806538897,23.751666577657065,9.847222201791528,0.283875658661954,0.0,0.0,21.600000381469727,30.350000381469727,25.975000381469727,32.79610180835022,0.3257143293108259,1.6639928033273528,15.241220174320766,-1.2697244342860152,-0.9103409636184284,-0.3593834706675868,25.350000222524006,27.467307824354904,25.225153954873548,26.494878389159563,0.806818198566593,1.0272726555501197,-0.22045445698352673,-0.47292931158089657,22.113397750773856,1.1199991226196282,-122.50055470018893,-60.3463001696966,-62.15425453049233,24.75,27.02500057220459,25.887500286102295,28.699999809265137,7.443109896838263e-07,23.83291997881602,17.048098287352193,30.930914719946596,-73.32525380356336,30.449999809265137,28.34999942779541,8.0,84.0,-76.0,27.821657691803953,25.476222918517202,0.0,0.0,41.1130293343166,0.516688927627552,0.464284024714815,0.38399832805044304,-19.400529572140673,39.94534267201563,32.57143293108259,30.09523664202008,-67.42856706891742,-4.760146898381851,-10.439555142009446,-4.792339166974722,-3.391906650036096,-1.400432516938626,-22.291327201325366,-20.73062520368179,-1.5607019976435765,25.726497986559544,0.8247454141833144,0.8213629741456341,414.7368581671464
2022-03-04 00:00:00+05:30,24.200000762939453,24.600000381469727,23.799999237060547,24.100000381469727,11076675,0.0,0.0,-540822182.067871,858315681,-0.1614377259004343,-2963178.7836842807,-3.791761142934554,-3.1013724219756296,123598785.69864546,25.340156559709964,34.84512240655498,792.0842485506411,26.422500133514404,30.823349513564395,22.021650753464414,33.31137748367677,0.2361305112402761,0.0,0.0,24.61333338419596,25.848333613077802,23.378333155314127,10.035213106688117,0.2921729119066613,0.0,0.0,21.600000381469727,30.350000381469727,25.975000381469727,33.11571560520674,0.2857142857142857,1.5775936374355355,15.611100972654201,-1.265426613100459,-0.9813580935148345,-0.2840685195856245,25.041666984558105,27.251923194298378,25.052053405119114,26.317480018219573,0.7149643212594406,1.0831353798713044,-0.3681710586118637,-0.5191350422522245,22.007698824812024,1.5275006294250488,-136.82949060128038,-76.80676850075582,-60.02272210052456,24.225000381469727,27.02500057220459,25.625000476837158,28.699999809265137,3.7215549484191314e-07,24.401926430705778,16.45860684755006,31.80640197774702,-79.41218302608759,30.399999618530273,28.34999942779541,4.0,80.0,-76.0,27.821657691803953,25.200000762939453,0.0,0.0,39.92324691600582,0.6038670532522605,0.5275577956471412,0.47090562258571605,-19.61162403400489,41.99567251478152,35.46099674533241,32.77271320082507,-64.53900325466759,-4.356911648021022,-13.309348766665801,-4.808312240474411,-3.675187768123759,-1.133124472350652,-23.98778568516498,-21.382057299978428,-2.605728385186552,25.595791165131576,-1.4314943580707173,-1.4418390799719738,407.3684290835732
2022-03-07 00:00:00+05:30,23.5,23.549999237060547,22.950000762939453,23.25,11013650,0.0,0.0,-540822182.067871,847302031,-0.1727712562781737,-3877239.91478282,-5.175381785097693,-2.5818593872171656,123210337.29394867,24.98910266369736,37.39890914663194,764.147655074822,26.11250009536743,30.490042165808088,21.734958024926772,33.52832593166573,0.17304710619499752,0.0,0.0,24.216666730244956,25.401666768391927,23.031666692097982,9.786648603186899,0.09212375564284105,0.0,0.0,21.600000381469727,30.350000381469727,25.975000381469727,33.50885578953936,0.1885713849748884,1.5348342355450093,15.921232105788603,-1.3154448564130625,-1.04817544609448,-0.2672694103185824,24.650000254313152,26.98461547264686,24.774814419716172,26.090259276129235,0.7721519207385176,1.0632911331281896,-0.291139212389672,-0.5626597251549945,21.900157556774715,1.587500667572023,-151.60896483607124,-92.82228633568418,-58.786678500387055,23.625,27.02500057220459,25.325000286102295,28.699999809265137,1.8607774742095657e-07,25.29937491799628,15.622349981191775,33.945822278908366,-99.14602150545207,30.66249942779541,28.34999942779541,0.0,76.0,-76.0,27.821657691803953,25.200000762939453,0.0,0.0,37.114173145092764,0.44514151874883,0.521899166542881,0.504580328968279,-20.604599977310492,41.40894154614673,23.57142312186105,30.534617599425335,-76.42857687813895,-4.258676326976101,-16.81574466778355,-5.041900283515399,-3.9485302712020873,-1.0933700123133114,-25.313175279614057,-22.168280895905554,-3.144894383708504,25.402150531233634,-3.526972481391677,-3.5906724291863146,389.4736842105263
2022-03-08 00:00:00+05:30,23.350000381469727,23.850000381469727,22.549999237060547,23.299999237060547,14035936,0.0,0.0,-538662821.5555986,861337967,-0.14210374489049296,-3223093.342466608,-0.4630991846642755,-2.4742517160647544,123240521.64196719,24.605213417786693,39.44477348946823,764.147655074822,25.845000076293946,30.22345882193101,21.46654133065688,33.882443278869715,0.2093725227205376,0.0,0.0,23.925,25.130000114440918,22.719999885559083,10.073146202222924,0.24066360847217227,0.0,0.0,21.600000381469727,30.350000381469727,25.975000381469727,33.85567798092539,0.19428558349609376,1.5113509264314264,16.29203569972401,-1.3356535710786375,-1.1056710710913116,-0.2299824999873259,24.28333346048991,26.68653854956994,24.547919776230692,25.88357334730933,0.7575757371419676,1.017676687887683,-0.2601009507457155,-0.6013995827471277,21.912033631102876,1.105000686645507,-160.01324157261695,-107.73511548769164,-52.278126084925304,23.625,26.90000057220459,25.262500286102295,28.699999809265137,9.303887371047829e-08,26.29920471964407,14.712314456563746,33.76078424310241,-89.82839381113767,30.749999523162842,28.34999942779541,0.0,72.0,-72.0,27.821657691803953,24.696000709533692,0.0,0.0,37.393226694792844,0.46090932246045274,0.5033059648205146,0.5175876423368455,-21.33859193400937,48.974978728984816,24.28569793701172,27.772705934735043,-75.71430206298828,-4.026176452636719,-15.884481605378806,-5.160236390689396,-4.190871495099549,-0.9693648955898464,-24.85403078855234,-22.70543087443491,-2.1485999141174297,25.284991040521,0.21505048198084964,0.21481957941063,390.5262997275905
2022-03-09 00:00:00+05:30,23.700000762939453,25.0,23.450000762939453,24.549999237060547,15791300,0.0,0.0,-532040683.5498741,877129267,-0.10588628081813548,57223.56360004982,10.060920284610756,-2.029074224635784,124087694.41648829,24.29961331562331,38.22397738033537,764.147655074822,25.667500019073486,29.952739343247472,21.3822606948995,33.390391124882676,0.36961045842773943,0.0,0.0,23.898333295186358,25.17333329518636,22.62333329518636,10.670200170459694,0.7555552713232105,0.0,0.0,21.600000381469727,30.350000381469727,25.975000381469727,34.089802253814696,0.3371427263532366,1.530215910082229,16.356883142467293,-1.2365503866020546,-1.1318469341934603,-0.10470345240859436,24.083333333333332,26.44038464472844,24.548239693281438,25.784790079883493,0.7615571387732827,0.9805352084439379,-0.21897806967065525,-0.6255959391128012,22.010076633144863,0.18250036239624023,-162.56486572270722,-121.52708062206756,-41.03778510063967,23.40000057220459,26.65000057220459,25.02500057220459,28.699999809265137,4.651943685523914e-08,26.205527984725197,18.725607838507443,31.201178662006956,-47.795702913845616,30.72499990463257,28.34999942779541,0.0,68.0,-68.0,21.600000381469727,24.696000709533692,1.0,0.0,44.07472995226989,0.8906838141939393,0.598911551801074,0.5413722277214897,-20.05766179736491,48.297586511721484,44.0298411861547,30.62898741500914,-55.9701588138453,-3.7432351673350617,-8.905385743733598,-4.795658148742399,-4.31182882582812,-0.4838293229142794,-23.450272138110172,-22.854399127169962,-0.5958730109402097,25.28124842094337,5.364807042619013,5.225849533609406,416.84208920127463
2022-03-10 00:00:00+05:30,25.100000381469727,25.600000381469727,24.299999237060547,24.600000381469727,14946502,0.0,0.0,-540088779.7689285,892075769,-0.10135765910614344,155811.94093062743,6.30582383644035,-1.4546761299062128,124118136.05510904,24.195031856113278,44.34061290832549,765.7039996140777,25.507500076293944,29.70026487425281,21.31473527833508,32.8747606423063,0.39177789137301366,0.0,0.0,23.861666679382324,25.19166679382324,22.531666564941407,11.147587738203585,0.7775690370514632,0.0,0.0,21.600000381469727,30.350000381469727,25.975000381469727,34.30363608283212,0.34285714285714286,1.507194433514924,16.28196995749406,-1.1408250039213534,-1.133642548139039,-0.0071824557823143564,23.979166666666668,26.22884618318998,24.556202876079638,25.69702788000099,0.8127961192061924,0.9383884932120549,-0.12559237400586243,-0.6374928489643401,22.113145626186252,-1.0574993133544908,-167.7710293899139,-132.95817604060787,-34.81285334930604,24.074999809265137,26.050000190734863,25.0625,28.699999809265137,2.325971842761957e-08,25.631369340689865,20.337494501647026,29.367565293345937,-26.43573260437591,30.46250009536743,28.34999942779541,0.0,64.0,-64.0,21.668000373840332,24.696000709533692,0.0,0.0,44.330661333261055,1.0,0.7838643788847973,0.6286939651687952,-18.938578091301437,42.37276151998983,47.61905338578644,38.64486416965094,-52.38094661421356,-3.468823483411004,-4.835589870613882,-4.439521213304258,-4.337367303323347,-0.10215390998091056,-22.503562015027534,-22.78423170474148,0.280669689713946,25.274790810211844,0.2036706556540313,0.20346352816504876,417.8947448730469
2022-03-11 00:00:00+05:30,24.450000762939453,24.700000762939453,24.100000381469727,24.399999618530273,8966107,0.0,0.0,-540088808.271397,883109662,-0.18831462699206925,-122622.37071614378,-3.680524357387066,-1.1994621911643688,124045240.59930459,24.082259528319675,44.49778824492492,759.4787401940022,25.25250005722046,29.04413254689083,21.46086756755009,30.029759279903274,0.38758134642364844,0.0,0.0,24.0466667175293,25.181666946411134,22.911666488647462,9.439979704583793,0.6556532289641328,0.0,0.0,21.600000381469727,30.350000381469727,25.975000381469727,34.65003457152001,0.31999991280691964,1.4164750283104044,16.109848614231755,-1.0687801067972131,-1.120670059870674,0.05188995307346089,23.97499990463257,26.069230813246506,24.532171605687427,25.60095171248464,0.8349514158588599,0.9611649083107144,-0.12621349245185454,-0.6408384986073257,22.181036217258328,-0.2025008201599121,-166.89464756511657,-142.04443985367243,-24.850207711444142,24.074999809265137,25.975000381469727,25.02500009536743,28.699999809265137,1.1629859213809786e-08,25.210521687623647,19.760299238117362,29.480111123669754,-37.690204709228084,30.237499713897705,28.34999942779541,24.0,60.0,-36.0,21.825280374145507,24.696000709533692,0.0,0.0,43.47366667923579,0.9432245588039736,0.9446361243326377,0.7758040183395029,-18.224263640109854,42.341863495640716,53.333318801153276,48.32740445769812,-46.666681198846724,-3.1751468882841216,-0.20450365173390858,-4.174767089912554,-4.304847260641189,0.1300801707286352,-24.49112216503417,-23.12560979680002,-1.3655123682341497,25.168515427749917,-0.8130112188539096,-0.8163341780065281,413.68420249537417
2022-03-14 00:00:00+05:30,24.5,24.649999618530273,23.799999237060547,24.0,9119953,0.0,0.0,-544917004.2375517,873989709,-0.20348577517030908,-626244.5636158407,-1.631050505473454,-0.7356652263459961,123895733.31331907,23.94666976929158,45.824333101712554,759.4787401940022,24.98500003814697,28.308567608263395,21.661432468030547,26.604503222269503,0.35181585489587824,0.0,0.0,24.086666679382326,25.166666984558105,23.006666374206542,8.967619468078901,0.4598765486606886,0.0,0.0,21.600000381469727,28.649999618530273,25.125,28.21692706142343,0.3404255146460042,1.3598275636263366,15.806559621233076,-1.0320636457787522,-1.1029487770522897,0.07088513127353746,23.887499968210857,25.86730773632343,24.450299050966287,25.48236269674504,0.8740739470919485,0.9160493608546578,-0.0419754137627093,-0.6399611300324574,22.303227753406063,-3.085000419616698,-168.16040416283462,-149.7941808908472,-18.366223271987423,24.074999809265137,25.975000381469727,25.02500009536743,28.699999809265137,5.814929606904893e-09,24.99230242792512,18.940207710856335,29.721408831564784,-43.37162106862938,30.08750009536743,28.34999942779541,20.0,56.00000000000001,-36.00000000000001,21.976269174438475,24.696000709533692,0.0,0.0,41.73588145263031,0.82809720943132,0.923773922745098,0.8840914753208443,-18.064247814351315,43.13292287193717,59.25926100351988,53.40387773015319,-40.74073899648012,-2.7499998934128698,-4.191613848463165,-4.050109709452419,-4.253899750403435,0.2037900409510156,-25.966376140117564,-23.69376306546353,-2.2726130746540356,25.15934219830527,-1.639342724524051,-1.6529286317205294,405.2631578947368
2022-03-15 00:00:00+05:30,24.149999618530273,24.899999618530273,23.700000762939453,23.950000762939453,14026671,0.0,0.0,-553099223.413848,859963038,-0.19413106822849696,-636970.032884906,0.6416406978946192,-0.10996234506629833,123866511.52796493,23.909413404569637,53.330713479918764,759.4787401940022,24.817500114440918,27.991815306274486,21.64318492260735,25.581264649508217,0.36335645657790294,0.0,0.0,24.140000025431313,25.19500013987223,23.084999910990398,8.740680309274913,0.40995296593282887,0.0,0.0,21.600000381469727,28.600000381469727,25.100000381469727,28.205902962509942,0.33571434020996094,1.343844692822785,15.175396987134937,-0.9955243217744894,-1.0814638859967296,0.08593956422224025,24.05833339691162,25.65576927478497,24.373330083577542,25.36885440535203,0.914357654059462,0.8513853691290904,0.06297228493037166,-0.635486523479399,22.460358667183645,-0.9674997329711914,-167.469194842625,-155.97915482148386,-11.49004002114114,24.074999809265137,25.975000381469727,25.02500009536743,28.699999809265137,2.9074648034524464e-09,24.560163049745658,19.052571380984034,27.957357101749576,-37.75988348291409,29.91249990463257,28.34999942779541,16.0,52.0,-36.0,22.121218422719725,24.696000709533692,0.0,0.0,41.51250506934198,0.8132986425389834,0.8615401369247592,0.9099833946674982,-17.986334098232092,42.019729506725824,58.02471170773197,56.872430504135025,-41.97528829226803,-2.3572057275211122,9.360735982271933,-3.9241989640827653,-4.187959593139301,0.2637606290565362,-24.387470620600176,-23.832504576490862,-0.5549660441093138,25.152939107362165,-0.2083301544189453,-0.2085474635512341,404.2105423776727
2022-03-16 00:00:00+05:30,24.450000762939453,24.600000381469727,24.100000381469727,24.350000381469727,7687939,0.0,0.0,-553099223.413848,867650977,-0.25120613515041296,-106663.93286077492,0.32518592261764356,-0.31521875558705215,123994911.21770701,23.83661925098919,51.71611998303925,772.1631325398071,24.645000171661376,27.512386265798312,21.77761407752444,23.26951571649057,0.4485594578988076,0.0,0.0,24.153333409627276,25.11833356221517,23.18833325703939,7.990616750259831,0.6018999692979504,0.0,0.0,21.600000381469727,28.600000381469727,25.100000381469727,28.40332704906658,0.39285714285714285,1.2744601853935338,14.632597132954826,-0.9236428382784254,-1.0498996764530688,0.1262568381746434,24.10000006357829,25.49038468874418,24.36974089863788,25.293383736916304,0.9145077064778688,0.906735607920338,0.007772098557530804,-0.6247206681156608,22.52826505372169,-0.6450001716613762,-161.6916807147069,-160.33372437865253,-1.3579563360543716,24.074999809265137,25.975000381469727,25.02500009536743,28.699999809265137,1.4537324017262232e-09,24.158890770007584,18.414997464649915,27.021794058773413,-23.842324715712373,29.91249990463257,28.34999942779541,12.0,48.0,-36.0,22.260369701069724,24.696000709533692,0.0,0.0,44.0905686452913,0.9840939867904696,0.8751632795869244,0.8868257797522605,-17.255569457843304,44.31161907541524,68.75,62.01132423708393,-31.25,-2.198382220548744,2.096436025168684,-3.6517171758650324,-4.080711109684447,0.42899393381941486,-26.39181452548832,-24.344366566290358,-2.0474479591979637,25.147753655630208,1.6701444918082675,1.656350948227292,412.63158697831005
2022-03-17 00:00:00+05:30,24.850000381469727,24.850000381469727,24.450000762939453,24.600000381469727,8394059,0.0,0.0,-555197748.1703557,876045036,-0.24373683942069382,208361.5932621929,1.4295820633730902,1.32513332557412,124081092.52025832,24.07314975418461,61.51298645094057,772.1631325398071,24.47750015258789,26.91173046253089,22.04326984264489,19.889533610609668,0.525162004675865,0.0,0.0,24.153333409627276,25.063333447774248,23.243333371480304,7.535192122046848,0.7454214028122439,0.0,0.0,21.600000381469727,28.299999237060547,24.949999809265137,27.372071550707194,0.4477612705107624,1.1970141668541803,12.911410221577889,-0.836856572425063,-1.0072910556474677,0.17043448322240473,24.15000009536743,25.355769304128792,24.405165434458162,25.242022006883225,1.0795105196374615,0.8318040911976058,0.24770642843985569,-0.6071455058388742,22.553574338508213,-0.22750015258788991,-156.90421403975768,-162.56424920515,5.6600351653923155,24.074999809265137,25.975000381469727,25.02500009536743,28.699999809265137,50.000000000726864,23.53478023028116,19.26696678365548,26.29291206939267,5.117278535879376,30.0,28.34999942779541,8.0,44.0,-36.0,22.393954928285723,24.696000709533692,0.0,0.0,45.701523470331544,1.0,0.9324642097764845,0.889722542096056,-16.212468268582782,45.311455751280455,67.21312705626175,64.66261292133123,-32.78687294373824,-2.11058796153349,2.5000015894571943,-3.3153309675304983,-3.9276350812536576,0.6123041137231593,-27.54414947592249,-24.984323148216784,-2.559826327705707,25.143514121638844,1.026694029090236,1.0214593250509996,417.8947448730469
2022-03-21 00:00:00+05:30,24.700000762939453,25.100000381469727,24.450000762939453,24.799999237060547,9181019,0.0,0.0,-554491553.2420075,885226055,-0.2217943306180852,440908.9789615335,0.8849774988624267,1.0726157747967568,124155734.52288775,24.163344595543112,57.73956612876283,772.1631325398071,24.332500076293947,26.278078707061184,22.38692144552671,15.99160484674344,0.6201439904236208,0.0,0.0,24.215000089009603,25.109999974568687,23.320000203450522,7.392111354691207,0.8268152082977691,0.0,0.0,21.600000381469727,27.899999618530273,24.75,25.891294430523192,0.5079363877961159,1.1423127120217895,11.853400250338327,-0.7433704830919616,-0.9545069411363666,0.21113645804440495,24.19583336512248,25.24038468874418,24.46590909639699,25.209279579488953,1.068965367556508,0.8862066897144476,0.18275867784206046,-0.583051810915676,22.454777298282036,0.11750068664550639,-144.39169045049226,-161.76232982897457,17.37063937848231,24.074999809265137,25.975000381469727,25.02500009536743,28.699999809265137,75.00000000036343,22.70054009331175,19.96544266770726,25.336134095203487,36.5330719281272,30.0,28.34999942779541,4.0,40.0,-36.0,22.522196746413083,24.696000709533692,0.0,0.0,47.016775136193,1.0,0.9946979955968233,0.9341084949867439,-14.97865768553204,39.770407105735046,73.77046412341105,69.91119705989092,-26.22953587658896,-1.8370585497687841,2.268038090971327,-2.9487970124175655,-3.731867467486439,0.7830704550688736,-27.868979133175397,-25.56125434520851,-2.3077247879668867,25.132576768820964,0.8130034654042939,0.8097163962032194,422.10524709601145
2022-03-22 00:00:00+05:30,24.75,26.149999618530273,24.549999237060547,25.600000381469727,18476357,0.0,0.0,-548717671.0305743,903702412,-0.1715552980347318,2489508.659754537,4.979327842008946,1.564261165677561,124751746.90995364,24.356246190181583,68.3596113161531,772.1631325398071,24.26500005722046,25.913666377008862,22.616333737432054,13.58884249660503,0.9048728078646645,0.0,0.0,24.43333339691162,25.428333473205566,23.438333320617676,8.14461179021699,1.086264771407639,1.0,0.0,21.600000381469727,26.850000381469727,24.225000381469727,21.6361013295682,0.7619047619047619,1.1880814789665832,10.75520505523287,-0.5978371824012818,-0.8831729893893496,0.2853358069880678,24.291666666666668,25.090384703416092,24.640384678715876,25.238221861117157,1.0921499147031288,0.8020477238045256,0.29010219089860323,-0.5484875968784281,22.496916246151777,-0.1649996757507317,-130.51199098828857,-158.48441309738254,27.97242210909397,24.800000190734863,25.975000381469727,25.387500286102295,28.699999809265137,87.50000000018171,21.21184443582544,23.982434635715407,23.107133328013187,127.94607011989291,29.84999990463257,28.34999942779541,0.0,36.0,-36.0,22.64530889181535,24.696000709533692,0.0,0.0,52.02291370024738,1.0,1.0,0.9757207351244358,-12.513267437181455,45.519114083430985,84.72224503387397,75.2352787378489,-15.277754966126022,-1.4311761799980616,4.7034747756466615,-2.368776951447319,-3.4592493642786155,1.0904724128312964,-22.268948663505782,-24.902793208867966,2.6338445453621837,25.22815873940675,3.2258111654039023,3.1748743979429506,438.9473764519942
2022-03-23 00:00:00+05:30,25.75,26.799999237060547,25.649999618530273,26.399999618530273,19571384,0.0,0.0,-542761154.3887297,923273796,-0.10764685991824213,4370592.032392317,5.141433361145994,1.4021760478873664,125363352.06756732,24.58514555041738,69.71790972062229,772.1631325398071,24.292500019073486,26.060061916768028,22.524938121378945,14.552325996144683,1.0961600558955338,1.0,0.0,24.73833338419596,25.71833330790202,23.758333460489908,7.922925998985267,1.3477889610697114,1.0,0.0,21.600000381469727,26.799999237060547,24.199999809265137,21.405778950326198,0.9230769795073684,1.189273216629007,9.646327085612299,-0.41318480332083496,-0.7891753521756468,0.37599054885481187,24.483333269755047,24.976923135610726,24.911094669456553,25.324279472777388,1.1141866717142097,0.7993078899672557,0.31487878174695405,-0.5011848328433207,22.55703764529532,-1.0425000190734863,-113.74967519298484,-153.06050303852447,39.310827845539634,25.25,25.125,25.1875,28.699999809265137,93.75000000009086,20.359177125162635,25.98498096060983,21.574111900832897,222.9838250169962,29.72499990463257,28.34999942779541,0.0,32.0,-32.0,22.855590335418245,24.696000709533692,0.0,0.0,56.45387207094143,1.0,1.0,0.998232665198941,-9.040888932390354,47.92005077060907,90.58824426987591,83.0269844757203,-9.411755730124082,-0.9123527695150955,9.543565147944959,-1.6315757522933376,-3.09371464188156,1.4621388895882226,-17.071766479125607,-23.336587862919497,6.26482138379389,25.508093959985025,3.124996973201677,3.0771629315981652,455.78946565326885
2022-03-24 00:00:00+05:30,26.299999237060547,26.899999618530273,25.700000762939453,26.0,10722754,0.0,0.0,-548122539.9104171,912551042,-0.0971670732251923,3133493.5263942773,0.8393443484368116,1.133315634273827,125200886.2504624,24.68221257626946,63.23865583568833,760.4637021260933,24.369999980926515,26.287915522847427,22.452084439005603,15.73997163251533,0.9249405105297124,0.0,0.0,24.92500006357829,25.869999949137373,23.980000178019207,7.582747307110072,1.0687831040242486,1.0,0.0,21.600000381469727,26.899999618530273,24.25,21.74804776860344,0.8301887267762277,1.1903457805251882,8.561931866249228,-0.29571427870101274,-0.69048313748072,0.39476885877970724,24.71249993642171,24.92692316495455,25.078618566463238,25.37433284516425,1.0646257691350525,0.8163264882443751,0.24829928089067732,-0.4491375900073469,22.67890503269606,-1.0700007438659682,-98.0724619606479,-145.316217768606,47.24375580795811,25.300000190734863,25.100000381469727,25.200000286102295,28.699999809265137,96.87500000004543,19.647540387352198,24.807916554091445,20.135482662193514,177.76674700788266,29.824999809265137,28.34999942779541,4.0,28.000000000000004,-24.000000000000004,23.17114304754963,24.696000709533692,0.0,0.0,53.77942127232773,0.8617118700312788,0.9539039566770929,0.9846346522256976,-6.762941261353618,46.77173463371372,79.31035541136683,84.87361490503889,-20.68964458863317,-0.42970576005823347,11.827956989247312,-1.165407108456721,-2.7080531351965926,1.5426460267398716,-17.755856451571937,-22.22044158064999,4.464585129078053,25.555508090703977,-1.5151500920837613,-1.5267457681177543,447.3684210526316
2022-03-25 00:00:00+05:30,26.100000381469727,26.5,25.450000762939453,25.600000381469727,10003669,0.0,0.0,-555268022.9595323,902547373,-0.09394269292464852,2114213.9106375063,-3.4112439323333947,1.1604954350310526,125046983.79723535,24.783369783889388,63.3735788526016,748.7642717123795,24.397500038146973,26.368660968348255,22.42633910794569,16.158712385443202,0.8050233811198668,0.0,0.0,25.026666768391927,25.946666463216143,24.10666707356771,7.352155229765986,0.8115944582934597,0.0,0.0,21.600000381469727,26.899999618530273,24.25,21.723534086581314,0.7547170897742347,1.176311126178724,7.7723715711166035,-0.23221780557734206,-0.5988300711000445,0.36661226552270243,24.90416669845581,24.842307824354904,25.158831153387315,25.391048958964657,1.0769230572950987,0.8060199499751535,0.27090310731994527,-0.3981384242925764,22.84216055444288,0.15249919891357422,-85.82342332257723,-136.30830396387944,50.48488064130221,25.300000190734863,25.100000381469727,25.200000286102295,28.699999809265137,98.43750000002271,18.73269686559525,23.34124519431921,20.352697045650984,132.06515471475248,29.84999990463257,28.34999942779541,0.0,24.0,-24.0,23.544028704647694,24.696000709533692,0.0,0.0,51.16887480333201,0.7267280484627553,0.8628133061646781,0.9389057542805902,-5.4970468145660645,45.91229800958318,70.11496268831777,80.00452078985349,-29.885037311682225,-0.0749999382916613,9.87124987004652,-0.9145656248886653,-2.349355633135007,1.4347900082463418,-18.608802265372574,-21.49811371759451,2.8893114522219356,25.557640305830233,-1.5384600712702867,-1.550417163480411,438.9473764519942
2022-03-28 00:00:00+05:30,25.600000381469727,25.799999237060547,24.649999618530273,24.75,10393753,0.0,0.0,-563854159.2470495,892153620,-0.05009877826547725,550084.2069889891,-8.29826156752816,0.9374325934288766,124701878.5674207,24.8991345085081,63.30717866074389,748.7642717123795,24.54000005722046,26.146735868246143,22.933264246194778,13.094831355168877,0.5653498668973722,0.0,0.0,25.093333371480306,26.068332990010582,24.118333752950033,7.7709852580877525,0.3239315354821103,0.0,0.0,22.549999237060547,26.899999618530273,24.72499942779541,17.72616288234203,0.5057472574740656,1.173679975413879,6.557601108026117,-0.24762979802701324,-0.5285900164854382,0.280960218458425,24.920833428700764,24.71923087193416,25.095934052866188,25.3435638508932,1.0836119189523488,0.8193979284533698,0.264213990498979,-0.35561295637671503,23.065710618797667,0.06000032424926616,-72.36365836230854,-125.66422109715432,53.30056273484578,25.300000190734863,24.949999809265137,25.125,28.699999809265137,99.21875000001135,17.668682635044757,21.81970054479377,23.560719279413295,50.269861593335655,29.937499523162842,28.34999942779541,0.0,20.0,-20.0,23.879625796035953,24.696000709533692,0.0,0.0,46.05302598214842,0.45432875521581023,0.6809228912366149,0.8325467180261286,-5.80604786533927,41.41410381839106,50.57472574740655,66.6666812823637,-49.42527425259345,0.13705867318546083,0.8146670841338889,-0.9770914599222235,-2.0749027984924506,1.097811338570227,-18.93865843164037,-20.986222660403683,2.0475642287633136,25.54771884577432,-3.3203139406395854,-3.3766877371978588,421.05263157894734
2022-03-29 00:00:00+05:30,24.950000762939453,25.350000381469727,24.649999618530273,25.049999237060547,14188816,0.0,0.0,-561827218.671118,906342436,-0.06683027293010319,1079591.3166752022,-1.1100275817075047,0.8912234222115031,124873863.77852343,25.045216512674127,62.881810546058865,748.7642717123795,24.6,26.18871014224699,23.011289857753013,12.916342619894214,0.6416240839326708,0.0,0.0,25.180000050862628,26.13999970753988,24.220000394185384,7.625096542796547,0.43229121859686737,0.0,0.0,22.549999237060547,26.899999618530273,24.72499942779541,17.682928379958238,0.5747125932792055,1.1263120541664364,5.009948313265617,-0.23295116581577346,-0.4694622463515053,0.23651108053573183,24.958333333333332,24.61730773632343,25.08886715812686,25.321818323942633,1.1149825640404,0.8641114306418847,0.2508711333985154,-0.3176751626214643,23.21885925458392,-0.20000038146972798,-57.56133360312929,-113.45223651498813,55.89090291185884,25.5,24.75,25.125,28.699999809265137,99.60937500000568,16.680669420962158,20.92552548246784,22.59519697140253,39.930526149907166,29.937499523162842,28.549999237060547,0.0,16.0,-16.0,24.181663178285383,24.696000709533692,0.0,0.0,48.02802449620545,0.4360725110470811,0.539043104908549,0.6942597674366139,-5.516366344514025,41.59191795134062,46.37678274960153,55.68882372844194,-53.62321725039847,0.1869117231929991,1.8292636122468837,-0.9199622350797387,-1.8439146858099082,0.9239524507301695,-16.72763920512169,-20.134505969347288,3.4068667642255974,25.526475102862005,1.212118129537565,1.2048308059509072,427.3684049907484
2022-03-30 00:00:00+05:30,25.350000381469727,26.25,25.25,25.799999237060547,19351434,0.0,0.0,-559892104.799063,925693870,-0.10789489103775927,2998731.9142930303,3.8756817711803686,0.44942067125218965,125453248.04766655,25.189206633933313,63.844662270280985,748.7642717123795,24.689999961853026,26.33547848718644,23.044521436519613,13.329109176798209,0.8372876820080678,0.0,0.0,25.338333320617675,26.27833309173584,24.39833354949951,7.419586436281428,0.7455670366247557,0.0,0.0,22.549999237060547,26.899999618530273,24.72499942779541,17.618470588054436,0.7471263712629672,1.133680925043738,4.028829641949636,-0.15896703897431408,-0.4073632048760671,0.248396165901753,25.074999968210857,24.57307690840501,25.198272093347427,25.35723913232174,1.0938627711396223,0.8736461954656602,0.22021657567396202,-0.27813646926643165,23.369099543300628,-0.6899999618530259,-41.71294336481288,-100.12126569833325,58.40832233352037,25.675000190734863,24.25,24.96250009536743,28.699999809265137,99.80468750000284,16.07062644051229,24.728819147444025,21.00597587278183,104.09015140859725,29.937499523162842,28.699999809265137,84.0,12.0,72.0,24.453496822309873,24.696000709533692,0.0,0.0,52.691059761848706,0.7481614427455052,0.5461875696694656,0.588717855271543,-3.9113224641743147,42.34809756660071,65.6249757856044,54.192161427537485,-34.3750242143956,0.16911771998685765,5.737703444335553,-0.6269098861464216,-1.600513725877211,0.9736038397307895,-11.790774517308101,-18.465759678939452,6.674985161631351,25.54804557300836,2.9940120672355297,2.9500665282065963,443.1578786749589
2022-03-31 00:00:00+05:30,26.0,26.149999618530273,25.200000762939453,25.350000381469727,9752410,0.0,0.0,-566564810.500175,915941460,-0.14052296699024455,1943402.5923579591,-0.7305859061648319,-0.0531800246481805,125283148.30080499,25.242200058497577,57.00110008328456,735.7044625906078,24.744999980926515,26.401472041190072,23.08852792066296,13.3883375351818,0.6826171461192504,0.0,0.0,25.459999974568685,26.444999631245928,24.47500031789144,7.737624961988486,0.4441626236348017,0.0,0.0,22.549999237060547,26.899999618530273,24.72499942779541,17.579310506456714,0.6436783675552572,1.1153127180984463,3.4540183625640095,-0.13508802165021905,-0.3529081682308975,0.21782014658067844,25.1875,24.55384613917424,25.221614906904705,25.356702928554924,1.0296297510301804,0.9222222567585858,0.10740749427159457,-0.24205651002545503,23.533442831943965,-0.794999217987062,-33.86240298121038,-86.44995335849465,52.58755037728427,25.675000190734863,24.25,24.96250009536743,28.699999809265137,99.90234375000142,15.45122087814976,23.32985533770677,20.11536577273589,74.98770150431177,29.41249990463257,28.799999237060547,80.0,8.0,72.0,24.649999618530273,24.696000709533692,0.0,0.0,49.803731340319814,0.5549175165893638,0.5797171567939835,0.5549826104573327,-3.3662284870215124,37.57877647542192,51.56250651926035,54.52142168482209,-48.43749348073965,0.11691182080436846,5.625001589457193,-0.5327507366823014,-1.3869611280382292,0.8542103913559278,-13.328166388843602,-17.438241020920284,4.110074632076682,25.54160647530014,-1.7441816623948503,-1.7595717270967093,433.6842185572574
2022-04-01 00:00:00+05:30,25.5,26.600000381469727,25.399999618530273,26.299999237060547,16623433,0.0,0.0,-558253120.4223933,932564893,-0.07974018084115514,3921808.2685912047,2.3460859082076535,0.37729213718001375,125906116.43052283,25.36508236478981,63.91476699466469,735.7044625906078,24.83749990463257,26.61959821069881,23.055401598566327,14.350061905657855,0.9103307116811814,0.0,0.0,25.606666564941406,26.67166633605957,24.541666793823243,8.318144561434448,0.8255083667253739,0.0,0.0,22.549999237060547,26.899999618530273,24.72499942779541,17.513841562847418,0.8620688899188084,1.1287814462886017,3.1133672438836757,-0.03905654071782649,-0.2901378427282833,0.2510813020104568,25.383333206176758,24.624999926640438,25.387520188467143,25.42657672918497,1.053003549287049,0.8268551532059709,0.22614839608107817,-0.20212174355344947,23.756010177036043,-0.4874995231628425,-22.62077536334538,-72.919851682145,50.299076318799614,25.72499942779541,24.25,24.987499713897705,28.699999809265137,99.95117187500071,15.28805479142987,24.27016095036946,18.622525657229787,110.45721403835606,28.66249990463257,28.875,76.0,4.0,72.0,24.874999618530275,24.696000709533692,0.0,0.0,55.3645134890987,0.9270911033959532,0.7433900209102742,0.6230982491245743,-1.1975963874624382,39.672936286315405,81.24998137354184,66.14582122613552,-18.750018626458154,0.1969117220710288,9.812101875827546,-0.15360518694204267,-1.140289939818992,0.9866847528769493,-10.422855815057467,-16.035163979747722,5.612308164690255,25.584571061851662,3.747529945937389,3.679016508930655,453.68419446443255
2022-04-04 00:00:00+05:30,26.549999237060547,27.149999618530273,26.399999618530273,26.799999237060547,17583639,0.0,0.0,-557080895.7093959,950148532,-0.06257423900530111,4617524.158792461,3.305628112006309,0.7299120384285683,126240406.15504918,25.558780028011167,70.45218338675777,735.7044625906078,24.97249984741211,26.91272510518637,23.032274589637847,15.538894941471604,0.9709503142291996,0.0,0.0,25.806666501363118,26.881666310628255,24.73166669209798,8.331179148677375,0.9620153078801311,0.0,0.0,22.549999237060547,27.149999618530273,24.84999942779541,18.420263928628767,0.9239129668598203,1.1009033398067143,2.904837734334638,0.07651292771316776,-0.21680768863999308,0.29332061635316087,25.587499777475994,24.692307618948128,25.60482465748151,25.528311729768344,1.137809282064326,0.7773851199533933,0.36042416211093264,-0.15705241812918205,23.720170828845276,-0.3724994659423828,-12.029191959587443,-59.75509623451155,47.725904274924105,25.899999618530273,24.375,25.137499809265137,28.65000057220459,99.97558593750036,15.60651823853712,26.354456601768177,17.6626079920029,148.4816597048765,28.637500286102295,28.875,100.0,0.0,100.0,25.077499618530275,24.696000709533692,0.0,0.0,58.00162525392872,1.0,0.8273362066617724,0.7168144614553432,1.4336911123765403,43.14877061110216,89.85505804146743,74.2225153114232,-10.144941958532568,0.586323547363282,10.061596785252052,0.2997179309117676,-0.8522883656728402,1.1520062965846078,-7.515653586593311,-14.33126190111684,6.815608314523528,25.66595111904707,1.901140739561047,1.883294887430642,464.21051025390625
2022-04-05 00:00:00+05:30,27.049999237060547,28.799999237060547,26.799999237060547,28.450000762939453,40348817,0.0,0.0,-530854103.09198713,990497349,0.034471828052162055,13468679.224309076,5.080692296531387,1.0469871526169088,128724570.7637311,26.116844986376236,74.66913030771053,735.7044625906078,25.232499885559083,27.53885531137515,22.926144459743014,18.280831754891068,1.197529279608304,1.0,0.0,26.064999834696454,27.17999960581462,24.950000063578287,8.555532539339843,1.56950736225319,1.0,0.0,22.549999237060547,28.799999237060547,25.674999237060547,24.769642438706455,0.944000244140625,1.1908130058260429,2.657206001739153,0.29781091868832377,-0.11388396717432972,0.41169488586265346,25.90833314259847,24.944230739886944,26.042544058321194,25.74473313963287,1.1638795555659889,0.6956521628189675,0.4682273927470214,-0.09749439988765149,23.848181167314312,-0.43250064849853587,6.065606949089347,-46.44228710761441,52.50789405670376,26.72499942779541,25.674999237060547,26.19999933242798,28.125000953674316,99.98779296875017,17.02958085464254,32.84067551010364,15.622132935333896,210.6765670357236,26.625000476837158,28.699999809265137,100.0,24.0,76.0,25.326199618530275,24.696000709533692,0.0,0.0,65.28960066205406,1.0,0.9756970344653179,0.8488077540124547,6.344064542673989,53.42625886905121,92.55322214164461,87.88608718555129,-7.446777858355386,1.1455881118774407,15.650407812065687,1.1567838636084253,-0.45047391981658713,1.6072577834250126,5.830975151082743,-10.298814490676923,16.129789641759665,25.929952278305684,6.1567222867573435,5.974632834027149,498.9473844829359
2022-04-06 00:00:00+05:30,28.549999237060547,29.25,28.299999237060547,28.450000762939453,24418102,0.0,0.0,-547561153.2655998,1014915451,-0.029705850830955043,11544582.192264922,3.793296900236137,1.294709365303944,128724570.7637311,26.44803278016962,76.81368757501792,735.7044625906078,25.489999961853027,28.015391183213566,22.964608740492487,19.814760495409224,1.0860479707163437,1.0,0.0,26.303333218892412,27.398333104451496,25.208333333333336,8.325940111442563,1.480213592876771,1.0,0.0,23.450000762939453,29.25,26.350000381469727,22.754018225737607,0.8620690789149158,1.1667317815373839,2.6432883688617794,0.4677986789259734,0.0024525620457308966,0.46534611688024247,26.21249993642171,25.121153831481934,26.41292201287785,25.945123333951877,1.2426229061217895,0.6622950647441758,0.5803278413776137,-0.0305488243880875,23.906789664858735,0.11000041961669993,21.97545966658764,-33.103629149032685,55.079088815620324,26.949999809265137,25.899999618530273,26.424999713897705,27.675000190734863,99.99389648437509,18.602463672896988,33.65129945567381,14.750446536595646,219.70029549181228,26.387500286102295,28.699999809265137,100.0,20.0,80.0,25.812531565124512,24.696000709533692,0.0,0.0,65.28960066205406,1.0,1.0,0.93434441370903,10.179611391446786,53.69293882429929,83.33334657881205,88.58054225397468,-16.666653421187945,1.7108821420108598,14.717748540993615,1.8030312398392434,0.0002271121145789312,1.8028041277246645,7.9894203746060475,-6.64116751762033,14.630587892226377,26.102967110821698,0.0,0.0,498.9473844829359
2022-04-07 00:00:00+05:30,28.600000381469727,28.75,27.149999618530273,27.350000381469727,16591966,0.0,0.0,-560005112.9312298,998323485,-0.09310651772559124,7288046.317750972,-7.955657632957242,0.624335101280349,128083053.41962236,26.603318247825502,70.44947433761537,707.2589382392392,25.630000019073485,28.240440747477546,23.019559290669424,20.37019685104493,0.8294463543418191,0.0,0.0,26.458333206176757,27.59333324432373,25.323333168029784,8.5795278886427,0.8928049098345078,0.0,0.0,23.700000762939453,29.25,26.475000381469727,21.65430836102347,0.6576576793303178,1.2100586415306183,2.8380946349892304,0.5078996153034616,0.10354197269727705,0.40435764260618456,26.358333269755047,25.25,26.55708791573814,26.04918830043468,1.140672749340069,0.7370030802225077,0.4036696691175613,0.030057320289230756,24.02024740311405,0.7699995994567885,32.70162380872706,-19.93417946777665,52.63580327650371,26.949999809265137,25.899999618530273,26.424999713897705,27.375000953674316,99.99694824218754,18.76535710355585,30.558622686219643,20.00039692743113,134.64160681269365,26.23750066757202,28.699999809265137,96.0,16.0,80.0,26.36252651470459,24.696000709533692,0.0,0.0,57.56602331579994,0.5984951856152384,0.8661650618717461,0.9472873654456878,11.088571853319895,48.32103449592484,60.416668322351505,78.76774568093605,-39.583331677648495,2.1710291301502913,6.835937398136595,1.9497713688644434,0.39013596346455187,1.5596354053998915,6.2497135008275375,-4.062991313930756,10.312704814758295,26.144038444807283,-3.866433574591144,-3.9431644573496794,475.7894817151521
2022-04-08 00:00:00+05:30,27.649999618530273,29.25,27.450000762939453,28.850000381469727,29835362,0.0,0.0,-543429904.7946297,1028158847,-0.01059875014705175,12640188.700929403,2.4132461499613913,0.7334971477874178,129719362.09881058,26.889497672341097,73.10573540848924,707.2589382392392,25.842500019073487,28.75716576536144,22.927834272785535,22.557149998156014,1.0159254309394687,1.0,0.0,26.724999872843426,27.9349999109904,25.51499983469645,9.055192096569582,1.3780993560465433,1.0,0.0,23.700000762939453,29.25,26.475000381469727,21.476247394657165,0.9279279867537197,1.279052739230584,2.8380946349892304,0.6531878177040156,0.21347114169862474,0.4397166760053908,26.5625,25.42692309159499,26.909843679696845,26.25665586199283,1.142045466860465,0.7357954533139535,0.40625001354651147,0.09516310608621266,24.239434065708448,0.15749998092651296,48.33816020952132,-6.52286629312889,54.86102650265021,26.949999809265137,25.899999618530273,26.424999713897705,27.02500057220459,99.99847412109378,19.24239488358729,30.112404964191214,17.896957498370007,155.66365701681227,25.987500190734863,28.699999809265137,92.0,12.0,80.0,26.824522272351857,24.696000709533692,0.0,0.0,63.84668893503902,0.9249912340931314,0.84116213990279,0.9024424005915118,14.054061457972194,51.617003677691066,91.48937120001429,78.4131287003926,-8.510628799985716,2.6285291727851394,9.280306054322013,2.487703769806883,0.8096495247330181,1.6780542450738647,10.229784588327712,-1.2044361334790628,11.434220721806774,26.40010447371418,5.484460618202713,5.339346336093431,507.3684290835732
2022-04-11 00:00:00+05:30,29.100000381469727,29.799999237060547,28.899999618530273,29.25,27109528,0.0,0.0,-549454212.4320723,1055268375,-0.02809218982090469,12383561.866301741,3.3198614163394966,0.6149638316681715,130095230.40782803,27.237361568628128,74.30933632614965,717.0649452325538,26.085000038146973,29.2734324301652,22.896567646128744,24.4464817891925,0.9963253995562427,0.0,0.0,27.149999872843427,28.334999910990398,25.964999834696453,8.729282089848253,1.3860759744955036,1.0,0.0,23.700000762939453,29.799999237060547,26.75,23.38508133103467,0.909836168091863,1.2461473508666077,2.8380946349892304,0.7914826715734868,0.32907344767359714,0.4624092238998897,26.833333333333332,25.61153844686655,27.269867728974255,26.478385057400768,1.2241888984412626,0.7522124122844527,0.47197648615680987,0.1632310542060951,24.413283903878515,-0.4849996566772461,68.12794908640493,7.4426095612638,60.685339525141124,27.5,26.174999237060547,26.837499618530273,27.02500057220459,99.99923706054689,20.025786068318958,31.601393277765112,16.93777340912788,169.58598002017098,25.887500286102295,28.699999809265137,100.0,8.0,92.0,27.149999618530273,24.696000709533692,0.0,0.0,65.32074727087026,1.0,0.84116213990279,0.8494964472257752,16.901079330081785,52.28847360859152,89.32040237281595,80.40881396506056,-10.679597627184053,3.0847056052264037,12.5,2.9891651996814876,1.245552659722712,1.7436125399587756,11.896855704531811,1.4158222341231124,10.481033470408699,26.9053492817464,1.3864804618414883,1.3769567501236146,515.7894736842105
2022-04-12 00:00:00+05:30,29.200000762939453,29.399999618530273,28.149999618530273,28.600000381469727,18409113,0.0,0.0,-554608741.6000105,1036859262,-0.02828298654328348,8905064.967189966,-3.904315007363043,-0.031161051796759733,129686139.24791417,27.410368283051568,67.09089031736617,701.1301780235763,26.31500005722046,29.53215740446725,23.09784270997367,24.45112931978921,0.8551272253134817,0.0,0.0,27.51999988555908,28.75999984741211,26.279999923706054,9.011627667220372,0.9354840843288074,0.0,0.0,23.700000762939453,29.799999237060547,26.75,23.180689571943745,0.803278826924015,1.2465326157799468,2.899571421641407,0.8389617735933257,0.4310511128575429,0.4079106607357828,27.083333333333332,25.784615369943474,27.474503521665866,26.63554174807254,1.1176470720231755,0.8176470159246799,0.30000005609849556,0.2248781273956358,24.629604315083235,-1.565000057220459,82.94065328622088,21.29300918915644,61.64764409706444,27.5,26.174999237060547,26.837499618530273,27.02500057220459,99.99961853027344,19.95504008565364,29.37084887826169,19.97726624123665,118.48143629244387,25.625000476837158,28.699999809265137,96.0,4.0,92.0,27.450000762939453,24.696000709533692,0.0,0.0,60.97040075662792,0.7742158271311113,0.8997356870747476,0.8606866556267757,17.84163328802846,48.548388305516085,76.69904962180792,85.83627439821271,-23.300950378192077,3.2069115807028368,11.71874982537702,3.1497830287384203,1.6263987335258538,1.5233842952125665,9.753435726627673,3.0833449326240245,6.670090794003649,27.093720400564408,-2.22222091805222,-2.2472842513956426,502.10527118883635
2022-04-13 00:00:00+05:30,28.850000381469727,29.100000381469727,27.549999237060547,27.649999618530273,17092641,0.0,0.0,-569495873.7505617,1019766621,-0.04742532188946472,5313195.401784232,-4.080704786023848,-0.38259313282966395,129118376.24882096,27.501519767920144,65.30083554332055,677.8408705005655,26.5,29.574248186952346,23.425751813047654,23.20187310907431,0.6870375370815986,0.0,0.0,27.753333218892415,29.04833329518636,26.45833314259847,9.332212935146869,0.46010285935354406,0.0,0.0,24.100000381469727,29.799999237060547,26.949999809265137,21.509429643738944,0.6228070087380009,1.27687946864287,3.22192679181193,0.7908161456696163,0.5030041194199576,0.28781202624965874,27.324999968210857,25.953846124502327,27.50150292118347,26.710686775513853,1.0778097086132015,0.8443803629063243,0.23342934570687712,0.2717086000246821,24.81696314745259,-1.4500007629394531,90.22076358762041,35.08002769680431,55.1407358908161,27.59999942779541,26.174999237060547,26.88749933242798,27.02500057220459,99.99980926513672,19.30397873598972,26.840917784738632,21.590828710950685,76.74896538890458,25.325000286102295,28.699999809265137,92.0,0.0,92.0,27.450000762939453,29.799999237060547,0.0,1.0,55.185532419173015,0.4739795796387305,0.7493984689232805,0.8300987653002726,16.730402517369157,43.55010637824167,58.25243149932798,74.75729449798393,-41.74756850067202,3.0095586888930406,11.717170175879893,2.960673202886611,1.8932536273980054,1.0674195754886056,7.445448163707384,3.9557655788406967,3.4896825848666877,27.116239527943673,-3.3216809449938656,-3.3781016991938806,482.1052551269531
2022-04-18 00:00:00+05:30,24.600000381469727,25.850000381469727,24.100000381469727,25.049999237060547,30113992,0.0,0.0,-566914713.8222519,989652629,-0.03752554881293503,-6631031.182410128,-19.467691293276452,-1.5294822300398823,126286680.3440187,27.299988335870623,61.24945850696224,677.8408705005655,26.534999942779542,29.5253348239543,23.544665061604785,22.538796967199236,0.25169993249458217,0.0,0.0,27.696666526794434,29.071666717529297,26.32166633605957,9.928994086018646,-0.462424335490233,0.0,1.0,24.100000381469727,29.799999237060547,26.949999809265137,21.481058480807917,0.1666664993553495,1.5041914454846377,4.944902655887432,0.5366756244649125,0.5097384204289486,0.02693720403596389,27.324999968210857,26.02115381681002,27.124348508241482,26.58767288377657,0.9874054457156578,0.9168765951223571,0.07052885059330072,0.28619641211592006,24.967498116388242,-0.7350007057189956,90.68344390442195,47.669385393222896,43.01405851119905,26.949999809265137,26.625,26.78749990463257,26.90000057220459,49.99990463256836,19.517215454392264,22.137605976318593,34.83679760883531,-79.47297624788399,25.262500286102295,28.699999809265137,88.0,0.0,88.0,27.450000762939453,29.754999237060545,0.0,0.0,43.12562503028941,0.0,0.41606513558994723,0.6883997638626583,11.107244321575438,36.22845350121538,16.66664993553495,50.53937701889027,-83.33335006446505,2.423382310306323,0.0,2.0185129658052343,1.9183054950794514,0.10020747072578295,10.497266414407003,5.264065745953959,5.233200668453044,27.102327633973985,-9.403256482243416,-9.875191709776177,427.3684049907484
2022-04-19 00:00:00+05:30,25.399999618530273,25.850000381469727,24.200000762939453,24.649999618530273,17624345,0.0,0.0,-574925801.9566506,972028284,-0.05227462657301801,-6690845.4816152435,0.4681041799792578,-0.9033132480750667,126005253.9371701,27.23616613633602,59.908559258991176,667.0170741779166,26.53749990463257,29.521436614142928,23.55356319512221,22.488453850089044,0.1837231366056657,0.0,0.0,27.57666657765707,28.996666653951007,26.156666501363123,10.298562172445035,-0.5305164795360784,0.0,1.0,24.100000381469727,29.799999237060547,26.949999809265137,21.479034860385585,0.09649111359401105,1.5187722627892013,6.2711875023538655,0.2995379174905466,0.4676983198412682,-0.1681604023507216,27.229166666666668,26.024999985328087,26.74367944828591,26.444141530795363,1.0319410125968425,0.8845208679401507,0.14742014465669173,0.2749517329033257,25.10482506655288,-1.1874995231628418,87.3601898861154,58.71265004274543,28.647539843369977,26.949999809265137,26.75,26.84999990463257,26.65000057220459,24.99995231628418,19.715220978623197,20.352498350157433,32.02766670511027,-85.87138914325314,25.02500057220459,28.699999809265137,84.0,12.0,72.0,27.450000762939453,29.528799282836914,0.0,0.0,41.61874537748724,0.0,0.1579931932129102,0.4411522659087126,6.2627814306801515,36.75370224694206,9.649111359401106,28.189397598088004,-90.3508886405989,1.6951470375061035,-4.457362994330443,1.1327193856594722,1.7611882731954556,-0.6284688875359834,8.05640777757684,5.822534152278535,2.2338736252983056,27.03441013519921,-1.5968049130256623,-1.609691206095487,418.947360390111
2022-04-20 00:00:00+05:30,25.0,25.049999237060547,24.5,24.549999237060547,9213344,0.0,0.0,-582464015.7392403,962814940,-0.07411399071949552,-5866630.114900469,-1.4924042105155646,-0.9306258644184996,125967877.14492385,27.263797480014098,60.86043586712485,664.3111121942713,26.52499990463257,29.539880226157905,23.510119583107233,22.73236819879339,0.17245786615954317,0.0,0.0,27.36833324432373,28.76833324432373,25.96833324432373,10.230802055074832,-0.5065478597368511,0.0,1.0,24.100000381469727,29.799999237060547,26.949999809265137,21.489156931515467,0.07894718349801787,1.421894960216336,7.476785971834245,0.10235549079805395,0.39462975403262535,-0.2922742632345714,27.16249990463257,26.023076864389274,26.406190185020467,26.303834694222413,1.047029648980791,0.9009901878238067,0.1460394611569844,0.2458446448855756,25.185951502198662,-0.2250006675720222,84.71365198551197,67.45132171345907,17.262330272052907,26.949999809265137,26.75,26.84999990463257,26.050000190734863,12.49997615814209,19.89908325112335,19.779937570911894,31.1266576255074,-95.56964049104756,25.0625,28.699999809265137,80.0,8.0,72.0,27.450000762939453,29.311647326782225,0.0,0.0,41.23086980825699,0.0,0.0,0.19135277626761904,2.4091102953319674,37.15131897845794,7.894718349801786,11.403493214912602,-92.10528165019821,0.7485294342041016,-3.15582300737937,0.389127638566464,1.4867761462696574,-1.0976485077031934,2.6798108711370294,5.193989496050234,-2.5141786249132045,26.925453407578086,-0.40568106700721307,-0.4065061849687801,416.84208920127463
2022-04-21 00:00:00+05:30,24.75,25.200000762939453,24.600000381469727,25.049999237060547,9642578,0.0,0.0,-577642772.718606,972457518,-0.07847477396368818,-4339784.527057545,0.7778067223170967,-1.151902653623019,126164263.66833855,27.28722088236726,59.558841425851995,664.3111121942713,26.497499847412108,29.55535512698789,23.439644567836325,23.080330575976436,0.26331440208766627,0.0,0.0,27.06166661580404,28.321666653951006,25.801666577657066,9.312065336073045,-0.2982806816823456,0.0,1.0,24.100000381469727,29.799999237060547,26.949999809265137,21.51145915054138,0.1666664993553495,1.344705616782593,8.382155885889931,-0.013412569896036786,0.31302128924689293,-0.3264338591429297,27.0583332379659,26.04807684971736,26.197545423795866,26.210957993691903,1.0305342740849361,0.9440203357341337,0.08651393835080246,0.20946920757055135,25.201592348912165,0.3024993896484389,77.3141333972225,73.60006323908516,3.7140701581373463,26.949999809265137,26.75,26.84999990463257,25.975000381469727,6.249988079071045,19.930299078281244,19.89391103760881,30.050699367114646,-80.50564530315272,25.02500009536743,28.699999809265137,76.0,4.0,72.0,27.450000762939453,29.103181448969725,0.0,0.0,44.03915208570436,0.11657519976204671,0.038858399920682275,0.06561719771119738,0.14733608938696255,33.75822557580289,16.66664993553495,11.403493214912606,-83.33335006446505,-0.06838214537676635,-4.752851848902593,-0.0511716126486668,1.1791865944859925,-1.2303582071346593,-1.702709934559748,3.814649609928238,-5.517359544487986,26.74031917631381,2.0366599410936104,2.016197391064267,427.3684049907484
2022-04-22 00:00:00+05:30,24.850000381469727,25.049999237060547,24.5,24.649999618530273,12502637,0.0,0.0,-583325797.4200674,959954881,-0.11220508203386062,-4434251.027566822,-0.5498874289697029,-1.1389956195376527,125964620.94646479,27.23445081995726,59.10262327989437,664.3111121942713,26.40999984741211,29.572373018156952,23.247626676667267,23.94830131780346,0.22172793439376132,0.0,0.0,26.66833324432373,27.888333129882813,25.44833335876465,9.149427333024306,-0.3271859898038142,0.0,1.0,24.100000381469727,29.799999237060547,26.949999809265137,21.582729604405344,0.09649111359401105,1.2652349788103883,9.316466049705149,-0.1358699936286314,0.22324303267178808,-0.35911302630041947,26.87916660308838,26.07307683504545,25.959461453755004,26.095331447383636,1.0285712898551644,0.9454545850877638,0.08311670476740063,0.1664406886532692,25.114866519815383,2.0400009155273438,64.94336602903869,77.18247904134199,-12.239113012303307,26.949999809265137,26.75,26.84999990463257,25.975000381469727,3.1249940395355225,20.023795359565437,19.286410407163366,29.6882620699903,-83.57178451066319,25.02500009536743,28.699999809265137,72.0,0.0,72.0,27.450000762939453,28.903054206269726,0.0,0.0,42.297811779111576,0.044290053883023955,0.053621751215023584,0.030826717045235177,-2.2401817687762895,33.271919384282384,9.649111359401106,11.403493214912606,-90.3508886405989,-0.7952939426197716,-8.022386864687418,-0.5206678209954446,0.8392157113897051,-1.3598835323851497,-4.037539598766589,2.2442117681892726,-6.281751366955861,26.51187874811706,-1.5968049130256623,-1.609691206095487,418.947360390111
2022-04-25 00:00:00+05:30,24.350000381469727,24.450000762939453,23.649999618530273,23.950000762939453,12396433,0.0,0.0,-586424883.5035496,947558448,-0.10545915243456046,-5040427.868401317,-4.67876825480627,-1.64077091689579,125612592.99321139,27.16010698555964,54.502889365694585,645.4463241419955,26.307499885559082,29.644456317170523,22.97054345394764,25.368860181527086,0.14675907957821682,0.0,0.0,26.29499994913737,27.4349999109904,25.15499998728434,8.670849698103364,-0.528508449415299,0.0,1.0,23.649999618530273,29.799999237060547,26.72499942779541,23.377362521271657,0.0487806769134197,1.2387114809293496,10.499421717637695,-0.2861044081827373,0.12137354450088303,-0.4074779526836203,26.50416660308838,26.07307683504545,25.650313655167995,25.936418063350732,0.9710524709601152,0.9921052832352487,-0.02105281227513356,0.1152743354006889,25.095265497725116,2.142500877380371,55.52380451692436,77.98088396438679,-22.457079447462434,26.72499942779541,26.72499942779541,26.72499942779541,25.975000381469727,1.5624970197677612,20.63954264425522,18.198283418499305,32.808917239598934,-105.9245780167236,25.02500009536743,28.699999809265137,68.0,100.0,-32.0,27.450000762939453,28.710932053277727,0.0,0.0,39.364414175186354,0.0,0.053621751215023584,0.048700634116909704,-5.168953613888977,31.886382393174205,4.87806769134197,10.397942995425998,-95.12193230865803,-0.9604410339804268,-15.817222774425895,-1.1030991537995567,0.4507527383518528,-1.5538518921514095,-5.970865415879128,0.6011963313755924,-6.572061747254721,26.25898477112665,-2.839751993604922,-2.880852930082023,404.2105423776727
2022-04-26 00:00:00+05:30,24.25,24.399999618530273,23.649999618530273,23.850000381469727,8280175,0.0,0.0,-590288948.3241571,939278273,-0.09688406067048445,-4438655.409863427,-0.22644967230091614,-1.893062187203449,125578020.106687,27.087670203036147,50.15199836001507,642.7513397337983,26.219999885559083,29.71462474086695,22.725375030251218,26.656177502369584,0.1609078796412659,0.0,0.0,25.839999898274737,26.87499993642171,24.80499986012777,8.01083624010443,-0.46135238814475865,0.0,1.0,23.649999618530273,29.799999237060547,26.72499942779541,23.455376221864306,0.032520451275613135,1.1898403328364147,11.600980081380209,-0.4085262231422817,0.01539359097225007,-0.4239198141145318,26.1208332379659,26.053846065814678,25.373342382291337,25.78186860543362,0.9232802804468605,1.0291005902386334,-0.10582030979177293,0.05991805820423317,25.132379759564945,1.130000495910643,40.730294542772135,74.93670012620537,-34.20640558343323,26.524999618530273,26.72499942779541,26.624999523162842,25.975000381469727,0.7812485098838806,21.211307980038587,17.40514013812556,31.378992688667196,-98.92496283691514,25.02500009536743,28.699999809265137,64.0,96.0,-32.0,27.450000762939453,28.407276107192878,0.0,0.0,38.94885134352411,0.0,0.014763351294341356,0.040668951241462734,-7.65769430307787,33.54847161581514,3.2520451275613134,5.926408059434787,-96.74795487243868,-1.1552941602819082,-16.16871795470017,-1.5845485422114958,0.043692482239183095,-1.6282410244506789,-9.605246659133556,-1.4400922667262372,-8.165154392407318,25.63908843779604,-0.4175381139213563,-0.41841223835454855,402.10527118883635
2022-04-27 00:00:00+05:30,23.649999618530273,28.600000381469727,23.399999618530273,27.75,82065536,0.0,0.0,-535052537.9668565,1021343809,0.06649428657770336,41917660.947900265,12.514392753674683,-1.3620835831217852,138997540.18951055,26.837515949197158,56.34421712153915,642.7513397337983,26.369999885559082,29.85689004968307,22.883109721435094,26.445886835467924,0.6978840814430436,0.0,0.0,25.56666660308838,27.03166675567627,24.10166645050049,11.460235902719699,1.245164904268034,1.0,0.0,23.399999618530273,29.799999237060547,26.59999942779541,24.270002450910454,0.6796876001171828,1.5908563758467185,11.681660937790708,-0.18867410035726095,-0.025419947293652136,-0.16325415306360883,26.15416653951009,26.174999897296612,25.738982015784977,25.927656116142238,0.9049772736393635,0.909502264005527,-0.004524990366163495,0.033272948745044384,25.76372033553523,2.4800004959106445,37.72041603992442,69.9122293210613,-32.19181328113688,26.25,26.59999942779541,26.424999713897705,25.975000381469727,3.359345500113411,20.86755777006257,32.962533132076715,23.674703170552416,9.85222110982137,25.02500009536743,28.699999809265137,60.0,100.0,-40.0,23.649999618530273,28.407276107192878,1.0,0.0,57.70278179885883,0.7111331891723404,0.23704439639078015,0.10180983296671492,-3.3947626582428434,52.498254526790355,67.96876001171827,25.36629094354051,-32.031239988281726,-0.9911764369291411,1.462521436750263,-0.7276943951744053,-0.11058489324353457,-0.6171095019308707,17.87381581423882,2.4226893494667747,15.451126464772045,25.687992482209374,16.352199396861987,15.145160686355563,484.2105263157895
2022-04-28 00:00:00+05:30,28.850000381469727,29.25,25.700000762939453,25.899999618530273,70241784,0.0,0.0,-597379798.3421755,951102025,-0.07267534371917657,17365519.784612495,7.454608824971679,-1.1005613027835321,134314753.62392086,26.735712235523582,61.738711032104035,599.9012415825297,26.41249990463257,29.854429264450076,22.97057054481506,26.062882137209716,0.4255504351592114,0.0,0.0,25.38999996185303,27.085000038146973,23.69499988555908,13.351713893978598,0.6504423698293694,0.0,0.0,23.399999618530273,29.799999237060547,26.59999942779541,24.230949897354314,0.39062502328306575,1.7867706619681012,12.076032563992989,-0.16185353202063268,-0.05270666423904825,-0.10914686778158444,25.90833314259847,26.21730760427622,25.763753954668868,25.9256074866895,0.9473683722817289,0.9109312162946578,0.03643715598707109,0.013001664927096097,26.300739678120987,2.8375000953674316,27.117669078828843,62.900774375640026,-35.783105296811186,26.324999809265137,26.59999942779541,26.462499618530273,25.975000381469727,6.333150917172156,20.877620841965204,30.722005701656073,20.05462691085454,22.222231736369395,25.02500009536743,28.699999809265137,56.00000000000001,96.0,-39.99999999999999,23.649999618530273,28.407276107192878,0.0,0.0,49.87601887364893,0.4143489554269768,0.3751607148664391,0.20898948751718674,-2.8091389808906584,44.36237319524563,39.06250232830658,36.76110248919538,-60.93749767169342,-0.6019117860233081,-10.225305802194132,-0.6242998629973477,-0.21332788719429724,-0.4109719758030505,28.3875030505541,7.6156520896842395,20.77185096086986,25.696979667585282,-6.666668041332347,-6.899288621551225,445.26314986379526
2022-04-29 00:00:00+05:30,26.100000381469727,27.149999618530273,25.5,25.75,38136456,0.0,0.0,-623959749.8522018,912965569,-0.12612180815795176,14067523.550796919,-4.975555425095529,-0.8876968593648383,134093886.67657141,26.631700263257244,58.49028835588333,596.4269188520831,26.409999942779542,29.853777306359987,22.966222579199098,26.07934396851045,0.4041749983957514,0.0,0.0,25.193333307902016,26.89833323160807,23.48833338419596,13.535326214028794,0.6632453715563786,0.0,0.0,23.399999618530273,29.799999237060547,26.59999942779541,24.23324359105129,0.36718758149073016,1.7730935576243183,12.44949575062354,-0.15096156306961106,-0.07235764400516081,-0.07860391906445025,25.616666475931805,26.223076820373535,25.76163796164289,25.9125995247125,0.9858584922912669,0.9757576355410208,0.010100856750246079,-0.0032908448378693098,26.61983698855132,2.190000438690184,17.497657797351422,54.7690203637433,-37.27136256639188,26.324999809265137,26.59999942779541,26.462499618530273,25.975000381469727,9.795829252038743,20.731875871639325,28.537798141700776,19.49059741316812,-15.454548390443659,25.387500286102295,28.699999809265137,52.0,92.0,-40.0,23.399999618530273,28.407276107192878,0.0,0.0,49.292215251985695,0.3922116156137302,0.5058979200710159,0.3727010104427449,-2.5775453487385094,42.86960520842381,36.71875814907301,47.916673496365945,-63.28124185092699,-0.35367643692914186,-11.965811965811966,-0.5825797713797144,-0.2871782640313807,-0.2954015073483337,27.09681880717328,11.511885433182048,15.58493337399123,25.69853802473048,-0.5791491148245287,-0.5808326867186242,442.1052631578948
2022-05-02 00:00:00+05:30,25.600000381469727,25.850000381469727,24.600000381469727,24.850000381469727,14657337,0.0,0.0,-632754152.0522019,898308232,-0.12905242951877724,10173363.370873122,-9.380962481412979,-1.7301403330344363,133581591.61992405,26.41757148185585,52.63586888046305,575.5809382909933,26.38499994277954,29.866250069123673,22.903749816435408,26.388100313767886,0.2795332846534346,0.0,0.0,25.20333334604899,26.858333269755043,23.548333422342935,13.133182829290321,0.39325287587082136,0.0,0.0,23.399999618530273,29.799999237060547,26.59999942779541,24.256204784573757,0.2265626327134748,1.7207842018618862,13.082548519078145,-0.2125024508332558,-0.10038660537077981,-0.112115845462476,25.304166475931805,26.163461465101975,25.621386026231633,25.83388847706489,0.9398339102865455,1.053941959614858,-0.11410804932831253,-0.02296949057915529,26.755839241433325,1.2649996757507331,12.369293458521415,46.43669853845509,-34.06740507993368,26.324999809265137,26.59999942779541,26.462499618530273,25.699999809265137,11.687221819603273,19.91748990847815,26.973251567483047,22.36935343272341,-60.4026661975243,25.1875,28.699999809265137,48.0,88.0,-40.0,23.633999633789063,28.407276107192878,0.0,0.0,45.82623535375658,0.26078458784986386,0.3557817196301903,0.412280118189215,-3.5768929752422034,39.45387020905668,22.65626327134748,32.812507916242346,-77.34373672865252,-0.12676465090583378,-13.111887937000407,-0.8225724556406353,-0.39425710235323164,-0.42831535328740367,20.078964213522646,13.225301189250168,6.853663024272478,25.693389123431007,-3.4951441496321345,-3.557685921621312,423.1579027677837
2022-05-04 00:00:00+05:30,25.100000381469727,25.25,23.450000762939453,23.899999618530273,16505554,0.0,0.0,-641006946.5421237,881802678,-0.1613860654794926,6479984.476071484,-9.542238524244498,-2.6488617573618645,132950594.08865516,26.094788714166864,46.33615208345657,575.5809382909933,26.26499996185303,29.911244983624172,22.618754940081885,27.76504874979559,0.17569371652183027,0.0,0.0,25.133333333333333,26.803333218892412,23.463333447774254,13.289123757764557,0.13073838343702449,0.0,0.0,23.399999618530273,29.799999237060547,26.59999942779541,24.367026947746265,0.07812500465661315,1.728705705381752,13.800117097732292,-0.33408010238303376,-0.1471253047732306,-0.18695479760980316,24.991666475931805,26.08269221966083,25.356557348123733,25.690637450506767,0.8396792749169882,1.1002004053976058,-0.26052113048061754,-0.0511647124668244,26.85213442773521,-1.215000724792482,2.4003857577076793,37.29078006869905,-34.89039431099137,26.324999809265137,26.59999942779541,26.462499618530273,25.699999809265137,8.094833360562186,18.602769200485994,24.859708698684685,25.622699819303058,-90.64142612562696,25.200000286102295,28.699999809265137,44.0,84.0,-40.0,23.633999633789063,29.25,0.0,1.0,42.434419391550676,0.15827987316607686,0.270425358876557,0.37736833285925425,-5.54056824019911,38.13869708600007,8.333333333333334,22.5694515845846,-91.66666666666667,-0.060293904472800364,-13.562387167220258,-1.3003963137413073,-0.5754849446308468,-0.7249113691104605,14.596738168796925,13.49958858515952,1.097149583637405,25.670970935270926,-3.8229406372478514,-3.897932491714373,403.15788670590047
2022-05-05 00:00:00+05:30,24.399999618530273,25.0,23.899999618530273,24.350000381469727,13515947,0.0,0.0,-643464376.5373882,895318625,-0.1698116790803159,6423156.188325446,0.8138490682281126,-2.3118500376767814,133205078.88191572,25.893225874449925,50.96691745697514,586.4182548390461,26.142500019073488,29.8722825393481,22.412717498798877,28.534245137636976,0.2597045366774112,0.0,0.0,25.10500005086263,26.83000005086263,23.38000005086263,13.74228238601997,0.28115951611799894,0.0,0.0,23.399999618530273,29.799999237060547,26.59999942779541,24.48120728262734,0.14843762805686164,1.6658351729905498,14.170856997258282,-0.3896285707715066,-0.19562595797288582,-0.19400261279862077,24.9333332379659,26.034615296583908,25.20170243017696,25.59133100094847,0.8870966476654745,1.094758082813081,-0.2076614351476065,-0.08040717718793637,26.839491415139555,-1.4925004005432143,-11.904097030815713,27.377643354472585,-39.2817403852883,26.324999809265137,26.59999942779541,26.462499618530273,25.699999809265137,4.047416680281093,17.381957114493275,23.640602613573915,24.366177080228017,-73.59482483319127,25.200000286102295,28.699999809265137,40.0,80.0,-40.0,23.633999633789063,29.13400001525879,0.0,0.0,44.528818730875415,0.29753588991069513,0.238866783642212,0.288357954049653,-6.433111904879198,38.5053679929744,16.239328222074054,15.742974942251614,-83.76067177792595,-0.3769116008982927,-2.7944066942532992,-1.5225021737129114,-0.7648883904472598,-0.7576137832656517,9.054398627770563,12.61055059368173,-3.556151965911166,25.663203717720897,1.8828484105520849,1.8653422218318116,412.63158697831005
2022-05-06 00:00:00+05:30,23.700000762939453,24.299999237060547,23.5,23.899999618530273,12458854,0.0,0.0,-643464376.5373882,882859771,-0.2342086875022798,4704634.760657346,-3.5316228360252544,-2.2726298983911684,132974832.7333523,25.713142347501872,52.0085382850646,575.5809382909933,25.914999961853027,29.608927711160486,22.221072212545568,28.508028205633295,0.22725504123618445,0.0,0.0,25.0,26.744999885559082,23.255000114440918,13.959999084472658,0.18481362360740314,0.0,0.0,23.399999618530273,29.799999237060547,26.59999942779541,24.696120501451265,0.07812500465661315,1.5842516938384674,14.574800164296716,-0.46460673568902067,-0.24942211351611282,-0.21518462217290785,24.8708332379659,26.00192297421969,25.001440459154395,25.466047194843416,0.8900413443563846,1.1120332337713112,-0.22199188941492665,-0.11235733379145944,26.798132077904217,-1.3650007247924805,-25.68997781377166,17.307271816382542,-42.9972496301542,26.324999809265137,26.59999942779541,26.462499618530273,25.699999809265137,2.0237083401405465,16.51893953068666,22.713679062124235,25.255929664246857,-86.3253642226181,25.125,28.699999809265137,36.0,76.0,-40.0,23.633999633789063,29.020320030212403,0.0,0.0,42.849894700199656,0.2080120413140307,0.22127593479693428,0.2435226924385676,-7.678200762307691,39.82494424501797,8.547007989670973,11.039889848359445,-91.45299201032903,-1.0801470307742846,-3.042596395969915,-1.8244163773602768,-0.9767939878298633,-0.8476223895304136,4.000489569467462,10.888538388838876,-6.888048819371415,25.631155935838382,-1.8480523855839537,-1.8653422218318116,403.15788670590047
2022-05-09 00:00:00+05:30,23.799999237060547,24.299999237060547,23.25,23.899999618530273,12048039,0.0,0.0,-640595793.7387644,894907810,-0.19860455668853633,4032544.0805634395,-1.089388112310795,-0.9598939568936211,132974832.7333523,25.70897198488895,54.87080888579095,575.5809382909933,25.687499904632567,29.28817714334459,22.086822665920543,28.034470089186573,0.2517827664634432,0.0,0.0,24.90833333333333,26.703333218892414,23.11333344777425,14.412846187158912,0.2191270810334911,0.0,0.0,23.25,29.799999237060547,26.524999618530273,25.49878057957403,0.09923659454073078,1.5308264481606755,14.541201051968418,-0.5180556485367731,-0.3031488205202449,-0.21490682801652822,24.81666660308838,25.95769221966083,24.8319880221353,25.350043670672072,0.9513887441697823,1.0578703744584808,-0.1064816302886985,-0.14458810519429163,26.71474658383897,-0.6375006675720201,-35.86962871192465,7.152445902065988,-43.02207461399064,26.25,26.524999618530273,26.387499809265137,25.699999809265137,1.0118541700702732,15.888271525312103,21.58766062300375,25.184225728568233,-83.40384969598969,25.125,28.699999809265137,32.0,100.0,-68.0,23.633999633789063,28.908913644866946,0.0,0.0,42.84989470019966,0.20801204131403106,0.23785332417958568,0.2326653475395772,-8.670252370997229,30.726678365008336,10.833326975504557,11.873221062416519,-89.16667302449544,-1.573235281775979,-2.6476563695734763,-2.0436085052434096,-1.1901568913125726,-0.853451613930837,-0.4218986453104058,8.62645098200902,-9.048349627319427,25.609321546693685,0.0,0.0,403.15788670590047
2022-05-10 00:00:00+05:30,23.75,24.299999237060547,22.5,22.75,13886871,0.0,0.0,-650625198.9370906,881020939,-0.194573714851518,1175052.5901145032,-4.860704142046866,-1.3405231227526302,132306636.22257926,25.64503241795043,55.639127188694324,575.5809382909933,25.45749988555908,29.18929249945527,21.72570727166289,29.317824850609707,0.13723869924107235,0.0,0.0,24.82499993642171,26.71999963124593,22.930000241597494,15.266865657018522,-0.04749347508844605,0.0,1.0,22.5,29.799999237060547,26.149999618530273,28.67524018413731,0.034246578921652907,1.5577437270506627,14.729895880038441,-0.645765670638859,-0.3716721905439677,-0.2740934800948913,24.625,25.840384556696964,24.511682172576023,25.157447843214882,0.9126435126507211,1.0574712694077124,-0.14482775675699133,-0.18406891196227732,26.691164139897314,-0.8075002670288072,-42.75269724145591,-2.12344207395935,-40.62925516749656,25.875,26.149999618530273,26.012499809265137,25.699999809265137,0.5059270850351366,15.799716283279679,19.777575154962918,26.56624943684233,-102.90828581143653,24.96250009536743,28.699999809265137,28.000000000000004,100.0,-72.0,23.633999633789063,28.68255709907227,0.0,0.0,38.542777477971875,0.0,0.13867469420935397,0.19926798439529117,-10.84687428934285,33.126306126935354,3.7037037037037037,7.69467955629307,-96.29629629629629,-1.9014707004322737,-9.181633960522374,-2.5668965892858884,-1.4655048309072358,-1.1013917583786526,-3.4290477110871223,6.215351243389792,-9.644398954476914,25.555259268365376,-4.811713961864039,-4.931329757942882,378.94736842105266
2022-05-11 00:00:00+05:30,23.049999237060547,23.399999618530273,22.149999618530273,22.75,14550448,0.0,0.0,-651207207.976202,895571387,-0.23926499608480045,1007187.93438386,-5.369250486308051,-1.6174407138806646,132306636.22257926,25.544773307987647,54.95654220388057,575.5809382909933,25.152499866485595,28.71879700353132,21.58620272943987,28.35739712534604,0.16316605513193522,0.0,0.0,24.704999923706055,26.649999618530273,22.760000228881836,15.745798023321303,-0.0025707533292800124,0.0,1.0,22.149999618530273,29.799999237060547,25.97499942779541,30.414470367311292,0.0784314263253518,1.5269693543455964,14.890154553822532,-0.7384642273212485,-0.4450305978994239,-0.2934336294218246,24.46666669845581,25.74038454202505,24.240654146025864,24.979118373347113,0.8864141121716461,1.0601335653870154,-0.1737194532153693,-0.22648051195236907,26.611395779015286,-1.2024991035461419,-48.63853058706596,-11.718880588069393,-36.91964999899656,25.699999809265137,25.97499942779541,25.837499618530273,25.699999809265137,0.2529635425175683,15.940030394812329,18.61056298195743,26.650852324786545,-117.93545307103456,24.96250009536743,28.699999809265137,24.0,100.0,-76.0,23.633999633789063,28.311603673127934,0.0,0.0,38.54277747797188,3.7084685570008667e-16,0.06933734710467719,0.14862178849787216,-12.598465750095178,36.38422707219857,8.450709144124358,7.662579941110866,-91.54929085587564,-2.157647295559155,-7.707909322245898,-2.956326225305032,-1.763669109786795,-1.1926571155182373,-5.626164708006257,3.8470480531105826,-9.47321276111684,25.5063030308103,0.0,0.0,378.94736842105266
2022-05-12 00:00:00+05:30,22.350000381469727,22.399999618530273,21.5,21.649999618530273,16645649,0.0,0.0,-662304319.0684499,878925738,-0.2564846657585733,-1752441.8062154304,-4.46062219398097,-1.9916142079019552,131501791.37643372,25.37973003002846,51.3620695213054,575.5809382909933,24.77249984741211,28.124585070116403,21.420414624707817,27.06295483581947,0.034245100969902964,0.0,0.0,24.231666564941406,25.746666145324706,22.716666984558106,12.504295371703531,-0.3520355318375607,0.0,1.0,21.5,29.399999618530273,25.449999809265137,31.89019948406845,0.018987294401690055,1.4992724189110367,15.540410937888392,-0.89042507307488,-0.5341094929345152,-0.3563155801403648,24.27499993642171,25.56153840285081,23.842091911026543,24.732516984101423,0.8438176700273243,1.0954447296227496,-0.2516270595954253,-0.27705848538671835,26.531636158702806,-0.9224994659423835,-68.66461705482727,-22.361356825142295,-46.30326022968498,24.324999809265137,25.649999618530273,24.987499713897705,25.649999618530273,0.12648177125878415,16.469984147542498,17.498599999414303,28.165437345495832,-164.71964671649397,24.987499713897705,28.699999809265137,20.0,100.0,-80.0,23.633999633789063,27.81867534876012,0.0,0.0,34.67615016923055,0.0,1.791267697979534e-16,0.069337347104677,-15.305234960898531,34.816787508826486,1.9354789487777218,4.696630598868587,-98.06452105122227,-2.5576473067788505,-9.603344764682562,-3.6002202026072143,-2.130979328350879,-1.4692408742563354,-6.522962414628444,1.7730459595627772,-8.29600837419122,24.1673471897792,-4.8351665119548475,-4.955970856830971,355.78946565326885
2022-05-13 00:00:00+05:30,22.25,23.0,21.850000381469727,22.25,11639155,0.0,0.0,-665846675.6260908,890564893,-0.2567713986945252,-504450.4853296154,4.693212329347963,-1.6171070823078362,131824354.77426437,25.299654122546674,54.70974980213275,591.5323834931315,24.45499982833862,27.484174521257867,21.425825135419377,24.773459122326525,0.13603950714812654,0.0,0.0,23.773333231608074,25.048332850138344,22.498333613077797,10.726300818726461,-0.0973857597557786,0.0,1.0,21.5,29.25,25.375,31.69086098712316,0.0967741935483871,1.4843452151669057,15.871276297793807,-0.9514721431854092,-0.617582022984694,-0.3338901202007152,24.141666571299236,25.386538432194637,23.597154693945537,24.548626837130946,0.8595386791134035,1.052410824847964,-0.19287214573456046,-0.3260853979095604,26.285325231792935,3.2950001716613784,-82.29675997538509,-33.449625466557464,-48.84713450882762,23.675000190734863,25.649999618530273,24.66249990463257,25.649999618530273,0.06324088562939208,16.403866688034107,19.24946876165926,26.335323771061177,-130.2941023987199,25.137499809265137,28.65000057220459,16.0,96.0,-80.0,23.633999633789063,27.18680781388411,0.0,0.0,38.31142633556424,0.15787268519361702,0.052624228397872515,0.04065385850084985,-16.543716268008165,37.04829743423338,9.67741935483871,6.6878691492469216,-90.3225806451613,-2.740882508894977,-6.708596879993545,-3.8758670678323366,-2.4799568762471704,-1.3959101915851662,-9.313434153293871,-0.4442500630085524,-8.86918409028532,23.784671256454462,2.7713643974209834,2.7336571783599606,368.42105263157896
2022-05-16 00:00:00+05:30,22.549999237060547,23.0,22.350000381469727,22.850000381469727,8487975,0.0,0.0,-661276219.8854815,899052868,-0.21615052429980358,295155.04656111565,1.914471998710745,-1.1461613499137637,132053244.13327135,25.282007613430864,57.681447094547984,607.4838286952697,24.214999866485595,26.93880222834843,21.49119750462276,22.496819135916425,0.24943125387365983,0.0,0.0,23.433333269755046,24.608332888285318,22.25833365122477,10.028446273555314,0.2517731584394178,0.0,0.0,21.5,29.25,25.375,32.00495578249525,0.17419359760899697,1.4109106936502152,15.834038082679005,-0.9405947785885473,-0.6821845741054646,-0.2584102044830827,23.733333269755047,25.171153802138107,23.482207876641567,24.422802655230115,0.9152541509889603,1.031779582251829,-0.11652543126286863,-0.3669746942540232,26.046548100032638,1.6849997520446784,-92.04216756379044,-45.05089891348101,-46.991268650309436,23.375,25.649999618530273,24.512499809265137,25.649999618530273,0.03162044281469604,16.34247190420489,18.52914302469357,25.349841431860014,-101.93546145647964,26.19999933242798,28.125000953674316,12.0,92.0,-80.0,23.633999633789063,26.618127032495696,0.0,0.0,41.79943474526369,0.30934982982346554,0.15574083833902758,0.06945502224563331,-16.584950996038323,39.372399142883616,17.4193597608997,9.677419354838703,-82.5806402391003,-2.854264747395238,-17.657656282991976,-3.8512974610926562,-2.7542249932162677,-1.0970724678763886,-13.033637682315351,-2.9621275868699124,-10.07151009544544,23.67266813910259,2.6966309279538248,2.660912542248184,381.052639609889
2022-05-17 00:00:00+05:30,23.0,23.75,22.75,23.549999237060547,11842536,0.0,0.0,-654170716.3557574,910895404,-0.21473556030817587,1437241.7038085405,4.855377338647202,-0.7831737062746124,132416034.57129759,25.24639949232981,60.40483637996606,607.4838286952697,24.139999866485596,26.850276546853227,21.429723186117965,22.454653648365614,0.39115490796588726,0.0,0.0,23.258333206176758,24.40833282470703,22.108333587646484,9.88892547317076,0.6268113598405124,0.0,0.0,21.5,29.25,25.375,32.104391229759685,0.2645160305884577,1.3698196242851937,15.579929196201492,-0.8655132334744948,-0.7188503059792707,-0.14666292749522414,23.53749990463257,24.98269220498892,23.492637316706023,24.358150550180518,0.9329139458623248,0.997903435850863,-0.06498948998853826,-0.3947352411477622,25.762763858481755,1.6100001335144043,-93.43779798489624,-55.69958599599255,-37.738211988903686,23.25,25.649999618530273,24.449999809265137,25.649999618530273,0.01581022140734802,15.591238823192766,21.408713968058667,24.05719827544366,-56.52256341025211,26.424999713897705,27.675000190734863,8.0,88.0,-80.0,23.633999633789063,26.106314329246125,0.0,0.0,45.659767764644904,0.47699627857344856,0.3147395978635104,0.17436822153347006,-15.490911561930549,42.360221077412426,26.451603058845766,17.849460724861384,-73.54839694115424,-2.8041176010580635,-9.073360679852707,-3.5532797602652164,-2.9140359466260577,-0.6392438136391587,-14.48927800483924,-5.267557670463779,-9.221720334375462,23.668004507916237,3.0634522709176215,3.017465403111519,395.7894576223273
2022-05-18 00:00:00+05:30,23.700000762939453,23.850000381469727,22.899999618530273,23.100000381469727,8653757,0.0,0.0,-659180775.2245319,902241647,-0.21203097227998002,675609.9251843132,1.372237461341145,-1.5790419414412935,132250676.572456,24.76512963836505,45.289522541219284,595.8758865908553,24.062499904632567,26.798532533119523,21.32646727614561,22.74105050872299,0.32410671694088883,0.0,0.0,23.16666653951009,24.231666310628253,22.101666768391926,9.194242678823358,0.4687013275268742,0.0,0.0,21.5,29.25,25.375,32.20779233544205,0.206451662125126,1.3278377381506197,15.786191513297336,-0.832722607025147,-0.741624766188446,-0.09109784083670103,23.31666660308838,24.819230666527382,23.43223163436198,24.264954241387127,0.938775369198497,1.2066325329085785,-0.2678571637100815,-0.4152297985609598,25.431313130349714,0.7875004768371596,-92.24602478606722,-64.62646685768715,-27.619557928380075,22.899999618530273,25.649999618530273,24.274999618530273,25.649999618530273,0.00790511070367401,14.803456045451384,20.86914134017403,22.8643873441236,-55.466652766927375,26.424999713897705,27.375000953674316,4.0,84.0,-80.0,23.633999633789063,25.645682896321514,0.0,0.0,43.655148933163694,0.5907287055264548,0.45902493797445637,0.3098351247256647,-15.13826324626866,35.77105474720159,20.6451662125126,21.505376344086013,-79.3548337874874,-2.629705776887782,-10.291260654486498,-3.43179137591295,-3.017587032483436,-0.41420434342951395,-17.21514015357495,-7.657074167086014,-9.558065986488936,23.654863794870888,-1.9108232278948867,-1.9293154024257575,386.31579750462583
2022-05-19 00:00:00+05:30,22.5,22.75,22.299999237060547,22.5,5676788,0.0,0.0,-659811518.7528327,896564859,-0.19639595120800402,92512.08365473046,-6.737979649058643,-2.592798261014888,132103227.44218434,23.92854805353995,22.28993977846976,580.3985812506388,23.95999994277954,26.767952870803363,21.152047014755716,23.4386722431526,0.24002414210571257,0.0,0.0,22.97666651407878,23.976666323343913,21.97666670481364,8.704481206204521,0.2616666975021424,0.0,0.0,21.5,29.25,25.375,32.34557603717983,0.12903225806451613,1.2750540787764757,15.84969909689821,-0.8454055072515949,-0.7623809144010758,-0.08302459285051911,23.1208332379659,24.5749998826247,23.288811382921672,24.134216890173267,0.7537088874407378,1.3234419480628412,-0.5697330606221034,-0.43385730553478824,25.138490934393122,-0.06000032424926616,-101.06003295951216,-73.00091742943611,-28.059115530076042,22.899999618530273,25.649999618530273,24.274999618530273,25.649999618530273,0.003952555351837005,14.559983318784123,19.971132536565978,25.107804304021702,-94.60997990571052,26.424999713897705,27.02500057220459,0.0,80.0,-80.0,23.633999633789063,25.231114606689363,0.0,0.0,41.066290047866815,0.4371997416853124,0.5016415752617386,0.4251353703665683,-15.573150449102368,39.790038413298234,17.699116239234872,21.59862850353107,-82.30088376076513,-2.4419116861679946,-9.456741832575934,-3.5029332465965317,-3.1146562753060554,-0.38827697129047634,-21.07894234478697,-10.341447802626206,-10.737494542160764,23.57578254055432,-2.597404205893572,-2.6317324831214517,373.6842105263157
2022-05-20 00:00:00+05:30,22.75,23.350000381469727,22.75,23.0,8862962,0.0,0.0,-661288683.7819293,905427821,-0.21280974376096398,712364.7859897689,3.554122691652956,-1.9835355383899962,132300182.15329546,23.38545693498679,31.900381000835182,580.3985812506388,23.857499980926512,26.648427239562757,21.066572722290267,23.396644752111687,0.3463772249396568,0.0,0.0,22.88999989827474,23.869999821980795,21.909999974568684,8.562690502938091,0.5561225052494261,0.0,0.0,21.5,29.25,25.375,32.48454367052682,0.1935483870967742,1.2325487090458007,15.650704930209528,-0.8058219617623195,-0.7710691238733246,-0.03475283788899486,23.045833269755047,24.334615267240086,23.244378862472185,24.050200824234505,0.7663549191706112,1.1557629910932172,-0.38940807192260607,-0.445849229300896,24.84462954684657,0.4925004005432143,-104.8068737488157,-80.660611322424,-24.1462624263917,22.899999618530273,25.449999809265137,24.174999713897705,25.649999618530273,0.0019762776759185024,13.764354702856151,22.3464032851414,23.929589544122347,-57.364569226620446,26.837499618530273,27.02500057220459,0.0,76.0,-76.0,23.633999633789063,24.858003146020426,0.0,0.0,44.044262588163114,0.8401830357254607,0.6227038276457427,0.5277901136273124,-15.09685262525958,41.520737477089995,34.482755596752334,24.275679349499928,-65.51724440324767,-2.237499927071962,-3.765688840565842,-3.3505830893117627,-3.161841638107197,-0.18874145120456554,-22.446519346118084,-12.762462111324583,-9.684057234793501,23.561117492384703,2.2222222222222143,2.197890671877545,384.2105263157895
2022-05-23 00:00:00+05:30,23.0,23.299999237060547,22.5,22.700000762939453,7743100,0.0,0.0,-665160215.3209226,897684721,-0.2107530173522218,278752.0890650134,-1.5497713231434096,-1.4241647413707414,132199185.45362227,23.20451786732066,33.51689635731819,572.8281842260208,23.760000038146973,26.569555120439983,20.950444955853964,23.64945351668547,0.31135816096148483,0.0,0.0,22.79166660308838,23.746666526794435,21.836666679382326,8.38025529538632,0.45200740970051556,0.0,0.0,21.5,29.25,25.375,32.617845065476764,0.15483880812121975,1.1892937618472754,15.233554765782886,-0.7895576192583214,-0.7747668229503241,-0.01479079630799729,22.90833330154419,24.10769220498892,23.160628385620996,23.950186004879317,0.8012817871562814,1.0801280809028801,-0.27884629374659875,-0.4543902545899288,24.547246715633364,0.13999958038330007,-109.6302380391311,-88.09144918883234,-21.538788850298758,22.675000190734863,25.375,24.02500009536743,25.649999618530273,0.0009881388379592512,13.240235678045185,21.331795319788498,24.2619641505015,-63.840914973307044,26.837499618530273,27.02500057220459,36.0,72.0,-36.0,23.633999633789063,24.522202831418383,0.0,0.0,42.65165851777078,0.7261276423052083,0.6678368065719938,0.5973940698264916,-15.080080918495847,43.60502775813553,32.000020345052086,28.06063072701309,-67.99997965494792,-2.110882377624513,-6.776179025384812,-3.2966659177405413,-3.1888064940338663,-0.107859423706675,-24.144125220716138,-15.038794733202895,-9.105330487513243,23.531662923960063,-1.304344508958899,-1.3129257832125596,377.89475290398855
2022-05-24 00:00:00+05:30,22.700000762939453,22.899999618530273,22.100000381469727,22.25,7501548,0.0,0.0,-669848687.292198,890183173,-0.21758920527942777,-243312.82697669257,-4.2657780720556415,-1.0472747090715373,132050476.10517421,23.058986229902803,35.706698060530215,561.4725405576833,23.675,26.55831401384847,20.79168598615153,24.357457350356658,0.25288851766478276,0.0,0.0,22.714999961853028,23.56999988555908,21.86000003814697,7.528064496076772,0.22807017348173994,0.0,0.0,21.5,29.25,25.375,32.734952481520594,0.0967741935483871,1.1503643093686027,14.767657354745054,-0.8037145899041107,-0.7805563763410814,-0.023158213563029273,22.770833333333332,23.899999911968525,23.020531710910074,23.824246300814185,0.8390408126872647,1.0719176234436656,-0.23287681075640088,-0.4629515881362029,24.23551326045201,0.22499961853027273,-112.2090841040531,-95.15484402405315,-17.054240079999957,22.675000190734863,25.375,24.02500009536743,25.649999618530273,0.0004940694189796256,13.09371056797694,20.337374508187647,25.461789955820723,-81.01366496255149,26.88749933242798,27.02500057220459,32.0,68.0,-36.0,23.633999633789063,24.219982548276544,0.0,0.0,40.57904683483369,0.5374273652851489,0.701246014438606,0.6639288828854474,-15.635438843738417,41.904013632482815,21.428571428571427,29.30378245679194,-78.57142857142857,-2.1579412011539247,-6.903764204460434,-3.3735152825239387,-3.225748251731881,-0.14776703079205777,-25.599175700065768,-17.15087092657547,-8.448304773490296,23.51279784568981,-1.9823821489651006,-2.002294948477479,368.42105263157896
2022-05-25 00:00:00+05:30,22.0,22.350000381469727,21.149999618530273,21.200000762939453,3015109,0.0,0.0,-672612531.6177504,887168064,-0.21770927081951824,-660819.8730735062,-29.849686104369354,-3.2375272213999273,131908190.1658639,22.899211415037154,28.518779367641827,534.9761028401095,23.542500019073486,26.61858095764777,20.466419080499204,26.132151947177455,0.11923965869055665,0.0,0.0,22.595000012715655,23.445000012715656,21.745000012715657,7.523788444537731,-0.32058779398600246,0.0,1.0,21.149999618530273,29.25,25.199999809265137,34.40586333187779,0.006172980500540062,1.1553279547256878,14.713157165535591,-0.8894077158461897,-0.8023266442421032,-0.08708107160408651,22.545833428700764,23.75192304757925,22.7404500266069,23.62985774245309,0.7448977129204308,1.0918364963746106,-0.3469387834541797,-0.4786063895284312,24.006374239249308,-0.7925000190734863,-116.4494443886329,-100.4642692833649,-15.985175105267999,22.5,25.199999809265137,23.84999990463257,25.47499942779541,0.0002470347094898128,13.688286722250501,18.913135234120258,29.222777562871794,-116.71333597932998,26.78749990463257,26.90000057220459,28.000000000000004,100.0,-72.0,23.633999633789063,23.94798429344889,0.0,0.0,36.163242705083526,0.13539187093274557,0.46631562617436767,0.6117994823949892,-17.421111059794033,34.211756106029554,1.587338109980763,18.33864329453475,-98.41266189001924,-2.335147094726562,-11.297066521697527,-3.763914812945706,-3.3333815639746462,-0.4305332489710598,-29.81757296248169,-19.684211333756714,-10.133361628724977,23.40934345961101,-4.71909769465414,-4.8340790946573176,346.31580553556745
2022-05-26 00:00:00+05:30,21.5,21.700000762939453,20.149999618530273,21.600000381469727,3566892,0.0,0.0,-669505885.1626623,890734956,-0.44872113403937675,-362594.82844319334,-35.85055696943773,-5.546022516643676,131975489.9483164,22.75972583664321,30.59588972608438,534.9761028401095,23.23500003814697,25.744601348733905,20.725398727560037,21.60190494053538,0.1742511151512631,0.0,0.0,22.52500006357829,23.44000021616618,21.6099999109904,8.124307658204147,-0.0054642228705599465,0.0,1.0,20.149999618530273,29.25,24.699999809265137,39.16505429967482,0.15934073650063582,1.194795273694037,14.468694934433119,-0.9145017028884688,-0.8247616559713764,-0.08974004691709236,22.450000127156574,23.634615384615383,22.564996235047335,23.479497937935804,0.7207790502791912,1.087662106039656,-0.36688305576046487,-0.49450296123403853,24.030678554852834,-0.48500003814697124,-119.51480695692578,-104.59960783686941,-14.915199120056371,22.0,24.699999809265137,23.34999990463257,24.97499942779541,0.0001235173547449064,14.888614468941782,17.234268914917653,32.355665810591574,-136.68658700898908,26.84999990463257,26.65000057220459,24.0,100.0,-76.0,23.633999633789063,23.612226132458655,0.0,0.0,38.891376935201464,0.38377399152450137,0.35219774258079867,0.5065864610645906,-18.151686704495305,40.03588856616445,34.939780631906956,19.31856339015304,-65.06021936809304,-2.4529411259819476,-5.054943378155048,-3.8948946238365223,-3.445684175947022,-0.4492104478895005,-33.043342209564855,-22.356037508918345,-10.68730470064651,23.400516944384638,1.8867905855434186,1.8692114685078476,354.73685013620474
2022-05-27 00:00:00+05:30,22.0,22.0,21.200000762939453,21.600000381469727,1896522,0.0,0.0,-669505885.1626623,892631478,-0.31184063025371594,-310795.5672370229,28.473154416537973,-3.4344123360116217,131975489.9483164,22.639264535829106,34.73703880946148,534.9761028401095,23.020000076293947,25.306350667627385,20.73364948496051,19.864036348878447,0.18946151561208016,0.0,0.0,22.448333422342937,23.328333536783855,21.56833330790202,7.840226691973931,0.017992653096315724,0.0,0.0,20.149999618530273,27.149999618530273,23.649999618530273,30.408340472633693,0.2071429661342076,1.1553156700306881,14.159504612519992,-0.9237405622191659,-0.8445574372209343,-0.07918312499823155,22.354166825612385,23.521153890169582,22.41653533449693,23.340275896716097,0.8019800920663873,1.0693067474559874,-0.2673266553896001,-0.5090843523154807,24.09651767903974,-1.3700004577636733,-121.16265955415591,-107.83521805802113,-13.327441496134782,22.0,24.699999809265137,23.34999990463257,24.97499942779541,6.17586773724532e-05,15.66794445158251,18.18715239804692,30.834315799247975,-107.31301138986214,26.84999990463257,26.050000190734863,20.0,96.0,-76.0,23.633999633789063,23.127514420508682,0.0,0.0,38.891376935201464,0.38377399152450137,0.3009799513272495,0.37316444002747184,-18.750491169151925,42.14140107881693,34.939780631906956,23.822299791264886,-65.06021936809304,-2.5319116985096635,-5.054943378155048,-3.9577105528094174,-3.548089451319501,-0.4096211014899165,-37.17733612212059,-25.320297231558797,-11.857038890561796,23.36420076875486,0.0,0.0,354.73685013620474
2022-05-30 00:00:00+05:30,21.799999237060547,22.100000381469727,21.649999618530273,21.75,2107586,0.0,0.0,-670676764.2886403,894739064,-0.23925220445761006,-221233.7582003418,5.871648328783813,-2.667815730952287,131990125.9247255,22.556779672947354,40.342918642878026,534.9761028401095,22.820000076293944,24.794689709770832,20.845310442817055,17.306657553680303,0.22907132894348406,0.0,0.0,22.358333396911622,23.218333625793456,21.498333168029784,7.69288312876333,0.14631788662279221,0.0,0.0,20.149999618530273,25.850000381469727,23.0,24.97809265505119,0.28070178373881777,1.0897841030276194,13.471274181592708,-0.9084862452625124,-0.85734319882925,-0.051143046433262396,22.362500190734863,23.394230842590332,22.31399143688202,23.222477682144532,0.8664258495962894,1.0649817734621057,-0.19855592386581622,-0.5201227359447583,24.141048950800734,-0.5700000762939439,-123.47372422826032,-111.17254319617268,-12.30118103208764,22.0,24.699999809265137,23.34999990463257,24.97499942779541,3.08793386862266e-05,16.27706527057011,18.242767408204582,29.888412449273133,-86.16320857474393,26.84999990463257,25.975000381469727,16.0,92.0,-76.0,23.633999633789063,22.710662348231704,0.0,0.0,40.006440160982756,0.4852945712510597,0.4176141847666875,0.35693062622491173,-18.962599813738652,43.79380356162351,43.2432446364852,37.70760196676637,-56.7567553635148,-2.5582351572373305,0.4618955345575898,-3.912098690317769,-3.6208912991191546,-0.2912073911986144,-40.60394206144623,-28.377026197536285,-12.226915863909948,23.29402190154426,0.6944426661166014,0.6920425183938317,357.8947368421052
2022-05-31 00:00:00+05:30,21.799999237060547,22.799999237060547,21.399999618530273,22.75,4616376,0.0,0.0,-666390124.4898928,899355440,-0.18159847495645617,469853.3501139927,6.8235150924254,-1.7969039038998975,132202373.0971393,22.516073977439365,48.81676400428357,534.9761028401095,22.715000057220458,24.456292360905525,20.97370775353539,15.331651325543891,0.5100499906608077,0.0,0.0,22.25500005086263,23.155000241597495,21.35499986012777,8.088071792208131,0.7749999134629034,0.0,0.0,20.149999618530273,25.25,22.699999809265137,22.452125769854796,0.5098039582343039,1.1208056545778848,12.613892553789514,-0.8064096579573032,-0.8471564906548608,0.04074683269755752,22.40416685740153,23.321153934185322,22.381069677361708,23.18747933531901,0.8749998807907267,0.9499999523162906,-0.07500007152556398,-0.5194090401304825,24.292643275269647,0.135000324249269,-122.81016373709943,-114.56855863517626,-8.24160510192317,21.75,24.699999809265137,23.22499990463257,24.97499942779541,50.00001543966934,16.064948445587014,20.93166454978162,27.357743602200134,-40.64668728306633,26.84999990463257,25.975000381469727,12.0,88.0,-76.0,20.149999618530273,22.710662348231704,1.0,0.0,46.955582516858534,1.0,0.6230228542585204,0.447205663450819,-17.201782987426554,50.46514777352892,70.2702660905444,49.48443045297885,-29.7297339094556,-2.454411714217244,2.247191011235955,-3.477780600019708,-3.5922691592992657,0.11448855927955792,-41.07100518592842,-30.915821995214714,-10.155183190713707,23.279598560178272,4.597701149425282,4.495138786226649,378.94736842105266
2022-06-01 00:00:00+05:30,22.899999618530273,23.0,22.450000762939453,22.600000381469727,1575866,0.0,0.0,-667106428.2107953,897779574,-0.15326312882539594,368962.97168987547,21.813405942065394,0.07981239153198542,132191982.79828854,22.64626454026138,58.73582920045265,531.4487968467545,22.65000009536743,24.304387927688783,20.99561226304608,14.608281018592317,0.484888756759185,0.0,0.0,22.195000076293944,23.05500011444092,21.335000038146973,7.7494934461885645,0.7354652832623286,0.0,0.0,20.149999618530273,25.0,22.574999809265137,21.412805126043637,0.5051547567501457,1.063725012826151,11.214178782632342,-0.7292110516270611,-0.8235674028493009,0.09435635122223973,22.383333524068195,23.269230842590332,22.41475132414756,23.14396237577462,1.0225563316726973,0.8834585705986392,0.13909776107405813,-0.5109835767644122,24.379095275792263,0.8999991416931152,-121.18917614183911,-116.80513009987925,-4.384046041959863,21.75,24.699999809265137,23.22499990463257,24.97499942779541,75.00000771983467,15.655394556468352,21.465359245578018,26.411623180353853,0.25602529504885146,26.72499942779541,25.975000381469727,8.0,84.0,-76.0,20.20299961090088,22.710662348231704,0.0,0.0,46.09312528168255,0.9200861675764699,0.8017935796091766,0.6141435395447947,-15.960914611920643,51.77232174737374,66.216223182426,59.909911303151866,-33.783776817573994,-2.0645587247960684,-1.0940918854545763,-3.150761480628508,-3.5039676235651145,0.3532061429366067,-44.44781248045497,-33.622220092262765,-10.825592388192206,23.2681191288573,-0.6593389825506502,-0.6615222239527707,375.7894817151521
2022-06-02 00:00:00+05:30,22.600000381469727,23.0,22.450000762939453,22.850000381469727,1908822,0.0,0.0,-666238780.6435906,899688396,-0.14351970833134972,384426.1900198933,0.0,-0.2554170605642976,132213098.08554275,22.691246410050837,53.6441238368451,531.4487968467545,22.575000095367432,24.03941087382803,21.110589316906836,12.973738846283373,0.593894517217149,0.0,0.0,22.220000139872234,23.090000025431316,21.35000025431315,7.830781998942729,0.8620691519934168,0.0,0.0,20.149999618530273,24.299999237060547,22.22499942779541,18.383165452928996,0.6506026532830529,1.0123524352495905,9.916145389748424,-0.6404746956517791,-0.7869488614097966,0.14647416575801753,22.325000286102295,23.230769304128792,22.48171271758174,23.12218741323352,1.0119999694824218,0.94,0.07199996948242182,-0.49469527295853777,23.825095377973973,0.5250002861022942,-113.23099827869545,-117.74114393653258,4.510145657837128,21.72499942779541,24.699999809265137,23.212499618530273,24.97499942779541,87.50000385991734,15.275094516572452,20.694618617985565,25.463280746720706,19.454923610685135,26.624999523162842,25.975000381469727,4.0,80.0,-76.0,20.314879626464844,22.710662348231704,0.0,0.0,47.81357667573433,1.0,0.9733620558588233,0.79939282990884,-14.438228688538493,55.71609874482694,72.9729785459408,69.81982260630373,-27.0270214540592,-1.5266175326179052,-2.972394387551549,-2.7699572026010664,-3.357165539372305,0.5872083367712388,-46.99744838873168,-36.29726575155655,-10.700182637175125,23.262675236264748,1.1061946715938076,1.1001210877299439,381.052639609889
2022-06-03 00:00:00+05:30,23.25,23.25,22.450000762939453,22.5,1308470,0.0,0.0,-667383694.2333195,898379926,-0.16212697638595552,264084.5915682381,7.64250648716198,0.15372826003936207,132193055.85396743,22.686946739240124,47.03297554878852,523.3084345481685,22.505000114440918,23.837253541660154,21.172746687221682,11.839621599151743,0.4981234372009256,0.0,0.0,22.190000152587892,23.079999923706055,21.300000381469726,8.021629247392042,0.6741572624353807,0.0,0.0,20.149999618530273,24.299999237060547,22.22499942779541,18.44034480083081,0.5662652042127131,0.9911171154306861,8.802213200019636,-0.5915733110516186,-0.747873751338161,0.15630044028654244,22.275000254313152,23.028846227205715,22.484526145646086,23.076099456697705,0.9800796800639046,0.9282868786260523,0.051792801437852254,-0.4756398263991356,23.21794859878914,-0.005000114440917969,-109.6438179576082,-117.74265281636336,8.098834858755154,21.699999809265137,24.699999809265137,23.199999809265137,24.97499942779541,93.75000192995867,14.63287314080965,21.25669176619834,24.1073670714359,24.58150775134508,26.424999713897705,25.975000381469727,0.0,76.0,-76.0,20.42228444140625,22.710662348231704,0.0,0.0,45.61848673047218,0.8115856634846723,0.9105572770203808,0.8952376374961268,-13.695610955225302,56.58050729174664,63.5135107270296,67.56757081846547,-36.4864892729704,-1.115588137682746,-2.597404205893575,-2.5635758424499158,-3.1984475999878277,0.6348717575379119,-49.901121294520465,-39.01803686014934,-10.883084434371128,23.2481615511969,-1.5317303090881418,-1.5435824824356903,373.6842105263157
2022-06-06 00:00:00+05:30,22.299999237060547,22.850000381469727,22.100000381469727,22.299999237060547,1044442,0.0,0.0,-667871103.6873702,897335484,-0.19977393500466378,196516.90750906005,-26.928254512936093,-2.116531157930873,132183771.88966316,22.550182084497276,35.291803106911374,518.6567862742892,22.42500009536743,23.59482894216247,21.255171248572392,10.43325611433734,0.446573014227959,0.0,0.0,22.148333485921224,23.033333333333335,21.263333638509117,7.991570543893667,0.5856868798242268,0.0,0.0,20.149999618530273,24.299999237060547,22.22499942779541,18.50612976981696,0.5180722448576267,0.9670054038876176,7.872315027199075,-0.5624731610603178,-0.7107936332825924,0.14832047222227462,22.258333524068195,22.890384674072266,22.45613739047908,23.018610551539396,0.9186991819489755,1.0203252045127562,-0.10162602256378073,-0.45623457909780024,22.798278231510853,0.5749999046325698,-106.55871761899718,-117.11483431802382,10.556116699026646,21.699999809265137,23.649999618530273,22.674999713897705,24.97499942779541,96.87500096497934,14.38733868884225,20.172197481540895,25.258321646410675,-7.5436177683604,26.462499618530273,25.975000381469727,0.0,72.0,-72.0,20.591947374921876,22.710662348231704,0.0,0.0,44.36508518435333,0.7040006320790166,0.8385287651878963,0.9074826993557,-13.386344995936753,47.60365044101087,58.108085816236795,64.86485836306906,-41.891914183763205,-0.9220586496240983,-0.8888922797309028,-2.4435582669115608,-3.0474697333725747,0.6039114664610139,-52.77307824869993,-41.76904513785946,-11.004033110840474,23.23341011277569,-0.8888922797309018,-0.8928664956833199,369.47366814864307
2022-06-07 00:00:00+05:30,22.149999618530273,22.450000762939453,22.100000381469727,22.350000381469727,1239878,0.0,0.0,-667339729.3321677,898575362,-0.1349209458095466,177299.53771173218,-5.645717525165412,-2.6178136569670554,132186551.94890301,22.422365121873188,40.547123214492785,518.6567862742892,22.405000114440917,23.565560124806723,21.24444010407511,10.359830434616057,0.47630465788931753,0.0,0.0,22.13666687011719,22.976666831970213,21.29666690826416,7.589218076791517,0.6269842387146835,0.0,0.0,20.149999618530273,23.850000381469727,22.0,16.514174264853743,0.594594678189112,0.9053049016458286,7.361773866190697,-0.5292752524127202,-0.674489957108618,0.1452147046958978,22.204166889190674,22.75961545797495,22.439808619862255,22.969083872274975,0.9017094246995804,1.0641025703726128,-0.16239314567303242,-0.43613770797258117,22.46254838441905,0.2950006484985366,-103.50657723497028,-115.67673796761684,12.170160732646565,21.699999809265137,23.0,22.34999990463257,24.97499942779541,98.43750048248967,14.159342412015382,19.66790597506358,24.626880422130935,-18.886740586864654,26.462499618530273,25.975000381469727,0.0,68.0,-68.0,20.751430532426564,22.710662348231704,0.0,0.0,44.773619841623514,0.7390669793871153,0.7515510916502682,0.8335457112861816,-13.020925567308645,48.348889545723296,68.75000745057882,63.45720133128174,-31.24999254942118,-0.8061760678010828,-2.8260852979577105,-2.3042941344804193,-2.898834613594144,0.5945404791137245,-54.98145713939273,-44.41152753816611,-10.569929601226619,23.2275792912068,0.22422038618765683,0.22396938740332217,370.52632382041526
2022-06-08 00:00:00+05:30,22.399999618530273,22.75,22.049999237060547,22.149999618530273,1476460,0.0,0.0,-668394342.468445,897098902,-0.1551046935154353,109786.29997440118,5.926298565127573,-1.7132223559537547,132173339.72870572,22.40792027685601,47.20591853086125,518.6567862742892,22.375000095367433,23.52933955993512,21.220660630799745,10.318118075062573,0.4025414604007216,0.0,0.0,22.2116668065389,23.001666768391928,21.421666844685873,7.113378466675531,0.4609701322871077,0.0,0.0,20.149999618530273,23.850000381469727,22.0,16.536316188465666,0.5405404290811839,0.8847744877751911,6.61761259822655,-0.5131883449328463,-0.6422296346734637,0.12904128974061746,22.15833346048991,22.65576927478497,22.395222619657336,22.908410964590182,0.9525862664303308,0.9741379934032037,-0.021551726972872887,-0.41723583372434253,22.197097950403606,-0.12500009536743306,-97.05427804398545,-113.18112364395682,16.126845599971375,22.225000381469727,22.699999809265137,22.46250009536743,24.97499942779541,99.21875024124483,13.554339556350977,20.852719596709584,23.368604462169607,-13.343667570006872,26.462499618530273,25.699999809265137,0.0,64.0,-64.0,20.90134470048097,22.710662348231704,0.0,0.0,43.40079369942839,0.6212312035498295,0.6880996050053206,0.7593931539478284,-13.046147296318894,46.96069342492841,62.49998509884236,63.11935945521932,-37.50001490115764,-0.8013232792125038,-2.4229124490036327,-2.2401743435024275,-2.7671025595758008,0.5269282160733733,-56.47272794442186,-46.82376761941727,-9.648960325004595,23.14754383896318,-0.8948579844556659,-0.8988858858539395,366.3157814427426
2022-06-09 00:00:00+05:30,22.399999618530273,22.649999618530273,22.100000381469727,22.5,1325256,0.0,0.0,-667791952.541923,898424158,-0.0574684491328721,160365.4150559216,-1.0375181186468956,-2.0411966995466013,132194280.5916192,22.2707537534761,36.951828650722284,526.8522750406185,22.41750011444092,23.523517496728484,21.311482732153355,9.86744620623501,0.5372959263029153,0.0,0.0,22.338333447774254,23.028333218892413,21.648333676656087,6.177719324777234,0.6171497143859663,0.0,0.0,20.149999618530273,23.850000381469727,22.0,16.504965959857337,0.635135107270296,0.8512969627037267,6.3246809396530015,-0.4668160839133364,-0.6071469245214383,0.14033084060810186,22.179166793823242,22.601923135610726,22.41134221663313,22.878158300546467,0.938053183981711,1.057522272520349,-0.11946908853863802,-0.396261048897385,22.02108092112708,-1.2174993515014663,-87.29575119336057,-109.41813382609067,22.122382632730094,22.324999809265137,22.574999809265137,22.449999809265137,24.97499942779541,99.60937512062242,12.992551190376886,19.98855560247233,22.400178906062983,-2.4701668519809026,26.462499618530273,25.699999809265137,0.0,60.0,-60.0,21.042264018452112,22.710662348231704,0.0,0.0,46.49271073165313,0.8866241991509697,0.7489741273626382,0.7295416080060756,-12.281456971041136,40.19562681409626,74.6031957478836,68.61772943243493,-25.3968042521164,-0.797058632794549,1.1235955056179776,-2.0404443302684294,-2.6217709137143266,0.5813265834458972,-57.921614369513286,-49.043336969436474,-8.878277400076811,23.101990178557678,1.5801371896048355,1.5677829941339372,373.6842105263157
2022-06-10 00:00:00+05:30,22.299999237060547,22.350000381469727,22.049999237060547,22.100000381469727,1130638,0.0,0.0,-668545704.0202143,897293520,-0.031760380956333996,72848.24594852832,-4.643418803567871,-2.2621715195769196,132174180.37967716,22.13805479533385,44.464305902661785,517.4860213055938,22.410000133514405,23.52247458692287,21.29752568010594,9.928375250161158,0.3606710693019137,0.0,0.0,22.395000076293947,23.035000038146972,21.755000114440918,5.7155611491200125,0.26953147468158467,0.0,0.0,20.149999618530273,23.850000381469727,22.0,16.51048969609804,0.527027124553964,0.8111673427272994,6.123018496612555,-0.4570735004456097,-0.5771322397062726,0.1200587392606629,22.2541667620341,22.515384674072266,22.363443472761837,22.820516973207447,0.9406392980398899,1.068493157843306,-0.12785385980341601,-0.37732142236156996,21.882359004500824,-0.8099997520446784,-79.6557156778736,-104.54946620938104,24.893750531507436,22.324999809265137,22.22499942779541,22.274999618530273,24.97499942779541,99.80468756031121,12.534758274190239,19.284389359188054,22.00249060861512,-41.07935010969864,26.462499618530273,25.699999809265137,0.0,56.00000000000001,-56.00000000000001,21.174728177344985,22.710662348231704,0.0,0.0,43.56371877398261,0.6352157875939138,0.7143570634315711,0.7171435985998432,-12.355650505625306,39.4296328593387,62.90324267685888,66.66880784119495,-37.09675732314112,-0.8513234587276663,4.245281066704478,-2.0029059857944467,-2.497997928130351,0.49509194233590437,-59.436476281034004,-51.12196483175599,-8.314511449278015,23.075811636107517,-1.7777760823567745,-1.7937683425593764,365.2631659256785
2022-06-13 00:00:00+05:30,21.649999618530273,21.899999618530273,21.149999618530273,21.350000381469727,2522210,0.0,0.0,-669722730.2220982,894771310,-0.1068972604317428,-207795.43204411856,-20.071688838405503,-3.391165145744767,132088585.01916368,22.00638732438873,52.4815573211799,517.4860213055938,22.335000133514406,23.518680521420393,21.15131974560842,10.599331818492677,0.08392495047281634,0.0,0.0,22.358333396911625,23.028333282470705,21.68833351135254,5.993290051320465,-0.25248745348701795,0.0,1.0,20.149999618530273,23.850000381469727,22.0,16.56593123269106,0.3243244636485201,0.8250506847485148,5.937742137291413,-0.5040606672393224,-0.5625179252128826,0.05845725797356016,22.233333428700764,22.41730778033917,22.20752915102459,22.711589818263914,0.9054053055563813,1.0540540865630386,-0.14864878100665724,-0.3660959503986195,21.845955333830474,-0.7349997520446792,-75.22472059500073,-99.26219474914784,24.037474154147105,22.199999809265137,22.22499942779541,22.212499618530273,24.97499942779541,96.23455256396157,13.145571692260443,17.854395027995544,27.39594861069855,-131.85461661026193,26.462499618530273,25.699999809265137,0.0,52.0,-52.0,21.174728177344985,23.25,0.0,1.0,38.64740072356247,0.21322633537690547,0.5783554407072631,0.6805622105004906,-13.789099115248982,35.17011421250901,38.7096972668928,58.73871189721175,-61.2903027331072,-0.9670588886036597,-1.1574073869668573,-2.219398427290957,-2.4422780279624723,0.22287960067151547,-57.95473294348208,-52.48851845410121,-5.466214489380867,23.046818650619212,-3.393665099792742,-3.4525868242712754,349.4736922414679
2022-06-14 00:00:00+05:30,21.5,21.700000762939453,21.149999618530273,21.549999237060547,1479130,0.0,0.0,-669050404.9323379,896250440,-0.2167413815178064,-135849.75499923734,-3.718388493759083,-1.5246438878440334,132102440.9583667,22.025781291348448,58.49698833247121,522.3336377082236,22.235000133514404,23.32545874248421,21.1445415245446,9.808487541461052,0.18591155555138283,0.0,0.0,22.273333422342937,22.85833346048991,21.688333384195964,5.252918609480739,-0.11823430608107303,0.0,1.0,20.149999618530273,23.850000381469727,22.0,16.64043508307657,0.37837819725692395,0.7975457307145813,5.334116412121965,-0.5191753687856782,-0.5538494139274417,0.03467404514176353,22.229166666666668,22.32692315028264,22.10637070272243,22.625546071508108,0.9904305862039384,1.0239234432294604,-0.03349285702552196,-0.35823376618152275,21.758045176732765,-0.4850001335144043,-74.62293493311302,-94.08816794817828,19.465233015065266,22.199999809265137,22.22499942779541,22.212499618530273,24.97499942779541,88.92482310358163,13.71275558046849,17.06540876440244,26.185320801800437,-115.60068453692817,26.387499809265137,25.699999809265137,0.0,48.0,-48.0,21.174728177344985,23.207999992370606,0.0,0.0,40.573360135487825,0.21011591114711387,0.35285267803931114,0.548521727392715,-14.486487328742498,42.62816802425703,45.16127245979648,48.92473746784938,-54.83872754020352,-1.0605883934918587,-0.2314867755839246,-2.2946423796571485,-2.4127508983014074,0.11810851864425898,-58.506952118931096,-53.692205187067195,-4.814746931863901,22.899537110788426,0.9367627729150119,0.9324023604465381,353.68419446443255
2022-06-15 00:00:00+05:30,21.649999618530273,21.700000762939453,21.25,21.450000762939453,1010010,0.0,0.0,-669162626.3630165,895240430,-0.16361527182487742,-130871.14126321,2.2277129907433246,1.1952325378831852,132097754.2083703,22.129634071691942,68.84214455125314,519.9098526222773,22.15250015258789,23.218086707980238,21.086913597195544,9.620463135560465,0.17036962596164767,0.0,0.0,22.151666768391927,22.726666959126792,21.576666577657065,5.191484656633855,-0.11014415017474148,0.0,1.0,20.149999618530273,23.350000381469727,21.75,14.445325542930304,0.4062502607702587,0.7627912339370686,4.951679852912258,-0.5330779292571712,-0.5496951169933876,0.016617187736216343,22.204166730244953,22.276923179626465,22.00539071198659,22.53846864124376,1.1069518672942353,0.9572192938812054,0.14973257341302992,-0.3531642996479686,21.67163856215714,0.5974998474121094,-70.72122993007666,-89.36486035388731,18.64363042381065,22.199999809265137,22.0,22.09999990463257,24.97499942779541,72.97710583148452,14.239426333804532,16.425841437307923,25.203962788902786,-100.88027301508616,26.012499809265137,25.699999809265137,20.0,44.0,-24.0,21.174728177344985,23.166839984893798,0.0,0.0,39.89894681188681,0.136539609849819,0.18662728545794618,0.3726118014015067,-15.254302352890777,42.172999505291315,14.285766186347928,32.718911971012396,-85.71423381365207,-1.1125000168295465,-1.3793068370599857,-2.3651914322239147,-2.403239005085909,0.03804757286199445,-59.84083068540521,-54.9219302867348,-4.918900398670409,22.76248415989276,-0.4640300587534174,-0.46511002042350924,351.57896343030427
2022-06-16 00:00:00+05:30,21.549999237060547,21.799999237060547,20.850000381469727,21.0,3164708,0.0,0.0,-671327954.2269963,892075722,-0.1968756569218178,-315621.1231514072,-4.502796843573833,-1.160192552124801,132031361.6226441,22.05688901288618,57.91324068221811,519.9098526222773,22.07750015258789,23.241319210081652,20.91368109509413,10.543032947118697,0.03708433211763781,0.0,0.0,21.996666717529298,22.611666870117187,21.381666564941405,5.591757701159268,-0.3102979432894206,0.0,1.0,20.149999618530273,23.350000381469727,21.75,14.494398101337364,0.26562505587934115,0.7815119961024438,4.929902201870094,-0.5737927833168257,-0.5545146502580752,-0.01927813305875048,22.05833339691162,22.20961548731877,21.850715217834804,22.42450800115163,0.9526314986379523,0.9789474888851768,-0.02631599024722453,-0.3533465185833642,21.74721917925677,0.5225002288818352,-70.19682801138364,-84.98186147097346,14.785033459589812,21.850000381469727,22.0,21.925000190734863,24.97499942779541,36.48855291574226,15.175696954281321,15.136167250746208,26.530968441334522,-116.55776910508973,25.837499618530273,25.699999809265137,16.0,40.0,-24.0,21.174728177344985,23.126503177566526,0.0,0.0,36.924511777998084,0.0,0.11555184033231103,0.21834393460985602,-16.7500913567845,36.72533485910801,6.249985098836437,21.899007914993607,-93.75001490116357,-1.1416176852057944,-7.6923076923076925,-2.5587753510014943,-2.4343462742690263,-0.12442907673246806,-55.98956166377389,-55.13545656214262,-0.8541051016312693,22.436972212571682,-2.097905580110504,-2.1202243218874983,342.1052631578948
2022-06-17 00:00:00+05:30,20.75,20.899999618530273,20.200000762939453,20.799999237060547,1924269,0.0,0.0,-669953479.3659823,890151453,-0.16806149524015368,-325511.715287026,-28.19246405021926,-3.5933434363393064,132013035.18130596,21.968725508233305,49.97206178155122,514.9583113277919,21.967500114440917,23.176745866616997,20.758254362264836,11.009407041096598,0.01726070764383071,0.0,0.0,21.786666679382325,22.39166679382324,21.181666564941406,5.55385661647319,-0.31542748403738613,0.0,1.0,20.149999618530273,23.299999237060547,21.72499942779541,14.33936315975953,0.20634911023689273,0.7833607201982542,5.0872655249245335,-0.6151074132183716,-0.5666332028501345,-0.04847421036823707,21.90833330154419,22.17692316495455,21.689066605407994,22.304174018626366,0.8367346422417031,1.0765306182028804,-0.2397959759611773,-0.3581405392699541,21.841261729591075,0.88250026702881,-69.74474836464722,-80.89142044271235,11.146672078065123,21.475000381469727,22.0,21.737500190734863,24.97499942779541,18.24427645787113,16.67778356291307,14.130052901373874,30.168192575257162,-164.39190122740726,24.987499713897705,25.649999618530273,12.0,36.0,-24.0,21.174728177344985,23.035443065722653,0.0,0.0,35.6523727407846,0.0,0.045513203283273074,0.11589744302451,-18.37660585077972,43.808331814087595,19.672086039580307,13.402612441588218,-80.32791396041969,-1.3017646789550774,-7.9646066992328155,-2.7578130116124955,-2.49903962173772,-0.2587733898747753,-55.207372608087454,-55.149839771331585,-0.05753283675586829,22.15163636216058,-0.9523845854259694,-0.956948769593291,337.894720780222
2022-06-20 00:00:00+05:30,20.700000762939453,21.049999237060547,19.799999237060547,19.799999237060547,2352546,0.0,0.0,-672306025.3659823,887798907,-0.15478264990391605,-615088.0416745937,-6.641791152772167,-4.555151025281989,131899932.00408043,21.724592265005867,34.21635523346197,514.9583113277919,21.822500038146973,23.309266923483637,20.33573315281031,13.625999612672338,-0.18016742269197467,0.0,1.0,21.56666660308838,22.221666717529295,20.911666488647462,6.074189641779129,-0.8486008071432116,0.0,1.0,19.799999237060547,23.25,21.524999618530273,15.809374530455516,0.0,0.8300246481784288,6.1467246843308,-0.720238733930767,-0.597354309066261,-0.12288442486450601,21.65416653951009,22.08269236637996,21.398440856431463,22.11867959036223,0.8186526449194654,1.1347149521710076,-0.31606230725154216,-0.3737122635018373,22.128500161898565,0.6774999618530266,-72.70998997112119,-77.4695774133958,4.759587442274608,21.274999618530273,21.824999809265137,21.549999713897705,24.799999237060547,9.122138228935565,18.413234449242598,12.708594745449417,30.352481419750575,-183.5898241381968,24.66249990463257,25.649999618530273,8.0,100.0,-92.0,21.174728177344985,22.86531652755566,0.0,0.0,30.07338764312533,0.0,0.0,0.053688347871861254,-21.604881381159167,32.267903520197585,0.0,8.640690379472243,-100.0,-1.3805882510016936,-13.347926010901018,-3.2562465177378694,-2.6504810009377504,-0.605765516800119,-53.26231493767541,-54.772334804600355,1.5100198669249423,21.629116856071455,-4.807692484037418,-4.927105085929684,316.84208920127463
2022-06-21 00:00:00+05:30,20.0,20.399999618530273,18.850000381469727,20.200000762939453,2491989,0.0,0.0,-670457126.9381945,890290896,-0.014783317534876963,-384818.40679630183,-49.75937723211728,-9.667492680580752,131950275.4101856,21.46759151732184,25.995899242517552,514.9583113277919,21.720000076293946,23.35046023794989,20.089539914638003,15.01344526637908,0.03387413286727071,0.0,0.0,21.318333244323732,22.09333324432373,20.54333324432373,7.270737267477077,-0.2215048266995332,0.0,1.0,18.850000381469727,23.25,21.050000190734863,20.257825060196957,0.30681829511627673,0.9020221070666405,6.799040412534224,-0.7624897753426652,-0.6303814023215418,-0.13210837302112333,21.46249993642171,21.980769304128792,21.214065457432692,21.976555232775357,0.6478871322376496,1.2018779056845619,-0.5539907734469123,-0.39191314839108776,22.542602475588062,0.5799991607666009,-77.71669894807218,-75.32095751384986,-2.395741434222316,20.75,21.350000381469727,21.050000190734863,24.324999809265137,4.561069114467783,20.701478259472548,11.20354177712632,34.01638170831979,-190.84475222367254,24.512499809265137,25.649999618530273,4.0,100.0,-96.0,21.174728177344985,22.62009114431605,0.0,0.0,34.48934657306437,0.24892400649293386,0.08297466883097802,0.04282929070475026,-23.062666869977193,43.81527979735091,30.681829511627676,16.78463851706932,-69.31817048837233,-1.6016176896936756,-10.222218831380209,-3.4695600255198524,-2.814296805854171,-0.6552632196656814,-50.97128366862249,-54.01212457740479,3.0408409087823003,21.418191740351137,2.020209804504458,2.000074300824517,325.26317395662005
2022-06-22 00:00:00+05:30,20.25,20.25,19.700000762939453,20.049999237060547,978668,0.0,0.0,-670190221.1861224,889312228,0.06191883270780124,-350816.01915809547,19.66958588400254,-8.262522260294856,131943007.99989925,21.3005889478821,22.216863088336027,511.13432471661747,21.6625,23.437007257545634,19.88799274245437,16.38321761150036,0.045648304315828364,0.0,0.0,21.086666615804038,21.846666463216145,20.326666768391927,7.208345076623009,-0.18201814926244175,0.0,1.0,18.850000381469727,23.25,21.050000190734863,20.311596623336516,0.27272703627907463,0.8668198200660312,7.352891336660241,-0.7988690346347163,-0.6640789287841768,-0.1347901058505394,21.27499993642171,21.84615391951341,21.03497834660621,21.833847381240926,0.7276993774879483,1.2159623774125499,-0.48826299992460154,-0.41176457073988637,22.816025435389204,0.6875003814697251,-82.33029320075806,-74.76923995911626,-7.561053241641801,20.600000381469727,21.350000381469727,20.975000381469727,24.324999809265137,2.2805345572338913,22.8262760832575,10.71847392215701,32.54361054029866,-147.4115433188975,24.449999809265137,25.649999618530273,0.0,96.0,-96.0,21.174728177344985,22.243082068031416,0.0,0.0,33.63161967051188,0.21671003172309167,0.1552113460720086,0.07939533830099543,-24.51696189765362,46.83360482462583,27.27270362790746,19.318177713178375,-72.72729637209254,-1.7700000594643974,-10.089686443848423,-3.6588559986046425,-2.9832086444042654,-0.6756473542003771,-52.59198655187804,-53.72809697229944,1.136110420421403,21.219953414907604,-0.7425817832349302,-0.7453526475703853,322.10524709601145
2022-06-23 00:00:00+05:30,20.100000381469727,20.200000762939453,19.799999237060547,19.899999618530273,1186980,0.0,0.0,-670783711.1861224,888125248,-0.03477945823701413,-326134.6660216624,0.8424645367655693,-8.748239542466028,131934127.87251881,21.152348054378542,22.50780478815416,511.13432471661747,21.57749996185303,23.51153105250671,19.643468871199346,17.926368616131306,0.06632022322976791,0.0,0.0,20.841666603088377,21.586666679382326,20.096666526794433,7.149141097800213,-0.1319912000831546,0.0,1.0,18.850000381469727,23.25,21.050000190734863,20.391609900632858,0.23863621093023568,0.8201379906473187,7.885619744206096,-0.8302331642233902,-0.6973097758720195,-0.13292338835137074,21.070833206176758,21.72307696709266,20.860366234594526,21.690599398817916,0.7268290213926322,1.2536583405176784,-0.5268293191250463,-0.4325137817805014,23.03025120437971,0.5724996566772447,-90.33244853887676,-75.95554361033882,-14.37690492853794,20.375,21.100000381469727,20.737500190734863,24.324999809265137,1.1402672786169457,24.799302633914955,10.366928454595191,31.476242287446045,-134.27074539060888,24.274999618530273,25.649999618530273,4.0,92.0,-88.0,21.174728177344985,21.903773899375246,0.0,0.0,32.75439112139945,0.163283435243889,0.20963915781997158,0.14927505757431928,-25.980874467866776,45.052270178701534,26.249980926513672,28.0681713553496,-73.75001907348633,-1.9202941501841835,-10.961971906589927,-3.827617434438607,-3.152090402411134,-0.6755270320274729,-53.305898280900564,-53.64365723401967,0.3377589531191063,20.920237573940216,-0.7481278016859605,-0.7509403139621007,318.947360390111
2022-06-24 00:00:00+05:30,20.149999618530273,20.299999237060547,19.799999237060547,20.049999237060547,1317308,0.0,0.0,-670783711.1861224,889442556,-0.0353365337657072,-251316.0426632996,1.897780817415019,-6.6892370188695205,131944057.30474366,21.034863541595776,28.046549964118526,511.13432471661747,21.499999904632567,23.545238683653274,19.45476112561186,19.025477098537316,0.14551799954959205,0.0,0.0,20.629999860127764,21.394999821980793,19.86499989827474,7.416383587394646,0.12091460654304591,0.0,0.0,18.850000381469727,23.25,21.050000190734863,20.465114595568966,0.27272703627907463,0.7881241915825868,8.354366460705485,-0.8333790720898939,-0.7245236351155944,-0.10885543697429956,20.895833174387615,21.628846168518066,20.735694388820068,21.569073460909962,0.754999779701275,1.2099999980926517,-0.4550002183913767,-0.45100361675843276,23.20608863343043,1.000000095367433,-94.75936997805007,-78.12606020845543,-16.633309769594646,20.324999809265137,21.100000381469727,20.71250009536743,24.324999809265137,0.5701336393084728,26.409307619646523,10.774242382986927,30.145294208238056,-110.48162810442868,24.274999618530273,25.649999618530273,0.0,88.0,-88.0,21.174728177344985,21.598396547584695,0.0,0.0,34.591701421680156,0.27518270724033544,0.21839205806910544,0.19441418732036175,-26.720124791291628,45.54813237205702,30.76920443502616,28.09729632981576,-69.23079556497383,-1.9107355061699387,-9.480814526574104,-3.863768527657169,-3.294426027460341,-0.5693425001968277,-53.37024605946543,-53.58897499910882,0.21872893964339113,20.77234988184179,0.7537669417370108,0.7509403139621007,322.10524709601145
2022-06-27 00:00:00+05:30,20.450000762939453,20.5,20.200000762939453,20.25,825889,0.0,0.0,-671334307.3533719,890268445,-0.018851624630731686,-191816.83226807084,10.897362047447642,-5.507588477968588,131952295.63074808,20.941627947105975,32.41584943550812,516.2329411155104,21.424999904632568,23.53698986814794,19.313009941117194,19.715192279265437,0.2218263521771668,0.0,0.0,20.514999898274738,21.23499978383382,19.795000012715658,7.019253123365912,0.3159722636143432,0.0,0.0,18.850000381469727,23.25,21.050000190734863,20.536754436945852,0.31818175906976864,0.7543118487182735,8.738867969043804,-0.8103921405019285,-0.7416973361928613,-0.06869480430906727,20.708333174387615,21.523076937748836,20.660972175155443,21.47136431565737,0.782178002798703,1.1336631849693408,-0.35148518217063784,-0.464704508259646,23.278646534009468,0.6750004768371589,-96.3314448811692,-80.53811686935056,-15.793328011818645,20.324999809265137,21.074999809265137,20.699999809265137,24.125,0.2850668196542364,27.45580394217591,12.099832838749212,28.958482129417106,-80.48865082025446,24.174999713897705,25.649999618530273,0.0,84.0,-84.0,21.174728177344985,21.323556930973197,0.0,0.0,37.060950720243554,0.4255694975635409,0.2880118800159219,0.23868103196833287,-26.68954650188414,48.370671973006964,35.89742962738718,30.972204996309,-64.10257037261282,-1.8360294173745544,-10.0,-3.7742927211708364,-3.3903993662024403,-0.38389335496839605,-54.74912616813133,-53.82100523291332,-0.9281209352180113,20.729831274077785,0.9975100775553747,0.9925677851813752,326.3157894736843
2022-06-28 00:00:00+05:30,20.25,20.299999237060547,20.0,20.049999237060547,1062325,0.0,0.0,-672042528.5227703,889206120,-0.18043888694906116,-194766.68629972567,-5.647996262289152,-6.33432382278407,131941803.49195847,20.813989791368645,25.813708993371876,516.2329411155104,21.289999866485594,23.391095266844868,19.18890446612632,19.737862034154237,0.20491567655304577,0.0,0.0,20.379999860127768,21.074999554951987,19.68500016530355,6.820409220747282,0.2625893755603118,0.0,0.0,18.850000381469727,23.25,21.050000190734863,20.666978140552683,0.27272703627907463,0.7088805875525008,9.157586648532764,-0.7991016750136275,-0.7531782039570145,-0.045923471056612986,20.537499745686848,21.421153802138107,20.56697633852546,21.366078013539088,0.75773174185749,1.1907214771765107,-0.43298973531902063,-0.47552661511828137,23.27527912403331,0.06000051498413228,-101.12335929331091,-83.91613124304325,-17.20722805026766,20.324999809265137,21.050000190734863,20.6875,24.050000190734863,0.1425334098271182,28.612288664229315,11.767228283210208,29.99502991498447,-83.96948450971553,24.02500009536743,25.649999618530273,32.0,80.0,-48.0,21.174728177344985,21.07620127602285,0.0,0.0,35.61309114901029,0.3373892745770716,0.3460471597936494,0.28415036595955884,-27.04635041370163,45.45708749097376,31.578923592602298,32.748519218338544,-68.4210764073977,-1.653823611315559,-9.276023117755473,-3.740048475472471,-3.4603291880564466,-0.27971928741602436,-55.03461270380442,-54.06372672709154,-0.9708859767128786,20.638967106095368,-0.9876580885898933,-0.9925677851813752,322.10524709601145
2022-06-29 00:00:00+05:30,19.950000762939453,21.049999237060547,19.950000762939453,21.049999237060547,1186754,0.0,0.0,-670855774.5227703,890392874,-0.12119392210194449,2593.4117430922634,32.44142303784103,-3.9429708830349313,132000993.21989654,20.713297358749685,24.937551059745445,516.2329411155104,21.212499809265136,23.227165199970838,19.197834418559435,18.995077513926404,0.45967058029728997,0.0,0.0,20.301666450500488,21.06166591644287,19.541666984558105,7.487064845591986,0.9923245476443484,0.0,0.0,18.850000381469727,23.25,21.050000190734863,20.74248512949169,0.4999997832558184,0.7479923762093601,9.236134796579215,-0.7013772171522668,-0.742818006596065,0.041440789443798254,20.512499650319416,21.374999926640438,20.641287553684705,21.342664770836972,0.7609753492401867,1.0975607895269626,-0.33658544028677584,-0.47438425136991724,23.346535114830274,0.33749942779541087,-102.41048933394117,-87.49542694554964,-14.915062388391533,19.949999809265137,21.050000190734863,20.5,24.050000190734863,13.283750354009136,28.141611460139547,17.291114242331147,27.058044161649647,-39.159166635192285,24.02500009536743,25.649999618530273,28.000000000000004,76.0,-48.0,18.850000381469727,21.07620127602285,1.0,0.0,46.80350046019153,1.0,0.5876529240468709,0.40723732128548057,-24.006605743179904,60.82414659679771,62.85711015973772,43.444487793242395,-37.14288984026228,-1.5061766343958247,-1.4051575599481452,-3.2862682550805093,-3.4255170014612593,0.1392487463807499,-54.654068322624674,-54.18179504619817,-0.4722732764265061,20.645521199951155,4.987531361854591,4.867140818350046,343.1578786749589
2022-06-30 00:00:00+05:30,21.5,22.100000381469727,21.100000381469727,22.0,2790462,0.0,0.0,-668623407.0517238,893183336,-0.07494490633383936,380928.7856303008,39.420009355788636,-0.795583157366609,132126928.66526636,20.762822962234047,35.89131878765379,516.2329411155104,21.16999979019165,23.077721288552926,19.262278291830373,18.02287687546553,0.7175370489144555,0.0,0.0,20.353333155314125,21.11833273569743,19.588333574930825,7.517192142885603,1.5762534300089506,1.0,0.0,18.850000381469727,23.25,21.050000190734863,20.78412688775204,0.7159090662790702,0.7781932530293421,9.19438209779592,-0.541036031560278,-0.7024616115889076,0.1614255800286296,20.549999713897705,21.40576912806584,20.850320237733214,21.391356269293492,0.8940089038898484,0.9861749750594399,-0.09216607116959141,-0.45593631302967597,23.382865432929645,0.28000097274780344,-95.67708101260351,-90.376797239767,-5.300283772836508,20.475000381469727,21.050000190734863,20.762500286102295,24.050000190734863,56.641875177004565,26.170687469237368,24.85484242120671,24.58358583451939,42.41850394544078,23.84999990463257,25.47499942779541,24.0,72.0,-48.0,18.894000358581543,21.07620127602285,0.0,0.0,54.83440980596493,1.0,0.7791297581923572,0.5709432806776257,-18.550170821098483,62.186520951405505,96.92306518554688,63.78636631262896,-3.076934814453125,-1.1619118578293737,2.088170667614529,-2.5292273418722653,-3.246259069543461,0.7170317276711957,-48.43590393712195,-53.03261682438293,4.596712887260978,20.700444252758896,4.51306792100441,4.414192947408102,363.15789473684214
2022-07-01 00:00:00+05:30,22.299999237060547,22.299999237060547,21.5,21.600000381469727,1040692,0.0,0.0,-669403924.8111211,892142644,-0.06403141878005109,267042.33011061396,23.061497615738723,2.2853587322151214,132108007.0105842,20.732318498276882,43.592612020555876,506.84689659192105,21.124999809265137,22.945577001327617,19.304422617202658,17.23623392662943,0.6304532909331009,0.0,0.0,20.469999821980792,21.244999440511066,19.69500020345052,7.572053007035934,1.2290329778690037,1.0,0.0,18.850000381469727,22.850000381469727,20.850000381469727,18.93491141356439,0.6875,0.7803738514324625,9.038511710315062,-0.44115574425204684,-0.6502004381215355,0.20904469386948865,20.562499682108562,21.40576912806584,20.965655644461908,21.406811388713955,1.0046726481363866,0.9439251919960513,0.060747456140335276,-0.42912144334076413,23.464705068326417,-0.12499980926513743,-90.2897941194909,-92.33010881180809,2.0403146923171818,20.574999809265137,21.050000190734863,20.8125,24.050000190734863,78.32093758850229,24.600230746183744,24.864965863892667,22.867691459412338,53.593977131947355,23.34999990463257,24.97499942779541,20.0,68.0,-48.0,19.022240359497072,21.07620127602285,0.0,0.0,51.32124019744788,0.8581169393810614,0.9527056464603537,0.7731627762331938,-15.142498567374348,56.857185743037135,79.71017136842082,79.83011557123514,-20.28982863157918,-0.7691176470588239,0.6992988960142017,-2.0608195038548893,-3.009171156405747,0.9483516525508575,-49.03391767500073,-52.2328769945065,3.198959319505768,20.726208895052594,-1.8181800842285156,-1.8349121007561475,354.73685013620474
2022-07-04 00:00:00+05:30,21.600000381469727,21.700000762939453,21.0,21.100000381469727,832543,0.0,0.0,-669998597.7344077,891310101,-0.06788708621389117,169426.06866624055,-46.243843928601876,-0.7521737988450781,132088735.18222086,20.703384415898817,41.9106851302289,495.1143297483867,21.064999866485596,22.803994289403054,19.32600544356814,16.51074705852903,0.5100634350872186,0.0,0.0,20.57499993642171,21.294999631245933,19.855000241597494,6.998781988326337,0.8645837969252104,0.0,0.0,18.850000381469727,22.75,20.800000190734863,18.51412125919436,0.5769231333535154,0.7723365425831615,8.97653010914387,-0.3977605818965735,-0.5997124668765431,0.20195188497996963,20.570833047231037,21.386538358835075,20.986324065540032,21.384084647436605,0.9585250936798368,0.9815667473671553,-0.023041653687318475,-0.4013303982447016,23.607432282473088,-0.26500062942504954,-82.0579420720417,-92.8124691589158,10.754527086874106,21.0,21.050000190734863,21.02500009536743,24.050000190734863,89.16046879425114,23.210999432245234,23.33048090860433,25.86451118862986,16.65784087980373,23.34999990463257,24.97499942779541,16.0,64.0,-48.0,19.21890589215088,21.07620127602285,0.0,0.0,47.2464069532844,0.6935505003477475,0.8505558132429364,0.8607970726318822,-13.570506664719256,53.96431493823424,65.21741293779885,80.61688316392217,-34.782587062201145,-0.5132353053373429,0.47619229271298363,-1.8600776626847793,-2.7793524576615534,0.9192747949767741,-50.15953625478337,-51.81820884656187,1.6586725917785046,20.750598997011743,-2.3148147739337155,-2.34202737896001,344.21053434673115
2022-07-05 00:00:00+05:30,21.100000381469727,21.5,20.950000762939453,21.0,956315,0.0,0.0,-670781039.691801,890353786,-0.11081286479078346,131560.64959888885,-7.18904384356288,-1.424799287009807,132084202.86643526,20.6878351043249,37.30425872825668,495.1143297483867,20.997499847412108,22.633493834095763,19.361505860728453,15.582750313821645,0.50076410812272,0.0,0.0,20.708333269755045,21.328332964579264,20.088333574930825,5.987924636404631,0.7352152208136553,0.0,0.0,18.850000381469727,22.75,20.800000190734863,18.57363803724918,0.5512820073917103,0.7501028120309001,8.909126118278055,-0.36720587735472066,-0.5532111489721786,0.18600527161745795,20.587499777475994,21.35769220498892,20.98842805545695,21.35563393281167,0.9452052551562876,1.0,-0.054794744843712384,-0.37415707856908176,23.598329035362923,-1.197500610351561,-75.97353272706346,-92.10616243961641,16.132629712552955,21.049999237060547,21.050000190734863,21.049999713897705,24.050000190734863,94.58023439712557,21.98574859569789,22.17266143415183,25.032083033832258,12.446900920651164,23.34999990463257,24.97499942779541,12.0,60.0,-48.0,19.403771492845458,21.07620127602285,0.0,0.0,46.452017239174765,0.6614682337561112,0.73771189116164,0.8469911169549768,-12.554261733282102,50.18776899248625,62.318850194577266,69.08214483359897,-37.681149805422734,-0.234999869851503,0.9615421647857579,-1.7194801077318078,-2.5673779876756044,0.8478978799437966,-50.476793880430506,-51.5499258533356,1.0731319729050952,20.759724514169378,-0.47393544863415515,-0.47506208377314785,342.1052631578948
2022-07-06 00:00:00+05:30,21.200000762939453,21.200000762939453,20.600000381469727,20.649999618530273,996585,0.0,0.0,-671611529.8318479,889357201,-0.10522185501060308,62936.96677518939,-19.566821649600424,-2.5008010588688494,132067593.09833206,20.61035528500786,41.515244448527106,495.1143297483867,20.92249984741211,22.47571472687798,19.369284967946236,14.847316437265878,0.4122786446085477,0.0,0.0,20.789999961853027,21.414999771118165,20.16500015258789,6.012504188666971,0.38799969116201527,0.0,0.0,18.850000381469727,22.649999618530273,20.75,18.16226198959952,0.4736841048560102,0.7350925689747828,8.79659267857104,-0.3670025822627636,-0.5159694356302956,0.14896685336753202,20.65833314259847,21.276922959547775,20.936362142083617,21.30336472434638,0.9481129121762994,1.0377356385624203,-0.0896227263861209,-0.3509496507272549,23.640266610643412,-0.7224990844726555,-71.5779392724747,-90.02232807668285,18.44438880420816,21.049999237060547,21.050000190734863,21.049999713897705,24.050000190734863,97.29011719856278,21.298980304500965,20.951145716989434,26.866686115735618,-11.98683190566439,23.22499990463257,24.97499942779541,8.0,56.00000000000001,-48.00000000000001,19.577545157498363,21.07620127602285,0.0,0.0,43.683580535837635,0.5496619971181143,0.6348935770739911,0.7410537604928558,-12.53406771380294,47.65147920470376,52.1739082360447,59.90339045614027,-47.8260917639553,-0.10720566581277069,4.292931384960575,-1.7227446791226255,-2.398451325965009,0.6757066468423834,-50.38016517277991,-51.315973717224466,0.935808544444555,20.757093856454166,-1.666668483189171,-1.680713678949175,334.7368340743215
2022-07-07 00:00:00+05:30,21.0,21.399999618530273,20.700000762939453,21.049999237060547,1027897,0.0,0.0,-671611532.6326495,890385098,-0.12615068482339348,112682.88693422126,10.214988594212357,0.24258841573340892,132087503.91748382,20.6317599501799,48.92995016904272,495.1143297483867,20.849999809265135,22.227316516583436,19.472683101946835,13.211671174272729,0.5726047345293661,0.0,0.0,20.89833329518636,21.55333283742269,20.243333752950033,6.26843809010548,0.6157756090610084,0.0,0.0,18.850000381469727,22.350000381469727,20.600000381469727,16.786570896968072,0.6285711015973773,0.7365833120773045,8.541823414146569,-0.33075213839328654,-0.47892597618289384,0.1481738377896073,20.729166348775227,21.217307530916653,20.953844772080068,21.284596910473354,1.0236963225954117,0.9383884765038134,0.08530784609159825,-0.3271561280596455,23.73940817479908,-0.8000005722045884,-63.79733399532105,-86.58210185637964,22.78476786105859,21.125,21.050000190734863,21.08750009536743,24.050000190734863,98.64505859928138,20.34249615721963,21.34573973301206,25.011786676093312,19.726014913059558,23.22499990463257,24.97499942779541,4.0,52.0,-48.0,19.740892402272095,21.07620127602285,0.0,0.0,47.5321475335236,0.7050904351032693,0.6387402219924984,0.6704485634093764,-11.35219677439492,48.69448134118168,63.76810392344508,59.42028745135568,-36.23189607655492,-0.15838217454798098,4.20791307929339,-1.553950679848373,-2.229551196741682,0.6756005168933088,-49.93851547261736,-51.04048206830305,1.1019665956856883,20.772246991379735,1.9370441933148186,1.9185222950303782,343.1578786749589
2022-07-08 00:00:00+05:30,21.25,21.399999618530273,20.600000381469727,20.75,1149066,0.0,0.0,-672329699.5675468,889236032,-0.1248994036222268,47339.77118187332,-3.4810980779844196,0.46835220678967665,132071127.72100751,20.704834539397634,52.04576632407798,495.1143297483867,20.78249979019165,22.0348080622344,19.5301915181489,12.051565352439269,0.48702404554964845,0.0,0.0,20.98500003814697,21.669999504089354,20.30000057220459,6.528467616842281,0.32846699170511634,0.0,0.0,18.850000381469727,22.299999237060547,20.574999809265137,16.600499893757032,0.5507247097926629,0.7429249045756288,7.908378876669023,-0.3225131014132785,-0.4476434012289708,0.1251302998156923,20.787499745686848,21.13653828547551,20.922484037913904,21.244997139327182,1.0544551893865286,0.9504948531794563,0.10396033620707235,-0.30603187475728394,23.853403546037555,-0.882500171661377,-57.661228527246,-82.28541115038816,24.624182623142154,21.125,21.050000190734863,21.08750009536743,24.050000190734863,99.32252929964069,19.59205784883209,19.77723834015894,24.092415336241103,13.310981380561369,23.212499618530273,24.97499942779541,0.0,48.0,-48.0,19.894438812359404,21.07620127602285,0.0,0.0,45.04579053649902,0.5566752270772118,0.6038092197661985,0.6258143396108958,-11.100470968316355,40.341644174890455,55.072470979266285,57.00482771291868,-44.927529020733715,-0.2824997565325553,3.49127575848266,-1.5180661089206073,-2.0872541791774673,0.5691880702568599,-48.763756115236575,-50.58513687768976,1.8213807624531881,20.771675238842,-1.4251745745072042,-1.4354277207527577,336.84210526315786
2022-07-11 00:00:00+05:30,21.0,21.399999618530273,20.799999237060547,21.200000762939453,949060,0.0,0.0,-672013342.2115754,890185092,-0.07974781042740706,101588.05016665105,6.322012815206675,4.474165781598531,132091709.77999909,20.865563830392265,62.43027711124852,505.8517671521954,20.774999809265136,22.015363077666773,19.5346365408635,11.940922067767874,0.6713211623164171,0.0,0.0,21.06666666666667,21.78166624704997,20.351667086283367,6.787970699841465,0.5932406814849502,0.0,0.0,18.850000381469727,22.299999237060547,20.574999809265137,16.60649283882162,0.6811597568102044,0.7336323759710932,7.340292233514654,-0.2764851557225043,-0.4134117521276775,0.13692659640517318,20.895833174387615,21.086538314819336,20.965178918687066,21.24166407440957,1.1793473922912836,0.8695651182380078,0.30978227405327585,-0.2829613253596733,23.935810396948597,-0.7250005722045891,-47.66568067221429,-76.34566908137742,28.67998840916313,21.125,20.850000381469727,20.987500190734863,24.050000190734863,99.66126464982034,18.89522227675795,18.582465746039613,22.63695643572154,42.93995576219858,23.199999809265137,24.97499942779541,0.0,44.0,-44.0,20.038772437841473,21.07620127602285,0.0,0.0,49.327581537734495,0.7505967568732242,0.6707874730179019,0.6377789715921994,-9.590346830629056,34.8959269298572,57.692341550587315,58.84430548443289,-42.307658449412685,-0.2913234598496359,6.532669192609723,-1.3016172120695277,-1.9301267857558795,0.6285095736863517,-48.45792355761669,-50.15969421367515,1.7017706560584642,20.7867393714858,2.168678375611832,2.1454970988968647,346.31580553556745
2022-07-12 00:00:00+05:30,21.299999237060547,21.350000381469727,21.0,21.25,1041090,0.0,0.0,-671567162.4039994,891226182,-0.08897803044330427,94511.7152444673,2.5214242418358763,3.2492970928723404,132094165.14338768,20.938611583896165,62.7041674580818,505.8517671521954,20.75999984741211,21.969380373053486,19.550619321770736,11.651064879869288,0.7025831168101643,0.0,0.0,21.17500006357829,21.894999758402506,20.455000368754067,6.800469352183311,0.5520833112575305,0.0,0.0,18.850000381469727,22.299999237060547,20.574999809265137,16.61849171940571,0.6956522940988825,0.6952691765209565,6.800065056277038,-0.2332840037978663,-0.3773862024617153,0.144102198663849,20.9958332379659,21.046153728778545,21.008997546581362,21.24228155037923,1.1111106872558594,0.85555542839898,0.25555525885687935,-0.258542785534235,24.01134353963381,-0.5099998474121108,-38.899774576747994,-69.28892299724484,30.389148420496845,21.449999809265137,20.800000190734863,21.125,23.0,99.83063232491017,18.248160674117674,17.95352541503112,21.870788206581018,54.19272442890741,22.674999713897705,24.97499942779541,4.0,40.0,-36.0,20.174446045794618,21.07620127602285,0.0,0.0,49.79564068843559,0.771795070035354,0.6930223513285968,0.6558730147042323,-8.228977073982286,38.344053713333246,58.000030517578125,56.9216143491439,-41.999969482421875,-0.2844117389005767,5.985041439409953,-1.0982059683400702,-1.7637426222727177,0.6655366539326475,-47.50375990159921,-49.62850735125996,2.1247474496607524,20.81021064567887,0.23584544934522889,0.2355677704749759,347.3684210526316
2022-07-13 00:00:00+05:30,21.450000762939453,21.450000762939453,21.049999237060547,21.100000381469727,956678,0.0,0.0,-672284666.3422207,890269504,-0.11058584026325159,60509.85091578556,3.1358553396944027,3.413110721652971,132087412.13938503,21.02562411930722,67.3639609791611,502.2810578766334,20.742499828338623,21.921175387208198,19.56382426946905,11.364836144380783,0.6516535022894551,0.0,0.0,21.22666676839193,21.876666768391928,20.576666768391927,6.124371829946455,0.40256431775215307,0.0,0.0,18.850000381469727,22.299999237060547,20.574999809265137,16.63251239793863,0.6521741293779886,0.6657424114567515,6.156164195323709,-0.20874422181604757,-0.34365780633258175,0.13491358451653418,21.06666660308838,20.998076805701622,21.02299798271803,21.23174220453408,1.1055552164713542,0.8388888041178385,0.26666641235351574,-0.23509870956374498,24.025005262069918,-0.6925005912780762,-33.68599190458639,-62.40102420746517,28.715032302878782,21.449999809265137,20.800000190734863,21.125,22.350000381469727,99.91531616245508,17.44738554453698,18.235319085361347,20.99615939646735,57.2241440709572,22.34999990463257,24.97499942779541,0.0,36.0,-36.0,20.301979237270572,21.07620127602285,0.0,0.0,48.35265864502272,0.6797982247289472,0.7340633505458419,0.6992910582974469,-7.489702497491771,38.99476564951056,52.00004577636719,55.8974726148442,-47.99995422363281,-0.22397067126106052,4.1975327479986495,-0.9831704803361349,-1.6076281938854013,0.6244577135492665,-46.873487289371305,-49.07750333888224,2.2040160495109333,20.811745006651204,-0.7058805577895177,-0.7083836809271382,344.21053434673115
2022-07-14 00:00:00+05:30,21.0,21.5,20.950000762939453,21.100000381469727,1048058,0.0,0.0,-672761057.003052,891317562,-0.05487624842383905,51865.58649924477,-1.3119284541938614,3.183845773680908,132087412.13938503,21.11706012832891,59.872691747613594,502.2810578766334,20.747499847412108,21.931339420044413,19.563660274779803,11.411876913737812,0.6488801955123964,0.0,0.0,21.171666781107586,21.77666670481364,20.56666685740153,5.715184637667954,0.44077156307818205,0.0,0.0,18.850000381469727,22.299999237060547,20.574999809265137,16.62850406537609,0.6521741293779886,0.654168094017131,5.5339507607947445,-0.18713904537085213,-0.3123540541402358,0.12521500876938368,21.15416669845581,20.95769221966083,21.034844505602905,21.221983550973757,1.0939224912462175,0.8453036857565936,0.2486188054896239,-0.2128473964819992,24.063925267334145,0.3024993896484389,-31.548766400411736,-55.8742433497897,24.325476949377965,21.15000057220459,20.75,20.950000286102295,22.050000190734863,99.95765808122755,16.881171929124278,17.21585249177108,20.83880629728055,55.41841662572766,22.46250009536743,24.97499942779541,0.0,32.0,-32.0,20.42186043725797,21.07620127602285,0.0,0.0,48.35265864502272,0.6627832212439292,0.7047921720027435,0.7106259579590605,-6.878999485688802,40.028735660432304,48.93618575477487,52.97875401624005,-51.06381424522513,-0.17794122134938206,5.2369136377239895,-0.8818169372403711,-1.4624659425563955,0.5806490053160244,-45.59904164169921,-48.381810999445634,2.7827693577464245,20.832023348816723,0.0,0.0,344.21053434673115
2022-07-15 00:00:00+05:30,21.350000381469727,21.350000381469727,20.399999618530273,20.700000762939453,1205332,0.0,0.0,-673205124.3946444,890112230,-0.12803648936896436,-24419.83160098041,-27.585812823797912,0.4350475685919403,132064562.2658549,21.135465905109672,53.13756002402372,502.2810578766334,20.742499923706056,21.92625502177509,19.55874482563702,11.413813208851964,0.4820490062362019,0.0,0.0,21.07333348592122,21.69333356221517,20.45333340962728,5.884214537848579,0.19892526045047357,0.0,0.0,18.850000381469727,22.299999237060547,20.574999809265137,16.632512321467615,0.5362321725039847,0.6837513609093633,5.0966506418303235,-0.19998807561283272,-0.2898808584347552,0.08989278282192248,21.12500015894572,20.888461479773888,20.983330083654682,21.183318159267515,1.0052353229011675,0.9057591947193401,0.09947612818182738,-0.19557348771429336,24.275649547708763,1.257500076293944,-29.690036030180643,-50.05558712291625,20.365551092735608,20.949999809265137,20.600000381469727,20.77500009536743,21.925000190734863,99.97882904061377,17.238223407257976,15.594161142064895,24.32939161704285,5.992044047902223,22.449999809265137,24.97499942779541,0.0,28.000000000000004,-28.000000000000004,20.42186043725797,22.299999237060547,0.0,1.0,44.37567870876851,0.45587858544698495,0.5994866771399537,0.6794473998961795,-7.426098408027891,41.067357582790066,31.914914339699823,44.28371529028062,-68.08508566030018,-0.17352945664349662,-1.6627006499120807,-0.944082858545651,-1.3587893257542465,0.4147064672085955,-43.38622995886766,-47.38269479133004,3.9964648324623795,20.8227357538441,-1.8957327549697922,-1.913932143285324,335.78948974609375
2022-07-18 00:00:00+05:30,21.0,21.149999618530273,20.850000381469727,21.100000381469727,1605583,0.0,0.0,-672134728.9226125,891717813,0.006949350450225885,70816.2282732585,2.3355942752612826,1.0053040355598282,132095587.99357702,21.190172686546322,61.24131207856487,502.2810578766334,20.807499980926515,21.917579216406835,19.697420745446195,10.669991459789884,0.6317475326059268,0.0,0.0,21.050000127156572,21.630000050862627,20.470000203450518,5.510688077933051,0.5431036731812525,0.0,0.0,18.850000381469727,22.299999237060547,20.574999809265137,16.580554409483646,0.6521741293779886,0.660376110377509,4.324592603700904,-0.17586711178162417,-0.267078109104129,0.09121099732250482,21.050000190734863,20.84999994131235,21.00127936024161,21.177146472023235,1.056700958963881,0.8917526432020808,0.16494831576180013,-0.17836447209869577,24.332084280571912,0.7925004005432115,-24.089550954365063,-44.29070025928309,20.20114930491803,20.949999809265137,20.574999809265137,20.762499809265137,21.574999809265137,99.9894145203069,17.569771208382125,14.879185943566487,23.213915674331297,31.075935265812042,22.274999618530273,24.97499942779541,56.00000000000001,24.0,32.00000000000001,20.42186043725797,22.261999244689942,0.0,0.0,48.90177260604573,0.4679644844161915,0.5288754303690353,0.6110514265039106,-6.640540158017927,43.83131942049805,48.93618575477487,43.262428616416514,-51.06381424522513,-0.1611764178556534,-4.090907356955788,-0.8304570779352128,-1.2531228761904398,0.422665798255227,-39.04399517137255,-45.71495486733855,6.670959695965998,20.823889820972614,1.9323652356883825,1.913932143285324,344.21053434673115
2022-07-19 00:00:00+05:30,20.049999237060547,20.049999237060547,20.049999237060547,20.049999237060547,2173945,0.0,0.0,-672134728.9226125,889543868,-0.06894850710046735,-265392.4811775804,-0.0,-1.3119404671431023,131987405.78046733,21.084554720026624,51.026544381322864,502.2810578766334,20.799999904632568,21.9282735061528,19.671726303112337,10.848784679743604,0.16763351257998366,0.0,0.0,20.940000025431317,21.465000025431316,20.415000025431315,5.014326641474649,-0.3476197984483502,0.0,1.0,19.700000762939453,22.299999237060547,21.0,12.499992721355845,0.13461487674119024,0.6993386137806761,4.764603351671109,-0.23872551218831006,-0.2614075897209652,0.022682077532655165,20.920833428700764,20.799999897296612,20.85492857205991,21.09365408424822,1.036269266194672,0.9740932683451332,0.062175997849538756,-0.17118288123555064,24.24158512341396,0.3000004768371589,-21.619247906380547,-38.7397345519393,17.120486645558753,20.774999618530273,20.574999809265137,20.674999713897705,21.574999809265137,50.924164061147714,18.922653141345396,13.34204272689314,28.68683609069347,-112.17781724566753,22.212499618530273,24.97499942779541,52.0,20.0,32.0,20.42186043725797,22.22475925216675,0.0,0.0,39.75675334360663,0.0,0.3079476899543922,0.4787699324877936,-8.811759540036432,36.87601356215616,0.0,26.950366698158223,-100.0,-0.30750010434318753,-7.175931097385069,-1.1317409076437799,-1.2288464824811078,0.09710557483732796,-32.201991262265956,-43.01236214632403,10.810370884058074,20.78448311474918,-4.976308651308381,-5.104394286041991,322.10524709601145
2022-07-20 00:00:00+05:30,19.75,20.649999618530273,19.75,20.049999237060547,3745209,0.0,0.0,-673383137.2140365,893289077,-0.11782947121053249,-227479.26958078324,3.6046174663003745,-3.8701827449636923,131987405.78046733,20.800996308823052,52.991940454042386,502.2810578766334,20.799999904632568,21.9282735061528,19.671726303112337,10.848784679743604,0.16763351257998366,0.0,0.0,20.87333329518636,21.428333218892412,20.318333371480303,5.317789122200659,-0.24174249667273362,0.0,1.0,19.75,22.299999237060547,21.024999618530273,12.25961177284723,0.11764679483056008,0.7194047142556358,5.136106213416903,-0.28525302803755537,-0.2661766773842833,-0.019076350653272067,20.833333333333332,20.742307589604305,20.73109328975232,21.016346317789875,0.8894737645199424,1.0157894335295026,-0.12631566900956015,-0.17074468685634656,24.328711394478827,0.20000009536743235,-20.543344896765188,-33.933735763210876,13.390390866445689,20.625,20.574999809265137,20.59999990463257,21.574999809265137,25.462082030573857,18.89776265382309,17.98445131979653,26.189381292054303,-100.57790554718363,22.212499618530273,24.97499942779541,48.0,16.0,32.0,20.42186043725797,22.1377688515625,0.0,0.0,39.75675334360663,0.0,0.15598816147206387,0.33093709393183035,-10.52939297943601,32.161724971291314,11.764679483056007,20.23362174594362,-88.23532051694399,-0.44323541977826153,-4.976308651308383,-1.3572912423702066,-1.2545354344589277,-0.10275580791127892,-19.249739977687824,-38.259837712596784,19.01009773490896,20.761363275632217,0.0,0.0,322.10524709601145
2022-07-21 00:00:00+05:30,19.950000762939453,20.149999618530273,19.700000762939453,19.799999237060547,2305758,0.0,0.0,-674664126.9115047,890983319,-0.13752269015542648,-277330.7310692428,-5.366977524377458,-5.900788112114848,131958655.67962271,20.643163803685713,44.083685389855226,496.01820155507033,20.794999885559083,21.939945946802382,19.650053824315783,11.011743857122093,0.06548143088152879,0.0,0.0,20.756666628519696,21.286666552225746,20.22666670481364,5.106792272491703,-0.4025165369549447,0.0,1.0,19.700000762939453,22.299999237060547,21.0,12.502998261262993,0.03846097415687805,0.6924641283891543,5.428555729451317,-0.3383984831554834,-0.2806210385385233,-0.05777744461696005,20.733333269755047,20.678845992455116,20.587848050876662,20.926246534032146,0.8360657753893649,1.092896011973564,-0.2568302365841991,-0.1768457023953421,24.285221168114152,-0.1450002670288093,-24.587505735388397,-30.258877675226692,5.671371939838295,20.600000381469727,20.574999809265137,20.58750009536743,21.350000381469727,12.731041015286928,18.942429633095166,17.17912872189214,25.514187744113524,-137.9100099806152,22.09999990463257,24.97499942779541,44.0,12.0,32.0,20.42186043725797,21.994502720468752,0.0,0.0,37.80455578602318,0.0,0.0,0.1546452838088186,-12.556778750862444,30.37941407209126,4.9999237060546875,5.588201063036894,-95.00007629394531,-0.6172060405506805,-5.714289347330729,-1.6171007189710267,-1.3270484913613476,-0.2900522276096791,-15.632425960819852,-33.7343553622414,18.10192940142155,20.668200187443343,-1.2468828404636478,-1.2547216532541317,316.84208920127463
2022-07-22 00:00:00+05:30,20.0,20.100000381469727,19.75,19.950000762939453,1788097,0.0,0.0,-674408678.9147364,892771416,-0.12636124441431265,-199395.30114228034,0.0,-2.597656402929,131972202.00733759,20.557796185694563,50.842179252903435,499.7759535734496,20.789999961853027,21.948706566823077,19.631293356882978,11.146768707033448,0.13752722418662375,0.0,0.0,20.65833333333333,21.143333371480306,20.17333329518636,4.695442079680256,-0.23023970585671277,0.0,1.0,19.700000762939453,22.299999237060547,21.0,12.506005189474537,0.0961539025843122,0.6582177536972116,5.5630097256877775,-0.36421433358339783,-0.2973396975474982,-0.0668746360358996,20.675000031789143,20.638461406414326,20.489717698886324,20.85393203246972,0.8920455752325557,1.034090825348839,-0.14204525011628333,-0.1853938903728748,24.187331300742287,0.25999927520751953,-26.090000312626128,-27.861579857494675,1.7715795448685476,20.600000381469727,20.574999809265137,20.58750009536743,21.350000381469727,6.365520507643464,18.98390611384781,16.558081668902314,24.59181785187806,-127.9557460785236,21.925000190734863,24.97499942779541,40.0,8.0,32.0,20.42186043725797,21.81094256386641,0.0,0.0,39.717253061126954,0.15950994348467756,0.05316998116155922,0.06971938087787426,-13.701081977908206,32.9529303334787,13.88889477576988,10.217832654960187,-86.11110522423012,-0.7322059967938586,-3.389825029162114,-1.7465019691073775,-1.4109391869105536,-0.3355627821968239,-14.799247037943433,-29.947333697381808,15.148086659438375,20.63000021905977,0.7575834932263215,0.7547282410257594,320.00001606188323
2022-07-25 00:00:00+05:30,19.950000762939453,20.0,19.100000381469727,19.450000762939453,2014817,0.0,0.0,-674856413.6536499,890756599,-0.11788977579320191,-314825.7581219546,-16.75089385035229,-3.2806456891282436,131921705.34260204,20.43674392344698,48.58149191422853,499.7759535734496,20.75,22.029453237701873,19.470546762298127,12.33207939953612,-0.008029210741448665,0.0,1.0,20.496666717529298,21.011666679382323,19.981666755676265,5.0252069660925605,-0.5161806137070546,0.0,1.0,19.100000381469727,22.299999237060547,20.699999809265137,15.42168123176299,0.1093751583248943,0.6823959401805177,5.881865156785582,-0.42017587641343823,-0.32190693332068626,-0.09826894309275197,20.541666825612385,20.586538388178898,20.329761247202192,20.74993712361563,0.8306011692151833,1.0218577993364928,-0.19125663012130945,-0.1994965534985451,24.091190050813466,0.0,-31.830699819889684,-27.076127106732642,-4.754572713157042,20.300000190734863,20.574999809265137,20.4375,21.350000381469727,3.182760253821732,19.881490348253568,15.051282507311715,28.926223072595807,-164.12575894780878,21.737500190734863,24.97499942779541,36.0,4.0,32.0,20.42186043725797,21.642067219792253,0.0,0.0,35.768602941392416,0.0,0.05316998116155922,0.03544665410770604,-15.902180438849362,34.54772254907595,14.583351545866575,11.157390009230376,-85.41664845413342,-0.9420588886036576,-7.600943145423695,-2.0249501186932926,-1.5337413732671015,-0.4912087454261911,-13.025815495939955,-26.56303005709344,13.537214561153483,20.420135997035658,-2.5062655683143364,-2.538207228831757,309.4737002724095
2022-07-26 00:00:00+05:30,19.299999237060547,19.600000381469727,19.0,19.100000381469727,2223360,0.0,0.0,-676338651.2976944,888533239,-0.13841805300416124,-381018.77098232275,-6.746550057904777,-2.364912004007126,131881696.25172184,20.30528801669407,46.21240323134348,499.7759535734496,20.70250005722046,22.142803894546603,19.262196219894314,13.914298595292662,-0.05630611896643142,0.0,1.0,20.30000006357829,20.840000025431316,19.76000010172526,5.320196651840221,-0.6111108952588847,0.0,1.0,19.0,22.299999237060547,20.649999618530273,15.940100122881528,0.030303152905817414,0.6741563843094387,6.262476084014743,-0.48715231930164293,-0.35495601051687764,-0.1321963087847653,20.40416685740153,20.55961535527156,20.140567267858735,20.627719587160378,0.8579235747258577,1.0327868032314447,-0.174863228505587,-0.21962509817688944,23.86298375170874,0.49750070571899485,-38.827488018378695,-27.647404452709566,-11.180083565669129,20.25,20.574999809265137,20.41249990463257,21.350000381469727,1.591380126910866,20.833097157434906,14.12822883463361,28.17438151654982,-175.5409160984402,21.549999713897705,24.799999237060547,32.0,0.0,32.0,20.42186043725797,21.38786053596,0.0,0.0,33.2747681233008,0.0,0.05316998116155922,0.05316998116155922,-18.54388978649617,33.73348022294853,4.0000152587890625,10.824087193475167,-95.99998474121094,-1.0008822441101088,-7.951805390507342,-2.361639236190066,-1.6993209458516945,-0.6623182903383715,-10.620930136284647,-23.37461007293168,12.753679936647034,20.13730904939247,-1.7994877518803354,-1.8158754265312105,302.10527118883635
2022-07-27 00:00:00+05:30,19.25,19.450000762939453,18.899999618530273,19.049999237060547,1544226,0.0,0.0,-677040576.1014911,886989013,-0.19700099690864983,-337617.95616004954,-4.452077807985843,-3.4125596041641404,131877653.68283784,20.196857704274322,40.706921520593454,498.46760964005864,20.60250005722046,22.20139836541406,19.00360174902686,15.521400837305105,0.01450920543099013,0.0,0.0,20.093333371480306,20.648333295186358,19.53833344777425,5.524219535358923,-0.439940790849856,0.0,1.0,18.899999618530273,22.299999237060547,20.59999942779541,16.502849698275774,0.04411753981169979,0.6617408603194128,6.748530183988602,-0.5380638422660482,-0.3915775768667118,-0.1464862653993364,20.22500006357829,20.51538452735314,19.972787570812862,20.51085141307891,0.8379889684931606,1.0782121559686795,-0.24022318747551885,-0.24305527028848972,23.75808898209101,0.6474999427795396,-47.07253082015524,-29.372267166014396,-17.70026365414084,20.125,20.59999942779541,20.362499713897705,21.350000381469727,0.795690063455433,21.837732625743904,13.321717602011008,27.603956926169744,-151.45502637680963,21.050000190734863,24.324999809265137,28.000000000000004,100.0,-72.0,20.42186043725797,21.101317271644803,0.0,0.0,32.92163117337135,0.0,0.0,0.03544665410770604,-20.801482986277207,29.563901596292705,5.769215250863992,8.117527351839872,-94.230784749136,-1.111764526367189,-10.141516266534328,-2.6233130523433434,-1.8841193671500243,-0.7391936851933192,-11.423379081062553,-20.984363874557854,9.560984793495301,19.91082964166602,-0.261786091154681,-0.26212935014271466,301.0526155170641
2022-07-28 00:00:00+05:30,19.25,19.350000381469727,19.0,19.049999237060547,1666415,0.0,0.0,-678230880.313975,888655428,-0.31738496335539046,-289386.81956575677,0.0,-3.1639097414509676,131877653.68283784,20.08974459121368,42.95417673022988,498.46760964005864,20.455000019073488,22.0552816493613,18.854718388785674,15.646850440436214,0.06101452537443402,0.0,0.0,19.888333320617676,20.423333358764648,19.353333282470704,5.380038935614102,-0.2834897418519687,0.0,1.0,18.899999618530273,22.299999237060547,20.59999942779541,16.621850967293604,0.04411753981169979,0.6305668124344442,7.133911181870837,-0.571820005930288,-0.42762606267942704,-0.144193943250861,20.041666666666668,20.4769229888916,19.830820134850967,20.402640140781255,0.8529414338635986,1.0941175361818345,-0.24117610231823594,-0.2673170911393204,23.705722549362957,0.6450003623962388,-56.70403682889849,-32.37382281031638,-24.330214018582105,20.024999618530273,20.59999942779541,20.312499523162842,21.350000381469727,0.3978450317277165,22.77060841774511,12.820176742076853,26.564713135845984,-129.2013568228316,20.975000381469727,24.324999809265137,24.0,96.0,-72.0,20.42186043725797,20.793132800208767,0.0,0.0,32.92163117337135,0.0,0.0,0.017723327053852964,-22.656121588990107,33.18419916984924,5.769215250863992,5.179481920172344,-94.230784749136,-1.1727939493515898,-10.352944766773897,-2.8026765260997832,-2.0678307989399762,-0.734845727159807,-11.453528781276727,-19.07819685590163,7.624668074624903,19.731524389403244,0.0,0.0,301.0526155170641
2022-07-29 00:00:00+05:30,19.200000762939453,20.0,19.049999237060547,20.0,2533564,0.0,0.0,-675697316.313975,891188992,-0.1981321984635931,95795.25936591311,13.123794126929957,-2.6780682191850187,132003999.5006515,20.01160411957305,46.61011968086302,498.46760964005864,20.375,21.89634845499756,18.85365154500244,14.933481766847226,0.3767540734116034,0.0,0.0,19.774999936421715,20.309999974568687,19.23999989827474,5.410872716733691,0.7102804182571626,0.0,0.0,18.899999618530273,21.700000762939453,20.300000190734863,13.742336905075728,0.39285711852872635,0.6625102074849452,7.240148989002384,-0.515967138755471,-0.4452942778946358,-0.07067286086083513,19.949999968210857,20.480769157409668,19.856847806412357,20.37281494516783,0.8465911356870007,1.0227271347992168,-0.1761359991122161,-0.2818417594229837,23.839094117681217,0.7250003814697266,-60.051058174618646,-36.369545834789,-23.681512339829645,19.774999618530273,20.59999942779541,20.187499523162842,21.100000381469727,2.24140735872086,22.090366812797903,18.33237647522298,23.931116941913857,-69.55366842056614,20.737500190734863,24.324999809265137,20.0,92.0,-72.0,20.42186043725797,20.52809415477378,0.0,0.0,45.63500584093844,0.7534293883274896,0.25114312944249656,0.08371437648083208,-20.555145908446217,43.109822100217,42.307700772256005,17.948710424661325,-57.692299227743995,-1.1939705343807425,-5.21327185584205,-2.5326256589684077,-2.1607897709456627,-0.37183588802274503,-7.717585779272797,-16.806074640575865,9.088488861303068,19.740072539791534,4.9868808450726165,4.866521203059682,321.05263157894734
2022-08-01 00:00:00+05:30,20.299999237060547,20.299999237060547,19.75,20.0,1889886,0.0,0.0,-675869121.7488996,893078878,-0.17886519507444684,82110.22231363981,14.551122053408166,-1.818804089786998,132003999.5006515,19.965625940714194,48.35946921027914,498.46760964005864,20.319999980926514,21.8117777802334,18.82822218161963,14.682852369164866,0.39274542727636985,0.0,0.0,19.673333231608076,20.233333269755047,19.113333193461102,5.692985845908924,0.7916667376245711,0.0,0.0,18.899999618530273,21.5,20.199999809265137,12.795277479873187,0.42307700772256,0.6512591104425053,7.31648288835265,-0.4663278024930868,-0.44950098281432604,-0.016826819678760763,19.858333269755047,20.478846109830418,19.878871220810456,20.345199023303543,0.905555745113003,0.9833333792509759,-0.0777776341379729,-0.28867082570671143,24.019578454481124,0.38000078201293874,-65.1339585230357,-41.20451368108402,-23.92944484195168,19.774999618530273,20.59999942779541,20.187499523162842,21.100000381469727,8.672221478769028,20.861092207399203,20.440442807384958,22.53801609427155,-33.41406389053429,20.71250009536743,24.324999809265137,16.0,88.0,-72.0,20.42186043725797,20.30016091969969,0.0,0.0,45.63500584093844,0.7955733509074095,0.5163342464116331,0.25582579195137645,-18.87445527497448,44.19001007086088,42.307700772256005,30.128205598458663,-57.692299227743995,-1.0577941614038835,-5.21327185584205,-2.292077860525972,-2.187047388861725,-0.1050304716642474,-7.359222334993924,-14.916704179459478,7.557481844465554,19.758358022786705,0.0,0.0,321.05263157894734
2022-08-02 00:00:00+05:30,19.950000762939453,20.0,19.549999237060547,19.950000762939453,1852282,0.0,0.0,-674428450.9924718,891226596,-0.10817751439933092,57149.806722979294,-6.0735995239851865,-2.4766222943355403,131999368.86631045,19.913954888593516,44.927608515303575,497.22145963098876,20.267500019073488,21.733540911272897,18.80145912687408,14.46691393432576,0.39171541604896487,0.0,0.0,19.65166664123535,20.25666675567627,19.046666526794432,6.1572397444544436,0.7465570787369125,0.0,0.0,18.899999618530273,21.5,20.199999809265137,12.828421754152702,0.4038465347515202,0.6311332756922001,7.379520141135551,-0.42611085079954236,-0.4448229564113693,0.018712105611826957,19.795833269755047,20.46730767763578,19.889814227291843,20.315925078091386,0.8784532226495197,1.0276243058990597,-0.14917108324953998,-0.2899480456769522,24.203232754964237,0.8325003623962388,-65.80399606134542,-46.233474921592936,-19.57052113975248,19.59999942779541,20.59999942779541,20.09999942779541,21.074999809265137,20.277643755095287,20.061853318351655,19.44315136804515,23.606837724056515,-46.10591198982782,20.699999809265137,24.125,12.0,84.0,-72.0,20.42186043725797,20.299999237060547,0.0,0.0,45.11310278360419,0.762913874172922,0.7706388711359405,0.5127054156633566,-17.6341533646704,47.45069780537889,40.38465347515202,41.66668500655467,-59.61534652484798,-0.9127942534054014,-3.6231882722573294,-2.097422830423108,-2.1691224771740014,0.07169964675089346,-7.152683118117231,-13.36389996719103,6.211216849073798,19.7599344361369,-0.2499961853027366,-0.2503091975539995,320.00001606188323
2022-08-03 00:00:00+05:30,19.700000762939453,20.100000381469727,19.5,19.799999237060547,1812386,0.0,0.0,-674428456.7538881,889414210,-0.08157271768166813,10148.31069375835,0.8276577318361182,-2.3237947096191127,131985741.76580493,19.85976354499481,43.770598660620756,493.48291452862776,20.225,21.693503012811167,18.756496987188836,14.521661436946012,0.35529455532887444,0.0,0.0,19.616666666666667,20.191666857401533,19.041666475931805,5.862363881748822,0.659419573547945,0.0,0.0,18.899999618530273,21.5,20.199999809265137,12.85537889478233,0.3461536486473599,0.6280199862699527,7.4815325120734215,-0.4017118126391068,-0.43620072765691686,0.03448891501781004,19.68749984105428,20.457692293020393,19.87599653648703,20.277708349126137,0.884615497476222,1.0219778906909254,-0.13736239321470334,-0.2882850818705852,24.23610858450823,-0.17500076293945455,-65.71769502723951,-50.80349595402083,-14.914199073218683,19.59999942779541,20.59999942779541,20.09999942779541,21.050000190734863,38.70573116857216,19.112843042726507,19.261376170377424,22.06127924211973,-45.13185051763941,20.6875,24.050000190734863,8.0,80.0,-72.0,20.42186043725797,20.299999237060547,0.0,0.0,43.50559235327134,0.6623196186648952,0.7402689479150757,0.6757473551542162,-17.015053409477005,49.34648557091007,36.734666868041096,39.80900703848304,-63.265333131958904,-0.7429413234486297,-6.161142753110357,-1.98105133836003,-2.131508249411207,0.1504569110511771,-7.080289468802271,-12.107177867513279,5.026888398711008,19.760570100588712,-0.7518873190098363,-0.7547282410257594,316.84208920127463
2022-08-04 00:00:00+05:30,19.799999237060547,20.0,19.5,19.600000381469727,1610001,0.0,0.0,-675394454.8972216,887804209,-0.10773009853625028,-37301.213333932305,-1.5527999900268161,-0.46429379292117734,131969479.22187021,19.810725492454015,43.23150046204429,488.4982669547726,20.152500057220458,21.59384536221362,18.711154752227294,14.304382095528068,0.308338892201355,0.0,0.0,19.59833335876465,20.17833366394043,19.01833305358887,5.918873758889253,0.501437087782715,0.0,0.0,18.899999618530273,21.5,20.199999809265137,12.901626964829955,0.2692310231676801,0.6152179876429574,7.555732139895723,-0.39397216936807666,-0.42775501599914884,0.03378284663107217,19.64999993642171,20.401923106266903,19.83353558956129,20.227507758929367,0.9421967624912571,1.0173409933028923,-0.07514423081163524,-0.28604765084242195,24.166000558686587,-0.10250082015991069,-64.92213712656869,-55.118177822236675,-9.803959304332011,19.59999942779541,20.59999942779541,20.09999942779541,21.050000190734863,63.59137029811408,18.2316192153603,18.19246332182436,20.836985368783438,-51.00812337852779,20.5,24.050000190734863,4.0,76.0,-72.0,20.42186043725797,20.10399929046631,0.0,0.0,41.388001396247574,0.5298057128308733,0.6516797352228969,0.7208625180913043,-17.055303452324893,50.00498764628856,31.11114501953125,36.076821787574794,-68.88885498046875,-0.6044119442210487,-2.244383405057889,-1.9477049474577952,-2.0947475890205247,0.1470426415627295,-7.80497711557097,-11.246737717124818,3.441760601553848,19.758457815760163,-1.0100952691779574,-1.0152313468980712,312.63158697831005
2022-08-05 00:00:00+05:30,19.75,19.75,19.450000762939453,19.5,1390556,0.0,0.0,-676321498.1245146,886413653,-0.11290203494883497,-51837.63006551585,-3.2360991659778606,-0.8622718958668304,131962384.52147488,19.7300832788755,37.41052366063866,486.0059193990572,20.090000057220458,21.53069479131095,18.649305323129965,14.34240647075258,0.2952376574788678,0.0,0.0,19.561666679382324,20.13666687011719,18.98666648864746,5.878846625486206,0.4463768183246045,0.0,0.0,18.899999618530273,21.5,20.199999809265137,12.941763932625136,0.23076934363008006,0.5836961125847163,7.512068955529394,-0.391395873368495,-0.4204831874730181,0.029087314104523088,19.604166666666668,20.305769260113056,19.782222421936474,20.17361829530497,0.9000002019545158,1.041176281833361,-0.14117607987884517,-0.28392883856891526,24.021408499040398,-0.2900008201599107,-64.64957960965978,-58.764720021100025,-5.884859588559756,19.59999942779541,20.59999942779541,20.09999942779541,21.050000190734863,81.79568514905704,17.513764989795664,17.562694773616187,20.692614099548045,-60.911776117972565,20.762500286102295,24.050000190734863,0.0,72.0,-72.0,20.42186043725797,20.100000381469727,0.0,0.0,40.33095435287047,0.5827975162567134,0.5916409492508273,0.6611965441295998,-17.37131822970167,49.6473116815938,34.285736083984375,34.04384932385224,-65.71426391601562,-0.5651471194098967,-2.743138443835573,-1.940137201166263,-2.0638255114496724,0.12368831028340943,-9.277791929351096,-10.852948559570073,1.5751566302189772,19.750100370308324,-0.5102060179767554,-0.5115120129511652,310.5263157894737
2022-08-08 00:00:00+05:30,19.5,19.5,19.149999618530273,19.399999618530273,1626897,0.0,0.0,-675624259.0861932,884786756,-0.10020821572591183,-67673.72871500698,-5.916189234843972,-1.2848568412128285,131954041.42811017,19.683166335786602,38.282704382994396,486.0059193990572,20.0,21.375500302935823,18.624499697064177,13.755003029358228,0.28189740118955064,0.0,0.0,19.54499994913737,20.06500021616618,19.024999682108565,5.321056724298002,0.36057667678172006,0.0,0.0,18.899999618530273,21.5,20.199999809265137,13.000001907348633,0.19230766409247999,0.5603265394732173,7.181236872105837,-0.3928942944163403,-0.41496540886168254,0.022071114445342266,19.57083336512248,20.221153846153847,19.723418913720135,20.116313208136475,0.8846154504508801,1.0705127123545066,-0.18589726190362654,-0.2823999150639318,23.868200256320247,-0.049999237060546875,-64.94356300958538,-61.6665061312341,-3.2770568783512743,19.59999942779541,20.300000190734863,19.949999809265137,21.050000190734863,90.89784257452851,17.4295594950071,16.83067301079115,23.402759111825393,-81.49838763141305,20.8125,24.050000190734863,0.0,68.0,-68.0,20.42186043725797,20.0,0.0,0.0,39.25136326870634,0.49787977314022536,0.5368276674092707,0.5933827839609981,-17.92470164732781,54.2146296731143,28.571428571428573,31.322769891648065,-71.42857142857143,-0.6963235462413131,-2.02020017143019,-1.953112831119699,-2.041682975383678,0.08857014426397902,-9.342675666179522,-10.550893980891964,1.2082183147124415,19.747862177287114,-0.5128224690755245,-0.5141419163806393,308.4210446006374
2022-08-10 00:00:00+05:30,19.299999237060547,19.299999237060547,19.0,19.149999618530273,2188868,0.0,0.0,-675624259.0861932,882597888,-0.10911477676309463,-136179.91032714886,-2.3984965610493263,-1.7136507003092356,131925834.36569986,19.572930493481298,25.39115298528425,486.0059193990572,19.894999980926514,21.19111000598402,18.59888995586901,13.029505165117824,0.21260141963519397,0.0,0.0,19.53666655222575,20.026666704813643,19.04666639963786,5.016210429532737,0.10544202725924454,0.0,0.0,18.899999618530273,21.5,20.199999809265137,13.068612133512774,0.09615383204623999,0.544293847378923,7.013002267646161,-0.40953386310719964,-0.41387909971078596,0.004345236603586322,19.50416660308838,20.14615381681002,19.635200560614003,20.044734423721202,0.8835616098333474,1.1712328498684321,-0.2876712400350847,-0.2831839562148867,23.730097183244272,-0.44499921798706055,-62.98989935630141,-63.43510263525033,0.44520327894892375,19.649999618530273,20.199999809265137,19.924999713897705,21.050000190734863,95.44892128726426,17.62406820147228,16.0094070392725,24.090642197369437,-101.69869989851131,21.02500009536743,24.050000190734863,0.0,64.0,-64.0,20.42186043725797,19.845999946594237,0.0,0.0,36.6127475410916,0.29033332724289196,0.4570035388799436,0.5284907185133471,-19.12408711263214,45.74771593045364,17.85714772282947,26.90477079274747,-82.14285227717053,-0.797058817919563,-4.010030645689593,-2.0430994716625026,-2.041966274639443,-0.0011331970230594735,-6.8177267754929325,-9.804260539812159,2.9865337643192262,19.743959894692495,-1.2886598191538479,-1.2970350699329725,303.15788670590047
2022-08-11 00:00:00+05:30,19.149999618530273,19.450000762939453,18.899999618530273,19.049999237060547,2251669,0.0,0.0,-676647750.674238,880346219,-0.11339487618449913,-148892.46012949297,0.6106733859820757,-1.2866756352835544,131914076.257949,19.50830958750527,25.53646744134096,486.0059193990572,19.792499923706053,21.013268619446052,18.571731227966055,12.335669576311059,0.19588805429048883,0.0,0.0,19.53666655222575,20.026666704813643,19.04666639963786,5.016210429532737,0.0034008534539062087,0.0,0.0,18.899999618530273,21.5,20.199999809265137,13.136290976339126,0.05769215250863992,0.5448645770819487,6.889706322237287,-0.42588074806079135,-0.4162794293807871,-0.009601318680004245,19.47083314259847,20.071153787466194,19.545169587759624,19.971050335820415,0.8783782286049066,1.0810808372638014,-0.2027026086588949,-0.285933556829728,23.673795191877954,-0.6924995422363267,-61.53597396489895,-63.97198453925039,2.4360105743514424,19.59999942779541,20.199999809265137,19.899999618530273,21.050000190734863,95.96040280170116,17.40268058199079,16.7684173836462,22.467258683819914,-99.5497278382694,21.049999713897705,24.050000190734863,24.0,60.0,-36.0,20.42186043725797,19.71355990066528,0.0,0.0,35.58235565706731,0.20928546143485371,0.33249952060599036,0.4421102422984014,-20.423779154375204,44.069012235783184,10.714261385852646,19.047612560036892,-89.28573861414735,-0.8977941176470594,-2.056563034388563,-2.13249048447354,-2.0600711166062626,-0.07241936786727754,-4.524707238933521,-8.748349879636432,4.223642640702911,19.741071400800166,-0.5221952138994457,-0.5235634183170745,301.0526155170641
2022-08-12 00:00:00+05:30,19.25,19.700000762939453,19.100000381469727,19.549999237060547,1377775,0.0,0.0,-675958869.743977,881723994,-0.08240378179038013,-29209.608682422564,9.798429693721394,-0.5867878000177406,131950238.33288808,19.475968005645125,24.147403055606688,498.76198078654437,19.714999866485595,20.78088025387262,18.64911947909857,10.81288759427245,0.42259889975574916,0.0,0.0,19.568333244323732,20.08333339691162,19.05333309173584,5.263607749906629,0.4821999982222778,0.0,0.0,18.899999618530273,21.350000381469727,20.125,12.427089929147392,0.2653058841297744,0.5553782719616445,6.719851722703486,-0.39394875481290725,-0.41181329446721116,0.0178645396543039,19.508333047231037,20.02884608048659,19.545912610728998,19.939861365541905,0.8961038092454335,1.0324672654581846,-0.13636345621275103,-0.28460980963523586,23.667274522687986,-0.6650006294250481,-56.60499165424853,-63.58908825920926,6.984096604960733,19.59999942779541,20.199999809265137,19.899999618530273,21.050000190734863,97.98020140085058,16.562703131745476,18.481951527990493,20.692568219482748,-46.837725820500204,21.049999713897705,24.050000190734863,20.0,56.00000000000001,-36.00000000000001,18.899999618530273,19.71355990066528,1.0,0.0,44.05949838980371,0.876074803714077,0.4585645307972743,0.41602253009440265,-19.237916727084343,45.21523550015421,46.428556831511585,24.99998864673123,-53.571443168488415,-0.9486763954162605,2.356014903682391,-1.9756845225297832,-2.0431937977909667,0.06750927526118344,-6.399809677950359,-8.278641839299217,1.8788321613488579,19.734176303650173,2.624672021126817,2.590818588294397,311.57893130653787
2022-08-16 00:00:00+05:30,19.600000381469727,19.799999237060547,19.299999237060547,19.450000762939453,1682385,0.0,0.0,-676631813.4755138,880041609,-0.08722933208138024,-49070.51213982167,4.457917327364338,0.9281272841048758,131941632.91399041,19.475440497212464,31.503337604747756,498.76198078654437,19.652499866485595,20.622281054171452,18.682718678799738,9.869290871637906,0.3955954672469179,0.0,0.0,19.551666577657063,20.02166665395101,19.081666501363117,4.807775075614732,0.39184489551654245,0.0,0.0,18.899999618530273,21.149999618530273,20.024999618530273,11.448925150927183,0.24444495307074654,0.54984044476548,6.369578228035644,-0.3724184531404653,-0.40393432620186204,0.03151587306139675,19.541666507720947,19.96730767763578,19.531156941838297,19.903575394978763,1.0068489446229134,1.0068492059033707,-2.61280457269919e-07,-0.28101272165802915,23.638774062413756,-0.6025006294250481,-55.969612134476854,-62.57082754936938,6.601215414892529,19.5,20.199999809265137,19.84999990463257,21.050000190734863,98.99010070042529,15.538789156606239,18.575166148858848,19.421701198580674,-28.3414234412872,21.08750009536743,24.050000190734863,16.0,52.0,-36.0,18.899999618530273,19.71355990066528,0.0,0.0,42.845119886339546,0.7805550432084619,0.6219717694524642,0.47101194028524285,-18.57573293738685,43.44907306189999,39.28580673375994,32.142874983708055,-60.71419326624006,-0.9351471788742955,2.0997456267647983,-1.8711133339109434,-2.0087777050149622,0.13766437110401886,-6.52206483889625,-7.927326439218624,1.4052616003223743,19.71218527472672,-0.511501166360806,-0.5128138116204717,309.4737002724095
2022-08-17 00:00:00+05:30,19.450000762939453,19.600000381469727,19.299999237060547,19.399999618530273,1739579,0.0,0.0,-677211673.1421804,878302030,-0.12879867266569756,-54486.28766130092,-1.7245519047359263,1.2868414379026507,131937160.8863617,19.49391910334704,32.118474945356496,498.76198078654437,19.567499828338622,20.27832698941021,18.856672667267034,7.265385637485817,0.3821793686415707,0.0,0.0,19.49333324432373,19.93833351135254,19.048332977294923,4.565666235233403,0.3951308204637378,0.0,0.0,18.899999618530273,20.649999618530273,19.774999618530273,8.943401126114043,0.2857142857142857,0.52485651472985,5.822583134446142,-0.35529459351360515,-0.3942063796642107,0.03891178615060553,19.570833206176758,19.91538458604079,19.510978892098603,19.866273485612208,1.0214282269383346,0.9785712281053586,0.042856998832976,-0.27598388326018,23.577936381691373,0.43250017166137766,-55.29605981574072,-61.40327907763554,6.107219261894819,19.5,20.199999809265137,19.84999990463257,21.050000190734863,99.49505035021264,14.588011893976944,17.866152899326313,18.680375744589963,-35.71433045156739,21.08750009536743,24.050000190734863,12.0,48.0,-36.0,18.935999603271483,19.71355990066528,0.0,0.0,42.21852217513484,0.7312685455169234,0.7959661308131541,0.6255008103542975,-18.187757770319323,45.75331972056899,35.71429544565894,40.47621967031015,-64.28570455434105,-0.8895589491900253,1.8372724172546075,-1.7884309997590684,-1.9647083639637837,0.1762773642047153,-6.299594409873498,-7.601780033349599,1.3021856234761016,19.68587200336107,-0.2570752825082345,-0.25740628842387814,308.4210446006374
2022-08-18 00:00:00+05:30,19.5,19.600000381469727,19.350000381469727,19.450000762939453,1400744,0.0,0.0,-677491817.667449,879702774,-0.13862496213136205,-36696.988991930506,0.4462016650542469,1.6367185431198001,131940771.13401127,19.51464615437386,38.25293836202619,500.0474792565184,19.53749990463257,20.21416477103111,18.860835038234026,6.926831679606026,0.4353452897895988,0.0,0.0,19.456666628519695,19.88166681925456,19.031666437784832,4.368684511579137,0.4921578087191959,0.0,0.0,18.899999618530273,20.649999618530273,19.774999618530273,8.957133760932507,0.31428636823381695,0.4973708632568649,5.1755859204595085,-0.333840827659202,-0.38213326926320895,0.048292441604006975,19.52499993642171,19.848076893733097,19.50159764145873,19.835438469117932,1.044775974939164,0.9552237403821299,0.0895522345570342,-0.2692004661412083,23.53782608913248,0.46250009536743164,-52.24109014433691,-59.90587853509081,7.664788390753898,19.449999809265137,20.199999809265137,19.824999809265137,20.850000381469727,99.74752517510632,13.70514729296403,17.27441844127394,18.061673885285025,-22.616985543118233,20.987500190734863,24.050000190734863,8.0,44.0,-36.0,18.970559588623047,19.71355990066528,0.0,0.0,43.11445215670052,0.8017399982187211,0.7711878623147022,0.7297085875267735,-17.624943551958278,47.47975582262898,39.28580673375994,38.0953029710596,-60.71419326624006,-0.7944117489983071,-2.7499961853027344,-1.6830524224557144,-1.90837717566217,0.2253247532064555,-7.586557518793621,-7.598735530438404,0.012178011644782494,19.67081134721605,0.25773786284728484,0.25740628842387814,309.4737002724095
2022-08-19 00:00:00+05:30,19.5,19.600000381469727,19.200000762939453,19.299999237060547,1781919,0.0,0.0,-678382789.912739,877920855,-0.13630019954379116,-69638.92899202826,-1.683572322641936,1.5164633772168048,131927028.68884376,19.52943375982897,35.56401491412976,500.0474792565184,19.499999904632567,20.14109314409916,18.858906665165975,6.575315308737915,0.34401592837071066,0.0,0.0,19.413333320617674,19.818333435058594,19.008333206176758,4.1723912916159875,0.3600814178613491,0.0,0.0,18.899999618530273,20.299999237060547,19.59999942779541,7.179485258344432,0.28571409108682116,0.48763373878420574,4.472776510975243,-0.32519380145980037,-0.3707453757025273,0.04555157424272693,19.46666653951009,19.773076864389274,19.470582502320546,19.795776303780347,1.0074072901931819,0.940740548174513,0.06666674201866885,-0.26245513739323295,23.553487922027358,0.4500008583068862,-49.52121567578294,-58.19466504055905,8.673449364776111,19.34999942779541,20.199999809265137,19.774999618530273,20.800000190734863,99.87376258755316,13.284150972702951,16.341808211857142,19.11110580978063,-42.99512681678959,21.125,23.0,4.0,40.0,-36.0,19.00373717456055,19.71355990066528,0.0,0.0,41.057706780695526,0.5446674283377616,0.6925586573578021,0.7532375501618861,-17.666676437175987,44.44094703196269,28.57140910868212,34.52383709603367,-71.42859089131788,-0.6847057959612677,-3.500003814697265,-1.6427433633794852,-1.855250413205633,0.21250704982614788,-6.803586416757461,-7.439705707702215,0.6361192909447544,19.647134557814002,-0.7712160411053715,-0.7742052909835984,306.31577341180105
2022-08-22 00:00:00+05:30,19.549999237060547,19.549999237060547,19.0,19.200000762939453,1665400,0.0,0.0,-678836983.6122376,876255455,-0.11578138361015237,-83481.57610763416,-4.128163153159289,0.2841807143532872,131918399.80462694,19.494193935761082,26.362539087898043,497.4565991067548,19.469999980926513,20.108279337566042,18.831720624286984,6.556541933896352,0.28849447723910726,0.0,0.0,19.36833330790202,19.778333346048992,18.958333269755048,4.233715226076757,0.2947164276821053,0.0,0.0,18.899999618530273,20.299999237060547,19.59999942779541,7.190547611205761,0.21428659010930473,0.49387028861183985,4.32169038850801,-0.32269023982081535,-0.3611343485261849,0.03844410870536957,19.40416653951009,19.69999995598426,19.428954542415763,19.75164478223658,0.9685038282125297,1.0472439573114505,-0.07874012909892081,-0.2564931562155585,23.622866327204544,0.3299992561340339,-46.755019605785364,-56.20638059568412,9.451360989898753,19.34999942779541,20.199999809265137,19.774999618530273,20.800000190734863,99.93688129377658,13.392254334016837,15.132093535037171,20.388251397398218,-70.17543054542205,21.125,22.350000381469727,0.0,36.0,-36.0,19.00373717456055,19.799999237060547,0.0,1.0,39.698110785769536,0.4094199095185572,0.58527577869168,0.6830074327880613,-18.0546850419288,41.61186332193448,21.428659010930474,29.761958284457506,-78.57134098906953,-0.6325001043431868,-3.7593983524715124,-1.633738574070668,-1.8109480453786402,0.17720947130797216,-6.643813432279454,-7.280527252617663,0.6367138203382092,19.62448044819367,-0.5181268293994234,-0.5194737610132449,304.2105423776727
2022-08-23 00:00:00+05:30,19.200000762939453,19.350000381469727,19.049999237060547,19.25,1467006,0.0,0.0,-678347981.6122376,877722461,-0.11028364845095194,-61077.18226893719,-1.5337380085705998,-0.8647378615023389,131922220.07430656,19.435716120303283,18.748969933513578,498.7520391816365,19.43499994277954,20.04006223263567,18.829937652923412,6.226522167610506,0.34712322526038586,0.0,0.0,19.333333269755045,19.74333349863688,18.92333304087321,4.241381692035864,0.3983741180068195,0.0,0.0,18.899999618530273,20.299999237060547,19.59999942779541,7.203496900705672,0.250000340598063,0.4744833741915738,4.197034772189849,-0.31306283512651945,-0.35152004584625185,0.038457210719732404,19.358333269755047,19.628846095158504,19.401423074351797,19.714485909478316,0.8606554583433782,1.1311470130159258,-0.2704915546725476,-0.2503461943223362,23.534006806133757,0.16500043869018555,-46.39571399470096,-54.14550848291918,7.749794488218221,19.34999942779541,20.125,19.737499713897705,20.75,99.96844064688828,13.492636026665446,14.501511464164277,19.538635595204,-74.16332536077172,20.950000286102295,22.050000190734863,0.0,32.0,-32.0,19.00373717456055,19.783999252319337,0.0,0.0,40.754503073565076,0.5426801642965352,0.49892250071761807,0.5922523122557,-18.120339987402478,44.80175383891605,29.166679912134864,26.38891601058248,-70.83332008786513,-0.6392646789550795,-2.7777740315822266,-1.5879837626199795,-1.7663551888269082,0.1783714262069287,-7.370722905103951,-7.298566383114921,-0.07215652198902944,19.61386890175839,0.26041268267580353,0.26007419636284723,305.2631578947368
2022-08-24 00:00:00+05:30,19.350000381469727,19.350000381469727,19.0,19.100000381469727,2019923,0.0,0.0,-679213659.7528962,875702538,-0.12196684372216705,-95635.82472487839,-0.43317869157355743,-0.4618506591872227,131906480.45459433,19.381016251547162,18.670636615666893,498.7520391816365,19.417499923706053,20.039814400662934,18.795185446749173,6.409831125552075,0.24490426143635582,0.0,0.0,19.313333320617676,19.72333354949951,18.90333309173584,4.245773860736368,0.23983802432286988,0.0,0.0,18.899999618530273,20.299999237060547,19.59999942779541,7.209989051273638,0.14285772673953648,0.4620350749193891,4.04797158029118,-0.3139181105892206,-0.3439996587948456,0.03008154820562503,19.31666660308838,19.567307618948128,19.35505035236994,19.66896846295916,0.8833332803514605,1.083332962460224,-0.1999996821087634,-0.24531969149012295,23.526931758154102,0.08250007629394673,-46.7168158808621,-52.33738809675926,5.6205722158971625,19.34999942779541,20.024999618530273,19.687499523162842,20.600000381469727,99.98422032344415,13.716693759036682,13.780033352857066,19.277281028288755,-85.56823174961087,20.77500009536743,21.925000190734863,0.0,28.000000000000004,-28.000000000000004,19.00373717456055,19.76831926727295,0.0,0.0,38.57141462769391,0.35260217562265134,0.43490074981258126,0.5063663430739597,-18.738365916810736,37.98956730487648,16.66671964853945,22.420686190534923,-83.33328035146054,-0.6339704794042227,-2.5510203585134166,-1.59600698521834,-1.7322855481051946,0.13627856288685458,-5.305656683457837,-6.899984443183505,1.594327759725668,19.59629203049638,-0.7792187975598663,-0.7822705708972144,302.10527118883635
2022-08-25 00:00:00+05:30,19.200000762939453,20.049999237060547,19.0,20.049999237060547,3625983,0.0,0.0,-675587676.7528962,879328521,0.02022692809824555,410123.53600607126,10.135158718527048,0.20297083986212947,132086830.17352594,19.39639711386408,31.60420460843872,498.7520391816365,19.464999866485595,20.126891258172023,18.803108474799167,6.800836334204738,0.9419149258645263,0.0,0.0,19.368333307902017,19.853333536783854,18.883333079020183,5.008177225904741,1.2027480489340223,1.0,0.0,18.899999618530273,20.299999237060547,19.59999942779541,7.192394698860295,0.8214285227717053,0.5208314911335049,3.697927554567623,-0.23522739934518455,-0.32224520690491343,0.08701780755972888,19.362499872843426,19.526922959547775,19.461965565399264,19.69719296474445,0.899224611352002,0.9844960713070123,-0.08527145995501029,-0.23154777430744072,23.91057598827175,-0.06500024795532156,-41.99401456228634,-50.16605927424675,8.17204471196041,19.524999618530273,19.774999618530273,19.649999618530273,20.574999809265137,99.99211016172208,13.588484253120845,21.1036693036038,16.60779837899609,74.63235515614727,20.762499809265137,21.574999809265137,4.0,24.0,-20.0,19.0,19.76831926727295,1.0,0.0,55.00902674208921,1.0,0.6317607799730621,0.521861343501087,-14.107704654877882,53.687484972667264,100.0,48.611133186891436,-0.0,-0.5835294274722855,2.8205089080028047,-1.194217875441504,-1.6246720135724566,0.43045413813095257,3.0921407264847125,-4.901559409249862,7.993700135734574,19.640132855319617,4.9738158985194625,4.85407606759134,322.10524709601145
2022-08-26 00:00:00+05:30,20.700000762939453,20.700000762939453,19.75,19.899999618530273,3083323,0.0,0.0,-677697322.0636814,876245198,-0.016984855782501272,285463.4203186871,21.567680676032957,1.8544337445806849,132063762.97694717,19.45983646638603,41.47582232313424,495.02073651504304,19.50749988555908,20.166495378923607,18.848504392194556,6.756329588420126,0.7978015304530162,0.0,0.0,19.466666666666665,19.99166685740153,18.941666475931804,5.393837576043112,0.9126978994589068,0.0,0.0,18.899999618530273,20.700000762939453,19.800000190734863,9.227226220524937,0.5555552023430703,0.5637484183140997,3.178803721918246,-0.18286026011258727,-0.2943682175464482,0.11150795743386094,19.40416653951009,19.52115374345046,19.52935541972711,19.712215679839698,1.0144925252702837,0.8768113237849849,0.13768120148529872,-0.21346085826575967,24.23102819947107,-0.3575002670288079,-37.38011303051943,-48.02996164938796,10.649848618868525,19.850000381469727,19.800000190734863,19.825000286102295,20.574999809265137,99.99605508086104,14.706683204979642,26.729083285014177,14.633354189760833,169.53832660807618,20.674999713897705,21.574999809265137,100.0,20.0,80.0,19.0,19.76831926727295,0.0,0.0,52.61499711535823,0.8767658331037067,0.7431226695754526,0.6032613997870319,-11.057553028876292,47.99690909111316,55.55552023430703,57.40741329428215,-44.44447976569297,-0.3942647653467546,2.577319638307702,-0.9276494488623326,-1.4852675006304321,0.5576180517680995,6.863885560008512,-2.548470415398188,9.412355975406701,19.662289454514596,-0.7481278016859605,-0.7509403139621007,318.947360390111
2022-08-29 00:00:00+05:30,19.700000762939453,19.700000762939453,19.200000762939453,19.399999618530273,1995467,0.0,0.0,-678096424.5982044,874249731,0.00344797030811023,102149.57455887468,-19.419003634995555,0.6985119967937068,132013625.61417703,19.452618222098135,40.591848832906926,482.58302932900637,19.52499990463257,20.152295648609364,18.897704160655774,6.425564630378928,0.40036574669720726,0.0,0.0,19.465000025431316,19.980000178019207,18.949999872843428,5.291550494888612,0.4368928275317831,0.0,0.0,18.899999618530273,20.700000762939453,19.800000190734863,9.218955970299929,0.27777760117153516,0.5773734620417719,3.212166250204055,-0.1796340369518603,-0.27142138142753064,0.09178734447567033,19.424999872843426,19.49615375812237,19.509454527235288,19.68908856418715,0.9315066166680254,0.9589039700008152,-0.02739735333278981,-0.19769991142188234,24.472267911601982,-0.4750006675720222,-36.66237984639213,-45.88471361737854,9.22233377098641,19.850000381469727,19.800000190734863,19.825000286102295,20.574999809265137,99.99802754043051,14.342067321298298,24.424867855209737,20.145220826475775,-24.330783648657228,20.59999990463257,21.574999809265137,96.0,16.0,80.0,19.0,19.76831926727295,0.0,0.0,45.50571094318631,0.5108108971778481,0.7958589100938517,0.7235807865474554,-10.672876978087768,45.943149355307085,27.777760117153516,61.11109345048684,-72.22223988284648,-0.31367632361019204,1.3054830547259668,-0.9123532375114611,-1.370684648006638,0.4583314104951768,5.612750783153519,-0.9162261756878465,6.5289769588413655,19.659416437532677,-2.512562862234502,-2.5446666155219066,308.4210446006374
2022-08-30 00:00:00+05:30,19.700000762939453,19.700000762939453,19.25,19.399999618530273,2039891,0.0,0.0,-678776394.0289847,876289622,-0.07997201478704083,87556.77819332117,0.5514925754277231,1.1604892689559705,132013625.61417703,19.458324770514626,47.18810141810617,482.58302932900637,19.494999885559082,20.084830320530934,18.90516945058723,6.051094520998364,0.41946815440835783,0.0,0.0,19.45833339691162,19.968333625793456,18.948333168029784,5.241972356818411,0.44281004686091835,0.0,0.0,18.899999618530273,20.700000762939453,19.800000190734863,9.233142626189652,0.27777760117153516,0.5646361921315399,3.2121662502040556,-0.1750592577011254,-0.2521489566822496,0.07708969898112422,19.454166571299236,19.480769157409668,19.49261531051144,19.667674568212565,0.9797295329343539,0.9256755555085878,0.05405397742576612,-0.18379542349365535,24.672566877615402,0.054999351501464844,-36.04602159632938,-43.745820481888394,7.699798885559012,19.850000381469727,19.800000190734863,19.825000286102295,20.574999809265137,99.99901377021526,14.003495429308478,23.04925414306414,19.010637738150475,-16.591213700984802,20.58750009536743,21.350000381469727,92.0,12.0,80.0,19.068000030517577,19.76831926727295,0.0,0.0,45.50571094318631,0.5108108971778481,0.632795875819801,0.7239258184963684,-10.37194969535349,46.10865049902269,27.777760117153516,37.03701348953802,-72.22223988284648,-0.2108821195714583,1.8372724172546075,-0.8900862025857443,-1.2745649589224592,0.3844787563367149,4.732369529558358,0.2134929653613945,4.5188765641969635,19.65781703348572,0.0,0.0,308.4210446006374
2022-09-01 00:00:00+05:30,19.399999618530273,19.950000762939453,19.149999618530273,19.5,2324810,0.0,0.0,-679066995.9718311,878614432,-0.08212973245435218,108260.36514350887,2.580853198436843,1.5161571089192682,132025609.21682735,19.488169716107056,55.0795606271346,482.58302932900637,19.469999885559083,20.012586209687235,18.92741356143093,5.573562684307858,0.5276454760347322,0.0,0.0,19.468333435058593,20.02833366394043,18.908333206176756,5.752934433241088,0.5282737071417241,0.0,0.0,18.899999618530273,20.700000762939453,19.800000190734863,9.244998227987882,0.3333333333333333,0.588172687359304,3.0927849282631223,-0.16150281323984572,-0.23401972799376886,0.07251691475392313,19.449999968210857,19.463461435758152,19.4937514165866,19.655254229826447,0.9999997554682795,0.8846152623495244,0.1153844931187551,-0.1703960789645162,24.78518326182279,-0.019999122619630327,-34.77567921152133,-41.80521926713111,7.029540055609779,19.850000381469727,19.800000190734863,19.825000286102295,20.574999809265137,99.99950688510762,14.168033366161675,23.847442654840087,17.160299290245966,18.229211508131293,20.58750009536743,21.350000381469727,88.0,8.0,80.0,19.133280059814453,19.76831926727295,0.0,0.0,47.16173267730641,0.5960556479059802,0.5392258140872256,0.6559602000002926,-9.632104227471235,46.67757557902162,33.333333333333336,29.629617855880117,-66.66666666666667,-0.08808800192440103,-0.25575058318040395,-0.8216775593508656,-1.1839874790081404,0.36230991965727477,5.048523256113583,1.1804990235118322,3.868024232601751,19.656484557358368,0.5154658940003776,0.5141419163806393,310.5263157894737
2022-09-02 00:00:00+05:30,19.549999237060547,20.0,19.5,19.649999618530273,2410342,0.0,0.0,-680031136.4497211,881024774,-0.14185836785631656,144444.65305550708,4.148784887479385,1.768879359026219,132044150.2619826,19.53533907579649,63.143550162847106,482.58302932900637,19.45499982833862,19.958884462536957,18.951115194140286,5.180001425282619,0.6934964642272632,0.0,0.0,19.493333371480304,20.07833360036214,18.90833314259847,6.00205432014741,0.6339027228668098,0.0,0.0,18.899999618530273,20.700000762939453,19.800000190734863,9.252126241539486,0.41666640175730274,0.5793554186233736,2.8701915291683067,-0.13707539785904999,-0.2146308619668251,0.07755546410777511,19.46666653951009,19.47115369943472,19.517789601501015,19.654864999360065,1.0580643398829601,0.8967743428018174,0.16128999708114267,-0.1561000562553977,24.834183455591056,-0.05500020980834819,-33.15489678005275,-39.986739389827754,6.831842609775002,19.850000381469727,19.800000190734863,19.825000286102295,20.574999809265137,99.99975344255381,14.414817746667492,22.99604054318221,16.10521970449145,87.08705922223692,20.4375,21.350000381469727,84.0,4.0,80.0,19.149999618530273,19.76831926727295,0.0,0.0,49.63416417669123,0.6730143935753948,0.593293646219741,0.588438445375589,-8.284226010951574,45.05193427852084,38.235254518731274,33.1154493230727,-61.764745481268726,0.00102972142836677,1.0282717107749602,-0.6974120547941335,-1.0866723941653391,0.38926033937120563,5.537832202593849,2.0519656593282356,3.4858665432656135,19.65639597187543,0.7692288129757641,0.7662853332351727,313.68420249537417
2022-09-05 00:00:00+05:30,19.700000762939453,20.600000381469727,19.5,20.600000381469727,3854514,0.0,0.0,-676176622.4497211,884879288,-0.04208689860399808,646922.7370134065,8.561399031092904,1.6805200259813269,132230500.96487562,19.625654011235678,66.23564136505001,482.58302932900637,19.494999885559082,20.192065191826032,18.797934579292132,7.151221445077319,1.29260901810502,1.0,0.0,19.58000005086263,20.23500035603841,18.924999745686847,6.690503610564841,1.2786258437951137,1.0,0.0,18.899999618530273,20.700000762939453,19.800000190734863,9.233142626189652,0.9444442678382018,0.6314199149080089,2.806490877430145,-0.04059146001443992,-0.17982298157634807,0.13923152156190816,19.56666660308838,19.52884600712703,19.684283567650045,19.724875027664485,1.0365852608984587,0.8658538883033744,0.1707313725950843,-0.13214070627802996,25.021132327021856,-0.044999122619628906,-25.26449131378464,-37.59890291293878,12.334411599154144,19.850000381469727,19.800000190734863,19.825000286102295,20.574999809265137,99.9998767212769,15.637717031829757,27.007479014233777,14.057477530145551,232.75417225261765,20.41249990463257,21.350000381469727,80.0,0.0,80.0,19.149999618530273,19.76831926727295,0.0,0.0,61.81946366897904,1.0,0.7563566804937917,0.6296253802669193,-2.6396759408235555,53.77112015285227,94.11762725936563,55.22873837047674,-5.882372740634361,0.000588512420655718,6.1855710646161555,-0.20578817334715518,-0.9104955500017023,0.7047073766545472,10.745764602037058,3.79072544787,6.955039154167058,19.75123660481044,4.834609574463222,4.721377541143035,333.6842185572574
2022-09-06 00:00:00+05:30,20.899999618530273,20.899999618530273,19.799999237060547,20.25,3748455,0.0,0.0,-676858155.5863115,881130833,-0.033513079140741975,367082.24887976213,8.8036077585893,1.9909264853545383,132166813.55440828,19.70930324777121,68.4739061034238,474.3837943179283,19.527499866485595,20.297873191499512,18.757126541471678,7.890137808538242,0.9689285766101471,0.0,0.0,19.686666679382324,20.396667098999025,18.976666259765626,7.213007983319765,0.896713371607439,0.0,0.0,18.899999618530273,20.899999618530273,19.899999618530273,10.24196652758674,0.6750001907348633,0.6782779615641806,2.746344346445205,0.007543691171242983,-0.14234964702682987,0.14989333819807285,19.633333206176758,19.5749998826247,19.771316864934654,19.76377317376341,1.0454544863425215,0.852272865200783,0.19318162114173842,-0.10588128157276641,25.330957449011688,-0.22750062942504812,-18.47515834211606,-34.496618951540455,16.021460609424395,19.949999809265137,19.899999618530273,19.924999713897705,20.59999942779541,99.99993836063845,17.180915809028388,27.039415247551506,12.364435986241094,211.21883118848478,20.362499713897705,21.350000381469727,100.0,36.0,64.0,19.211999664306642,19.76831926727295,0.0,0.0,56.40509590519622,0.7671044243683547,0.8133729393145832,0.7210077553427051,0.13356506039469362,47.360221001480404,65.78948689299872,66.04745622369855,-34.210513107001276,0.19602943869197986,4.113106455938484,0.03816928632462399,-0.7207625827364371,0.7589318690610611,13.87138806618659,5.806857971533319,8.064530094653271,19.783225032381306,-1.6990309465458098,-1.7136300760934642,326.3157894736843
2022-09-07 00:00:00+05:30,20.149999618530273,20.700000762939453,19.850000381469727,20.299999237060547,3018712,0.0,0.0,-676680593.8552116,884149545,-0.007926417310307668,336203.82716915576,-2.1117965497202187,1.9632661535699458,132174267.05055176,19.77356368389413,65.71620165854267,475.5550944556954,19.567499828338622,20.407901446064585,18.72709821061266,8.589770027838217,0.9358031881851857,0.0,0.0,19.79333337148031,20.558333714803062,19.028333028157554,7.729878833092588,0.8311540118920417,0.0,0.0,18.899999618530273,20.899999618530273,19.899999618530273,10.22102985841605,0.6999998092651367,0.6954502035547352,2.655379273733002,0.04915899159595227,-0.10404791930227344,0.15320691089822572,19.71666653951009,19.623076805701622,19.852652614492484,19.803493622896532,1.0481284120622738,0.860962682478141,0.1871657295841328,-0.07849273202300251,25.468289204878353,-0.3674990653991692,-10.77190926575592,-30.502740438750884,19.730831172994964,19.949999809265137,19.899999618530273,19.924999713897705,20.59999942779541,99.99996918031923,18.613886102141404,24.576284781182107,11.238109151937884,160.71434019983178,20.312499523162842,21.350000381469727,96.0,32.0,64.0,19.31327966156006,19.76831926727295,0.0,0.0,56.98469153626744,0.7920353607252913,0.8530465950312154,0.8075920716131967,2.473443121784966,51.37732189691644,68.42102621400255,76.10938012212229,-31.578973785997448,0.3773529894211691,5.1813473550805345,0.24823393554718703,-0.5269632790797123,0.7751972146268993,13.777125363854397,7.400911449997535,6.376213913856862,19.816368591785043,0.24690981264468004,0.2466054911968385,327.3684049907484
2022-09-08 00:00:00+05:30,20.600000381469727,21.299999237060547,20.399999618530273,21.25,6381438,0.0,0.0,-671008194.0031838,890530983,0.09221395907898225,1154227.7045236789,8.109437883547283,2.510640169176592,132472906.02574852,19.98032506054798,70.35819732154522,475.5550944556954,19.65999984741211,20.770225034675022,18.549774660149197,11.294254281584381,1.2160710146145164,1.0,0.0,19.97666664123535,20.79666690826416,19.156666374206544,8.209580524672555,1.2764225268965141,1.0,0.0,18.899999618530273,21.299999237060547,20.09999942779541,12.207526129997355,0.9791669812467864,0.7259051831992617,2.5516390839168976,0.15698689191708226,-0.051840957058402304,0.20882784897548456,19.887499809265137,19.671153728778545,20.067629135339796,19.910642243422714,1.0841582456928867,0.8019804317405402,0.2821778139523464,-0.04197308807970528,25.614678077654386,-0.4099998474121094,1.3326373220390986,-25.68866800715917,27.021305329198267,20.22499942779541,20.09999942779541,20.16249942779541,20.59999942779541,99.99998459015961,20.670803524193172,28.241606666584477,10.075287448928945,232.65245284101653,20.187499523162842,21.100000381469727,100.0,28.000000000000004,72.0,19.40848285897827,19.76831926727295,0.0,0.0,66.1840281393136,1.0,0.8530465950312154,0.8398220431256712,8.101564376667737,59.047634043639086,97.82611940669828,77.34554417123319,-2.173880593301721,0.6138234194587255,10.67707893542135,0.7884571979035048,-0.2638791836830689,1.0523363815865736,22.261655776764876,10.373060315351005,11.888595461413871,20.01956058170975,4.6798068898696865,4.573604690590916,347.3684210526316
2022-09-09 00:00:00+05:30,21.5,21.600000381469727,20.299999237060547,20.5,5933256,0.0,0.0,-675115827.4153601,884597727,0.009449947695514813,353632.0324488677,2.191050080293165,2.787398912243384,132263496.9904544,20.117048314472708,63.22164188859643,458.7707970043179,19.727499866485594,20.869198145678002,18.585801587293187,11.574687993099436,0.8383118585677652,0.0,0.0,20.086666679382326,20.931667137145997,19.24166622161865,8.413545873502363,0.7445757968649976,0.0,0.0,18.899999618530273,21.600000381469727,20.25,13.68648222639908,0.5925925664286955,0.7833147793202535,2.554530833440298,0.1798493563633521,-0.005502894374051423,0.18535225073740352,19.991666475931805,19.690384498009315,20.134147729902903,19.95429837353955,1.0818179453700862,0.7909092327779483,0.2909087125921379,-0.008230951123429552,25.8719954645583,-0.6274994850158677,6.612160096519039,-20.800637659710453,27.412797756229494,20.375,20.25,20.3125,20.59999942779541,99.9999922950798,22.882223180947992,27.588124158096978,8.800454183976493,163.67797993022654,20.187499523162842,21.100000381469727,100.0,24.0,76.0,19.559804169224854,19.76831926727295,0.0,0.0,56.00150988228083,0.6312367080809698,0.8077573562687537,0.8379501821103946,8.97374605306104,53.61397951222982,57.692299227743995,74.64648161614826,-42.307700772256005,0.8317645577823427,6.493506493506493,0.9013063401008466,-0.030842078926285793,0.9321484190271324,26.16279656635474,13.531007565551754,12.631789000802986,20.02807386204899,-3.529411764705881,-3.593200922606332,331.57894736842104
2022-09-12 00:00:00+05:30,20.700000762939453,20.899999618530273,20.299999237060547,20.5,2931195,0.0,0.0,-676092886.2033521,887528922,0.010184341237804016,303113.17067045806,-7.164325894264481,2.570530145021585,132263496.9904544,20.178650687802598,61.24916546219498,458.7707970043179,19.799999904632568,20.944552135536576,18.65544767372856,11.561133701179656,0.8057964837544144,0.0,0.0,20.131666628519696,20.94166704813639,19.321666208902993,8.047027944216056,0.7273661609055752,0.0,0.0,19.0,21.600000381469727,20.300000190734863,13.131315121175376,0.5769229922774399,0.7649833395352008,2.5045040402723653,0.19571197829289844,0.03474008015933855,0.1609718981335599,20.108333110809326,19.711538314819336,20.190432694533225,19.994720716240327,1.0995473285479904,0.8506788345673557,0.2488684939806347,0.022195595861323546,25.997667028865465,0.24999933242797923,12.327958941958833,-15.35726668322701,27.685225625185844,20.375,20.25,20.3125,20.59999942779541,99.9999961475399,24.93568429079175,25.955741906768797,8.279733560449296,108.73026247707936,20.09999942779541,21.074999809265137,96.0,20.0,76.0,19.76382379044934,19.76831926727295,0.0,0.0,56.00150988228083,0.6312367080809698,0.7541578053873131,0.8049872522290938,9.615179359165117,52.724606519986416,57.692299227743995,71.07023928739541,-42.307700772256005,0.9219114864573754,7.329840788320157,0.9788182644328468,0.17108998974554074,0.807728274687306,22.15787958576095,15.256381969593594,6.9014976161673545,20.040093719646215,0.0,0.0,331.57894736842104
2022-09-13 00:00:00+05:30,20.5,20.75,20.25,20.350000381469727,2686294,0.0,0.0,-677704658.5043927,884842628,-0.03129178811325447,202247.99268036944,-1.8612897135497855,2.5471335946659286,132243841.23068562,20.225121772557678,59.490562981662244,455.41394605097753,19.839999961853028,21.0025832187012,18.677416705004855,11.719589305277287,0.7193393103730643,0.0,0.0,20.233333269755043,21.043333689371742,19.423332850138344,8.006593958766988,0.5720166983184352,0.0,0.0,19.0,21.600000381469727,20.300000190734863,13.10484065760497,0.5192308397688,0.7384850055816807,2.5834882500571563,0.19394384096699113,0.06658083232086907,0.12736300864612204,20.133333206176758,19.73269220498892,20.214981569446532,20.02103772847954,1.0888888587480812,0.8488890418534879,0.23999981689459327,0.04754343323226288,26.04552617011313,0.05999965667724538,19.136215050039052,-9.22590705585274,28.362122105891793,20.375,20.25,20.3125,20.59999942779541,99.99999807376994,26.67704710761489,24.646963058307236,8.366467687876082,80.8115047928665,20.09999942779541,21.050000190734863,92.0,16.0,76.0,19.947441449551377,19.76831926727295,0.0,0.0,54.07188981118762,0.5613548741762868,0.6079427634460756,0.7232859750340473,9.475248357494147,51.66226944258803,51.92308397688,55.769227477455985,-48.07691602312,0.9349998418022629,1.4962651163330503,0.9687002422012808,0.3306120402366888,0.638088201964592,18.213062705851826,15.847718116845241,2.3653445890065843,20.056534259166916,-0.7317054562452352,-0.7343955510317635,328.4210606625206
2022-09-14 00:00:00+05:30,20.0,20.5,19.950000762939453,20.299999237060547,2874194,0.0,0.0,-676920798.2870656,881968434,-0.0050714708986560495,152824.99526117413,-5.262330252710562,2.2021941974418566,132236779.167464,20.272942476061367,58.26936681054797,455.41394605097753,19.88249988555908,21.047092023026643,18.71790774809152,11.714745571943094,0.6792470248036062,0.0,0.0,20.31333325703939,21.1333335240682,19.49333299001058,8.073517592142558,0.49186950266055607,0.0,0.0,19.0,21.600000381469727,20.300000190734863,13.076828348723597,0.49999963320223983,0.7196364287295673,2.685001570764053,0.18635966668793458,0.09053659919428217,0.09582306749365241,20.166666507720947,19.75961523789626,20.22806121061792,20.041701543929985,1.0655021681301609,0.8733625748967325,0.19213959323342833,0.06779230364773536,26.11055365253728,-0.4825002670288079,25.358074686544906,-2.5443788449564932,27.9024535315014,20.550000190734863,20.25,20.40000009536743,20.59999942779541,99.99999903688497,27.33600330439345,23.257724561034426,10.969366006840202,48.28996717157399,20.09999942779541,21.050000190734863,88.0,12.0,76.0,19.947441449551377,21.600000381469727,0.0,1.0,53.41122814399004,0.38230950448348394,0.5249670289135803,0.6290225325823228,9.157999058837223,47.54266504809009,49.99996332022398,53.20511550828265,-50.00003667977602,0.9051468568689707,2.0100483728542686,0.9298595045907028,0.4504615331074916,0.47939797148321117,15.338284320512102,15.745831357578615,-0.40754703706651263,20.068248936773685,-0.24570586472670852,-0.24600821695281994,327.3684049907484
2022-09-15 00:00:00+05:30,20.399999618530273,20.5,19.950000762939453,20.100000381469727,2298140,0.0,0.0,-677965408.8270195,879670294,-0.013099105094528756,65332.08593993673,0.0,1.4782542889756394,132214137.52277131,20.314003177486708,52.13091620609745,450.9271346493292,19.917499923706053,21.063918184018494,18.771081663393613,11.511668278687523,0.5795959311193871,0.0,0.0,20.378333282470702,21.173333358764648,19.583333206176757,7.802405282848119,0.3249478778049423,0.0,0.0,19.0,21.600000381469727,20.300000190734863,13.05384908461917,0.42307700772256,0.7026727095626653,3.049782731043973,0.16233956825477946,0.10489719300638164,0.05744237524839782,20.22499990463257,19.782692175645096,20.20835954459512,20.04601997634034,1.068493133982064,0.9315068660179361,0.13698626796412794,0.08163214621426322,26.17197479186821,-0.5175003051757798,31.16556690818611,4.602339342625602,26.56322756556051,20.550000190734863,20.25,20.40000009536743,20.59999942779541,99.99999951844248,27.94789120140212,21.926742519871652,10.341616326525115,35.016886566218886,20.09999942779541,21.050000190734863,84.0,8.0,76.0,19.947441449551377,21.56700038909912,0.0,0.0,50.74070522743785,0.2531634578674502,0.3989426121757404,0.5106174681784653,8.074816037177289,45.2413129808334,38.77552926961805,46.89952552224067,-61.22447073038195,0.7529411596410398,3.6082514263084535,0.8098344132470363,0.5223361091354006,0.2874983041116357,11.494217672423877,14.895508620547668,-3.4012909481237905,20.069112056470395,-0.9852160744208027,-0.9901014420893528,323.1579027677837
2022-09-16 00:00:00+05:30,20.200000762939453,20.200000762939453,19.350000381469727,19.649999618530273,2120737,0.0,0.0,-678589159.4823639,877549557,-0.018834929605564363,-80334.39319347235,-18.036183154095507,-1.350593127462108,132166658.25660802,20.30004012618553,46.44407743263924,440.83173411344814,19.927499866485597,21.060846689724517,18.794153043246677,11.374701601629432,0.37757487722854627,0.0,0.0,20.379999987284343,21.210000101725264,19.549999872843426,8.145241559948769,0.060240802348688074,0.0,0.0,19.0,21.600000381469727,20.300000190734863,13.047298451334836,0.24999981660111992,0.7174054767533714,3.6483736028121148,0.10577288248714467,0.10507233090253426,0.0007005515846104093,20.2458332379659,19.79230756026048,20.122458017508222,20.016685135021078,0.944700437336491,1.018433246151991,-0.07373280881549993,0.08597803057752795,26.312437966758743,-0.4274998664855971,32.00603471295536,10.965731123374493,21.04030358958087,20.475000381469727,20.25,20.362500190734863,20.300000190734863,49.99999975922124,26.84225892925978,20.019924991077527,15.580850296786602,-28.142990704413503,19.949999809265137,21.050000190734863,80.0,4.0,76.0,19.947441449551377,21.534660396575926,0.0,0.0,45.25761005858775,0.0,0.21182432078364477,0.3785779872909884,5.375672061010133,44.18224078028269,20.408156910127317,36.394549833323104,-79.59184308987268,0.5002942421857064,1.288659819153851,0.5284235715037803,0.5235536016090766,0.004869969894703674,7.817385287061422,13.479883953850418,-5.662498666788996,20.067367571817158,-2.2388097233784654,-2.2642515141570563,313.68420249537417
2022-09-19 00:00:00+05:30,19.649999618530273,20.100000381469727,19.049999237060547,19.25,2700426,0.0,0.0,-680260848.9650043,874849131,-0.03173495656190913,-223167.96129000944,-7.776588951859257,-0.518992078666658,132111687.80414803,20.28854515653278,45.74757629664337,440.83173411344814,19.924999904632568,21.064078404271868,18.785921404993267,11.433661280715631,0.2037079073802584,0.0,0.0,20.303333282470703,21.128333473205565,19.47833309173584,8.126746276160898,-0.1383836599676756,0.0,1.0,19.0,21.600000381469727,20.300000190734863,13.04893547761185,0.09615383204623999,0.7506650435189522,4.345936203315444,0.0283400635843023,0.08972587743888788,-0.06138581385458558,20.22499990463257,19.796153728778545,19.98823370712234,19.959893643538038,0.9776784102528121,0.9553571611034553,0.022321249149356848,0.07967790339365477,26.4631943654992,-0.2750002861022942,27.88256202517656,16.11658894196256,11.765973083214,20.324999809265137,20.25,20.28749990463257,20.25,24.99999987961062,25.133088929294864,17.944008751488795,16.927884015739206,-66.43358776209494,19.924999713897705,21.050000190734863,76.0,0.0,76.0,19.947441449551377,21.447273995971678,0.0,0.0,41.01491240647122,0.0,0.08438781928915014,0.23171825074951166,1.6815589258925976,35.446914981885975,7.843163654179149,22.34228327797483,-92.15683634582085,0.283529623816996,-1.282051282051282,0.141985043058971,0.4472398898990555,-0.3052548468400845,6.33893212704305,12.051693588488947,-5.712761461445897,19.990244222179378,-2.035621507865415,-2.05662581682593,305.2631578947368
2022-09-20 00:00:00+05:30,19.5,19.950000762939453,19.350000381469727,19.549999237060547,2083265,0.0,0.0,-680955279.4616935,876932396,-0.03554344451630028,-102004.26530644523,2.1600941970508987,-0.4040919628364311,132144154.189114,20.295397012599906,45.81774522947682,447.70182158909034,19.942499828338622,21.046707774364364,18.83829188231288,11.073917066872871,0.3222705276253621,0.0,0.0,20.23333333333333,21.008333524068195,19.45833314259847,7.6606279150068834,0.05913940122721685,0.0,0.0,19.0,21.600000381469727,20.300000190734863,13.037484788015806,0.21153813706351984,0.7455986154610024,4.7652795215442465,-0.008718075489547061,0.0700370868532009,-0.07875516234274796,20.21666653951009,19.815384498009315,19.920813019420528,19.929531094910075,0.9912663457213773,0.9606986390364978,0.030567706684879514,0.06934200364365087,26.500410459490503,0.6575005531311042,28.060980106833977,20.431354427805882,7.629625679028095,20.324999809265137,20.300000190734863,20.3125,20.25,12.49999993980531,23.54600250075601,16.700709355419193,15.754989582561969,-49.93937983236899,19.899999618530273,21.050000190734863,72.0,20.0,52.0,19.947441449551377,21.30343751043701,0.0,0.0,45.16674426349067,0.16495739862651826,0.05498579954217283,0.1170659798716558,-0.09583774469232888,38.627751622276044,19.607834337495838,15.953051633934093,-80.39216566250415,0.1098532396204348,-0.5089078036186044,-0.04374450882978187,0.34904301015328804,-0.3927875189830699,3.3947870115007004,10.320312273091298,-6.9255252615905984,19.973973552571138,1.5584375951197327,1.5464186672544677,311.57893130653787
2022-09-21 00:00:00+05:30,19.700000762939453,19.799999237060547,19.350000381469727,19.399999618530273,1149973,0.0,0.0,-681849706.1556269,875782423,-0.059070590039301187,-112074.44330839794,-2.9348739049692747,-0.7980724702225823,132135330.8889579,20.3152231077723,41.93157698166024,444.26677785126924,19.949999809265137,21.037198173083542,18.86280144544673,10.899231821681434,0.24705619092215186,0.0,0.0,20.156666628519694,20.891666666666666,19.42166659037272,7.292872891066428,-0.014739435862528254,0.0,1.0,19.0,21.600000381469727,20.300000190734863,13.032583490362942,0.1538459845548799,0.7160386394739842,5.252061194944942,-0.04961866028213535,0.04610593742613365,-0.095724597708269,20.116666475931805,19.809615281911995,19.840687880822028,19.890306541104163,1.0,0.9954955651575934,0.0045044348424065905,0.055145339055084376,26.461752153513437,0.3000001907348633,26.739106521708116,23.25429544999133,3.4848110717167877,20.324999809265137,20.300000190734863,20.3125,20.25,6.249999969902655,22.072279388541364,15.936274247448726,15.03384253986397,-68.92234796064285,19.899999618530273,21.050000190734863,68.0,16.0,52.0,19.947441449551377,21.168231214034424,0.0,0.0,43.51738594306012,0.09942635900090456,0.08812791920914102,0.07583384601348789,-2.0532938074224507,36.94700745690901,13.725498995837494,13.725498995837484,-86.2745010041625,-0.006911586312686069,-5.8252463141645725,-0.24946151623956264,0.22934210487471793,-0.47880362111428054,-1.8394666223493426,7.888356494003171,-9.727823116352514,19.94519726521406,-0.7672615058005872,-0.7702201000443498,308.4210446006374
2022-09-22 00:00:00+05:30,19.399999618530273,19.700000762939453,19.149999618530273,19.350000381469727,1826808,0.0,0.0,-682347924.2155591,873955615,-0.053044707527764696,-109112.23801521304,-4.516071850604485,-1.4169908086571446,132130622.69266656,20.309966881585233,37.13778161036583,444.26677785126924,19.962499809265136,21.015531309036096,18.909468309494176,10.550096529315624,0.2091732640815438,0.0,0.0,19.998333358764647,20.698333549499512,19.298333168029785,7.000585280553645,0.03690514240124771,0.0,0.0,19.0,21.600000381469727,20.300000190734863,13.024422824354872,0.13461551158384005,0.6994348899675037,5.7454490826008735,-0.08508636630643807,0.01986747667961931,-0.10495384298605738,20.041666507720947,19.80576911339393,19.765197496306286,19.850283862612724,0.9506725582908656,1.0089684702538382,-0.05829591196297257,0.038382006718931216,26.461049489750177,0.33749942779541087,22.14350677291007,24.980000636257003,-2.8364938633469343,19.97499942779541,20.300000190734863,20.137499809265137,20.25,3.1249999849513275,20.773210616803873,15.03070449018856,16.245899574909547,-90.9090569231569,19.84999990463257,21.050000190734863,64.0,12.0,52.0,19.947441449551377,21.041137295415993,0.0,0.0,42.95431779423056,0.07705496722034916,0.11381290828259073,0.08564220901130142,-3.801496464396258,38.08203481586202,11.764745481268722,15.032692938200675,-88.23525451873128,-0.1566175236421472,-4.444442560643325,-0.42864055192024275,0.09774557351572581,-0.5263861254359685,-4.073875304183513,5.495910134365834,-9.569785438549347,19.782921922237595,-0.25772803115310383,-0.2580607215906028,307.3684290835732
2022-09-23 00:00:00+05:30,19.450000762939453,19.600000381469727,19.0,19.200000762939453,2014446,0.0,0.0,-683019401.9463942,871941169,-0.1293020703310604,-136691.36566301621,-3.7231103580694556,-2.2944557650258846,132115006.87222248,20.266720481043922,29.643298415048108,444.26677785126924,19.919999885559083,21.022905182765694,18.81709458835247,11.073346421112758,0.17358977944742357,0.0,0.0,19.845000076293946,20.475000190734864,19.214999961853028,6.3492074781444945,-0.011904123959473954,0.0,1.0,19.0,21.600000381469727,20.300000190734863,13.052210825335322,0.07692335907520015,0.6894914391177259,6.297438634213258,-0.1238705914070195,-0.008880136937708453,-0.11499045446931105,19.949999968210857,19.79807684971736,19.67824415271139,19.80211474411841,0.934272250020551,1.075117275039047,-0.14084502501849594,0.019073128097070475,26.51524860178619,1.3300001144409173,16.962145544703453,25.494910258784177,-8.532764714080724,19.875,20.300000190734863,20.08750009536743,20.25,1.5624999924756637,19.91471767012295,14.090070032921394,16.793733760108882,-103.00794663151026,19.84999990463257,21.050000190734863,60.0,8.0,52.0,19.947441449551377,20.921669011914666,0.0,0.0,41.230740528505116,0.008575117390885153,0.06168548120404637,0.08787543623192594,-5.7670679404491265,34.05589444388358,7.692335907520015,11.060860128208736,-92.30766409247998,-0.23691171758315122,-5.418711898830467,-0.6255422363099443,-0.04691198844940821,-0.5786302478605361,-5.244980219614993,3.3477320635696692,-8.592712283184662,19.650560517429586,-0.7751918117475554,-0.7782120419823624,304.2105423776727
2022-09-26 00:00:00+05:30,19.149999618530273,19.299999237060547,18.5,18.700000762939453,2684246,0.0,0.0,-684361518.546647,869256923,-0.1167588018931805,-308895.8848540139,-11.921416762377742,-3.7748146593806733,132045104.63541682,20.16759337909869,21.290525376901513,444.26677785126924,19.85999994277954,21.08458137811755,18.635418507441532,12.332139364212116,0.026369114227219666,0.0,0.0,19.671666781107582,20.321666781107588,19.021666781107587,6.608489328664839,-0.24743539859087227,0.0,1.0,18.5,21.600000381469727,20.050000190734863,15.60926681974532,0.0645163672027136,0.700542218912008,7.052463979747774,-0.1927315017689324,-0.04565040990395324,-0.14708109186497914,19.737500031789143,19.769230695871208,19.527745169669554,19.720476671438487,0.8550724958176553,1.135265633713218,-0.28019313789556277,-0.0060667396352405215,26.599688535329225,0.6400000572204583,7.38045329717851,24.18871450846634,-16.808261211287828,19.5,20.050000190734863,19.77500009536743,20.050000190734863,0.7812499962378319,20.120395226289855,12.928335520327739,20.56224705020964,-143.83487416438365,19.824999809265137,20.850000381469727,56.00000000000001,100.0,-43.99999999999999,19.947441449551377,20.76793549096149,0.0,0.0,36.03954106574744,0.0,0.028543361537078177,0.06801391700790498,-9.150104103098581,33.353867271853765,6.4516367202713605,8.63623936968669,-93.54836327972863,-0.3469117445104253,-11.99999640969669,-0.9773166489837886,-0.2329929205562843,-0.7443237284275043,-3.9167411046052787,1.8948374299346797,-5.811578534539958,19.39734145106788,-2.604166563186383,-2.6386754110723665,293.684226588199
2022-09-27 00:00:00+05:30,18.700000762939453,19.0,17.950000762939453,18.200000762939453,2824609,0.0,0.0,-685841074.6645575,866432314,-0.13374578401293982,-466525.68701772625,-15.798606981174695,-4.7524439759131365,131969580.3336853,20.034555833676638,21.534596145836716,444.26677785126924,19.8,21.212090335280426,18.387909664719576,14.263538740206311,-0.06653572263944652,0.0,1.0,19.46500015258789,20.170000076293945,18.760000228881836,7.243770030100147,-0.39716278478341444,0.0,1.0,17.950000762939453,21.600000381469727,19.77500057220459,18.434341507728654,0.06849315784330581,0.7354879207268619,8.018761193305208,-0.2843720269611012,-0.09339473331538284,-0.19097729364571836,19.545833428700764,19.726923062251164,19.323476799403384,19.607848826364485,0.8009478527324528,1.1421800793637737,-0.3412322266313209,-0.038947226301931336,26.702881468446094,0.6999999999999993,-2.9191390326445195,21.046801873000852,-23.965940905645372,19.225000381469727,19.77500057220459,19.500000476837158,19.77500057220459,0.39062499811891593,21.161601744853247,11.578919481584883,23.883372538283393,-180.1607719212064,19.774999618530273,20.800000190734863,52.0,100.0,-48.0,19.947441449551377,20.54114194186534,0.0,0.0,31.73637083638289,0.0,0.002858372463628458,0.03102907173491756,-13.5434240791423,31.2996842230119,6.849315784330581,6.997762804040643,-93.15068421566941,-0.5488235473632805,-11.219508473466082,-1.4502969167058137,-0.4764537197861902,-0.9738431969196235,-2.3891096172459125,1.0380480204985614,-3.427157637744474,19.054262758175422,-2.673796682355889,-2.7101928656942054,283.15791079872537
2022-09-28 00:00:00+05:30,18.100000381469727,18.450000762939453,17.950000762939453,18.0,2614261,0.0,0.0,-687932491.4426489,863818053,-0.15656768927793752,-474572.6166613165,-5.259605267612405,-5.7073756295674,131940852.08244327,19.734493292982123,5.636152469523381,439.384706928512,19.730000019073486,21.33947169159163,18.120528346555343,16.31496878826383,-0.03744345073398119,0.0,1.0,19.253333536783856,19.953333536783852,18.553333536783853,7.271468067206503,-0.39523824055989554,0.0,1.0,17.950000762939453,21.600000381469727,19.77500057220459,18.49974462747961,0.01369842254413161,0.7119391286541756,8.655833848000688,-0.36888392918989155,-0.14849257249028458,-0.22039135669960697,19.33750009536743,19.680769186753494,19.119864984110556,19.488748913300448,0.7462687615235634,1.2736316198512267,-0.5273628583276634,-0.07752260216557405,26.77834590069835,0.6200003623962402,-13.804816529054008,16.05009260219639,-29.8549091312504,19.075000762939453,19.77500057220459,19.42500066757202,19.77500057220459,0.19531249905945797,22.128436369233544,10.990629406535664,22.669930209288808,-182.82546443057183,19.774999618530273,20.800000190734863,48.0,96.0,-48.0,19.947441449551377,20.230205000394236,0.0,0.0,30.183874470691094,0.0,0.0,0.010467244666902102,-17.647661084116724,29.09892054159545,1.369842254413161,4.890264919671691,-98.63015774558684,-0.7907351493835435,-12.195121951219512,-1.8928045655005596,-0.7597238889290642,-1.1330806765714954,-1.8435396389788934,0.4617304886030705,-2.305270127581964,18.74446229138881,-1.0989052448102776,-1.104987810633462,278.9473684210526
2022-09-29 00:00:00+05:30,18.25,18.299999237060547,17.75,17.899999618530273,1760582,0.0,0.0,-688732757.0982021,862057471,-0.1668930689952579,-431927.795939519,-5.466970348996606,-6.254377088802383,131931071.03402056,19.445723792529034,6.452660994205374,436.94367146713336,19.65,21.445549872288215,17.854450127711782,18.275316766292278,0.012683994892451408,0.0,0.0,19.033333460489906,19.73333346048991,18.333333460489907,7.355516588337895,-0.30952417282830935,0.0,1.0,17.75,21.600000381469727,19.675000190734863,19.592877259387922,0.03896093601762489,0.6957451394948128,9.24788920785998,-0.4388703909486118,-0.20656813618195002,-0.23230225476666178,19.13333336512248,19.628846095158504,18.9321933894059,19.37106378035451,0.7150537810831198,1.3440861317694988,-0.629032350686379,-0.11914747318435047,26.827399949366516,0.6499992370605483,-27.480834055830243,9.440440516775768,-36.92127457260601,18.925000190734863,19.675000190734863,19.300000190734863,19.675000190734863,0.09765624952972898,23.310981107164427,10.366692777940406,23.447330898365234,-170.06052983142058,19.737499713897705,20.75,44.0,100.0,-56.0,19.947441449551377,19.95658049189966,0.0,0.0,29.409213930667548,0.0,0.0,0.000952790821209375,-21.222839237461024,28.174521665191524,4.761893228427128,4.327017089056947,-95.23810677157287,-1.0376470285303476,-12.039315562717979,-2.265597779889092,-1.0608986671210698,-1.2046991127680222,-4.15212579901314,-0.4610407689201716,-3.6910850300929683,18.500369450236565,-0.5555576748318192,-0.5571066360613219,276.84209723221625
2022-09-30 00:00:00+05:30,17.899999618530273,18.350000381469727,17.799999237060547,18.049999237060547,1271430,0.0,0.0,-688848344.04867,863328901,-0.15529546382448467,-342978.9658070241,2.1629316694471634,-5.588144405680123,131941725.44849275,19.282696547644203,10.710640645799401,440.60520137976187,19.569999980926514,21.496239794643525,17.643760167209503,19.685639403110677,0.1054487263107534,0.0,0.0,18.86666673024495,19.536666806538896,18.196666653951006,7.102474283068512,-0.10945328372329347,0.0,1.0,17.75,21.600000381469727,19.675000190734863,19.672970798273113,0.07792187203524978,0.6811707399862494,9.682870451239566,-0.4767359353959222,-0.2606016960247445,-0.2161342393711777,18.94583336512248,19.588461435758152,18.796471212121997,19.27320714751792,0.7189188776789485,1.2648647411449536,-0.5459458634660052,-0.159399091996702,26.606854039286265,0.5300004005432122,-36.911634194855665,2.241085381216632,-39.1527195760723,18.850000381469727,19.675000190734863,19.262500286102295,19.675000190734863,0.04882812476486449,24.248866061416724,10.29319989259818,22.096421998807617,-137.1512909291898,19.687499523162842,20.600000381469727,40.0,96.0,-56.0,19.947441449551377,19.64765922303371,0.0,0.0,32.21927550362899,0.11393984929190044,0.03797994976396689,0.012659983254655519,-23.394767404170615,30.58979808242942,9.999974568684896,5.377236683841719,-90.00002543131511,-1.250294152428122,-11.083744258927378,-2.473568263688372,-1.3434325864345302,-1.1301356772538416,-7.719621099532219,-1.9127568350425812,-5.806864264489638,18.409212904694638,0.8379867135583252,0.834495097522403,279.99998393811677
2022-10-03 00:00:00+05:30,18.25,18.25,17.850000381469727,17.950000762939453,1546065,0.0,0.0,-689621372.8625604,861782836,-0.24683518940512725,-316068.2765334534,-0.6467928499456187,-5.501394629708396,131933160.1217655,19.111610741525006,11.2204364964756,440.60520137976187,19.4375,21.42568363548198,17.44931636451802,20.45719496315865,0.1259150285431398,0.0,0.0,18.721666781107587,19.32666670481364,18.116666857401533,6.463098940705119,-0.1377405913054767,0.0,1.0,17.75,21.600000381469727,19.675000190734863,19.80707591752914,0.05194824496695333,0.6530536278406519,10.10192996099189,-0.5089468706005285,-0.3102707309399013,-0.19867613966062714,18.766666730244953,19.50769226367657,18.666244989170835,19.175191859771363,0.7267759448932563,1.2622950512117919,-0.5355191063185356,-0.19776681406697938,26.240068189470996,0.21249961853027344,-46.442690687979805,-6.037100262651567,-40.40559042532824,18.774999618530273,19.675000190734863,19.22499990463257,19.675000190734863,0.024414062382432246,25.119759233222428,9.84877778323876,21.14238063397726,-123.68646142794118,19.649999618530273,20.574999809265137,36.0,92.0,-56.0,19.947441449551377,19.38198693180899,0.0,0.0,31.324047630372903,0.0797780420712572,0.06457263045438595,0.0341841934061175,-25.456937321829326,29.84369621019837,7.272755015980113,7.344874271030704,-92.72724498401989,-1.380588144414567,-10.696515312071172,-2.654194410791136,-1.6055849513058515,-1.0486094594852846,-9.651846040310067,-3.460574676096079,-6.191271364213988,18.328079519902357,-0.554008190292743,-0.5555485072897604,277.8947529039885
2022-10-04 00:00:00+05:30,18.149999618530273,18.25,17.850000381469727,18.100000381469727,1141608,0.0,0.0,-689335969.5016563,862924444,-0.24059792726257853,-246452.69924137316,0.0,-5.125513897371927,131942699.99682024,18.952359318796717,15.895499349595283,444.287129475602,19.330000019073488,21.362830307296115,17.29716973085086,21.032905185895213,0.1974662260962296,0.0,0.0,18.56666679382324,19.15166664123535,17.98166694641113,6.301614112089606,0.10113971446494564,0.0,0.0,17.75,21.600000381469727,19.675000190734863,19.917229061928694,0.09090918098457822,0.6277482269096141,10.377541342439217,-0.5164176124239397,-0.351500107236709,-0.1649175051872307,18.637500127156574,19.438461523789627,18.579130434139895,19.095548046563835,0.7555554707845052,1.2388888465033636,-0.48333337571885837,-0.23145239895788353,25.938398257715537,-0.08000001907348775,-56.28424934116739,-15.261917580748847,-41.02233176041854,18.725000381469727,19.675000190734863,19.200000286102295,19.675000190734863,0.012207031191216123,25.928445749899147,9.411181059606319,20.202991331178318,-105.19394579750612,19.825000286102295,20.574999809265137,32.0,88.0,-56.0,19.947441449551377,19.15350876135573,0.0,0.0,34.27413969532303,0.22806308743130663,0.14059365959815484,0.08104874660550244,-26.39224135209753,31.157252779383647,12.727286598899148,10.000005394521377,-87.27271340110086,-1.42147056355196,-7.888036982956844,-2.7043874895063142,-1.8253454589459444,-0.8790420305603699,-12.750053446341719,-5.318470430145208,-7.431583016196511,18.273222077789114,0.8356524354025119,0.8321801909577431,281.052639609889
2022-10-06 00:00:00+05:30,18.200000762939453,18.450000762939453,18.0,18.149999618530273,2370760,0.0,0.0,-690126229.5340388,865295204,-0.2625396527690554,-194311.42917065386,3.3217288694443257,-4.8882475495544755,131949248.95752496,18.788263152770213,24.162934913836196,444.287129475602,19.222500038146972,21.266142494545797,17.178857581748147,21.263024604949663,0.23760076860347926,0.0,0.0,18.43500016530355,19.020000203450522,17.850000127156576,6.346623627896671,0.25640980496682164,0.0,0.0,17.75,21.600000381469727,19.675000190734863,20.028614248039624,0.10389599451872644,0.609973480512598,10.476816539891248,-0.5123971136035621,-0.38367950851007965,-0.12871760509348246,18.545833428700764,19.390384600712704,18.513110308661492,19.025507422265054,0.7696628322536456,1.2191009574459877,-0.44943812519234205,-0.25969048506429193,25.711123920911373,0.32749919891357493,-63.938370104478025,-24.8265705671253,-39.111799537352724,18.675000190734863,19.675000190734863,19.175000190734863,19.675000190734863,0.0061035155956080615,25.95087448408777,11.200719337590849,19.17100271176585,-83.8514298392799,19.825000286102295,20.574999809265137,28.000000000000004,84.0,-56.0,19.947441449551377,18.957017534765928,0.0,0.0,35.27225171191856,0.36994518145101535,0.22592877031785977,0.14369835345680007,-26.904993320461646,31.559214089631418,16.326509957913782,12.108850524264339,-83.67349004208621,-1.3804412449107453,-5.7142876959466316,-2.6932112885668276,-1.9989186248701212,-0.6942926636967064,-10.352805763353308,-6.325337496786828,-4.02746826656648,18.248212864520806,0.27623887296563954,0.2758580345788797,282.1052551269531
2022-10-07 00:00:00+05:30,18.350000381469727,18.350000381469727,17.899999618530273,18.149999618530273,2066076,0.0,0.0,-689896669.4261085,867361280,-0.4027533370599296,-166552.6535748462,-2.1780538545345527,-3.7555240281572644,131949248.95752496,18.668589863238935,24.36520962966314,444.287129475602,19.067500019073485,20.935192359074243,17.199807679072727,19.590322151645257,0.25437592667354436,0.0,0.0,18.30833346048991,18.883333460489908,17.73333346048991,6.281292628199847,0.36231839829596924,0.0,0.0,17.75,21.600000381469727,19.675000190734863,20.1914271803777,0.10389599451872644,0.5939762087552836,10.458356913741117,-0.5034078667943938,-0.4076251801669425,-0.09578268662745126,18.429166793823242,19.34230767763578,18.457247125564383,18.960654992358776,0.8176469651060744,1.2058823067424311,-0.38823534163635676,-0.2826297816208838,25.433667239806155,0.33249959945678853,-71.67969021214199,-34.67566342899701,-37.00402678314498,18.524999618530273,19.675000190734863,19.09999990463257,19.675000190734863,0.0030517577978040307,26.175547897617538,10.616692056384675,19.33010168443709,-79.40834781502734,19.825000286102295,20.574999809265137,24.0,80.0,-56.0,19.947441449551377,18.788035079898698,0.0,0.0,35.27225171191856,0.3720784702561055,0.32336224637947586,0.22996155876516342,-27.332770680900943,35.20344132035786,17.02125759997143,15.358351385594778,-82.97874240002857,-1.3207352750441608,-7.161123647904405,-2.6550130625617587,-2.130137512408449,-0.5248755501533098,-9.528143389926834,-6.965898675414829,-2.562244714512005,18.228779704596786,0.0,0.0,282.1052551269531
2022-10-10 00:00:00+05:30,18.149999618530273,18.200000762939453,17.850000381469727,17.950000762939453,1419101,0.0,0.0,-690504853.3594004,865942179,-0.3630838882106568,-183304.9282024094,-2.4663387507406402,-3.3762204423630773,131933611.57009064,18.552655302938653,25.690834215403086,439.39143144163995,18.94000005722046,20.746266757967764,17.133733356473154,19.073565948155373,0.22595428629907902,0.0,0.0,18.18166681925456,18.731666819254556,17.631666819254555,6.05005036631235,0.289394494258998,0.0,0.0,17.75,20.899999618530273,19.324999809265137,16.63146572868887,0.0634923133840789,0.5695786260267279,10.384328761488991,-0.5065824924834033,-0.4274166426302347,-0.07916584985316855,18.30833355585734,19.28269232236422,18.379209223622087,18.88579171610549,0.8333334555992534,1.2307690990982398,-0.3974356434989864,-0.3025366236114241,25.19440804429042,0.4100003242492676,-77.82075003837039,-44.142463799613566,-33.678286238756826,18.375,19.675000190734863,19.02500009536743,19.675000190734863,0.0015258788989020154,26.487534386035602,10.172417593270398,19.11900050029437,-81.22908685138505,19.825000286102295,20.574999809265137,20.0,76.0,-56.0,19.947441449551377,18.64271016871288,0.0,0.0,32.95088582045804,0.22476059477500407,0.3222614154940417,0.2905174773971257,-28.318603017893224,37.547518071310535,9.090940617321841,14.146236058402343,-90.90905938267817,-1.290293945985681,-7.47422105207583,-2.682347132163901,-2.2405794363595395,-0.4417676958043617,-11.322126408064955,-7.837144221944856,-3.4849821861200994,18.172198769201106,-1.1019220925306827,-1.1080382255366228,277.8947529039885
2022-10-11 00:00:00+05:30,17.950000762939453,18.100000381469727,17.850000381469727,17.899999618530273,1405702,0.0,0.0,-691348283.1391245,864536477,-0.37336940108902766,-167159.46827324704,-0.8892388062132529,-3.5940299425962317,131929695.87617917,18.43524993121679,18.0309635558298,438.167471916188,18.810000038146974,20.520146111613464,17.099853964680484,18.183371291847813,0.23394073356198244,0.0,0.0,18.09333349863688,18.588333574930825,17.598333422342936,5.471629385831385,0.3047132825169504,0.0,0.0,17.75,20.75,19.25,15.948963285039621,0.04999987284342448,0.5376207634240552,10.36981576083345,-0.5072854102554913,-0.4433903961552861,-0.06389501410020526,18.18750015894572,19.215384630056526,18.305484668992577,18.812770079248068,0.7959183779389062,1.2517007191093228,-0.4557823411704166,-0.3195383976239706,24.788690619517965,0.39000072479247905,-80.86361010323661,-52.8029605852349,-28.06064951800171,18.100000381469727,19.675000190734863,18.887500286102295,19.675000190734863,0.0007629394494510077,26.777236125280947,9.855181260432017,18.522756632930818,-78.28733559908261,19.825000286102295,20.574999809265137,16.0,72.0,-56.0,19.947441449551377,18.51773074509308,0.0,0.0,32.377183511357856,0.21037236986359775,0.2690704782982358,0.3048980467239177,-29.304725614858246,37.50305981808997,7.317057285609282,11.143085167634176,-92.68294271439072,-1.2670586361604599,-7.493543846789932,-2.6964950303361555,-2.331762555154863,-0.3647324751812926,-12.776155030489667,-8.824946383653819,-3.9512086468358483,18.131712770554927,-0.27855789573232315,-0.2789465902326427,276.84209723221625
2022-10-12 00:00:00+05:30,17.850000381469727,18.0,17.399999618530273,17.700000762939453,1773085,0.0,0.0,-691348277.5026426,862763392,-0.34155572508717735,-193938.82578639028,-9.305839721567043,-4.049098929496072,131909884.98352987,18.33991398214912,17.702005242245065,438.167471916188,18.67750005722046,20.298140078791,17.05686003564992,17.353928701438008,0.19842183295778265,0.0,0.0,18.025000127156577,18.47500031789144,17.57499993642171,4.9930672683534745,0.13888974837278548,0.0,0.0,17.399999618530273,20.5,18.949999809265137,16.59751236499828,0.09677455080407041,0.5438587252286223,10.359200968726523,-0.5180094236539112,-0.45831420165501113,-0.059695221998900094,18.06250015894572,19.10384618318998,18.212333298830558,18.73034272248447,0.7399999643961679,1.2399998372396248,-0.4999998728434569,-0.33531528566569485,24.41066715778839,0.02250070571899343,-84.26941991266139,-60.632360961191274,-23.637058951470117,17.925000190734863,19.5,18.71250009536743,19.5,0.00038146972472550384,27.917511148914958,9.120069940183638,22.735476648909188,-92.1313684023557,19.825000286102295,20.574999809265137,12.0,100.0,-88.0,19.947441449551377,18.410248440780048,0.0,0.0,30.118356256642542,0.052354144576375064,0.16249570307165903,0.2512758656213121,-30.77888581021508,38.891102657792395,13.043521527735738,9.817173143555612,-86.95647847226427,-1.2929410653955813,-7.8124996895591545,-2.7656163655354637,-2.418533317230983,-0.3470830483044809,-12.30680546081957,-9.52131819908697,-2.7854872617326,18.088763793625606,-1.1173120662180347,-1.1236008851844836,272.6315950092516
2022-10-13 00:00:00+05:30,17.700000762939453,17.899999618530273,16.850000381469727,17.0,3372035,0.0,0.0,-693756875.6813232,859391357,-0.41628785233711735,-503437.14676812576,-10.119988427558338,-4.449378684992776,131776527.52754597,18.141364555805396,16.917364236511375,438.167471916188,18.512500095367432,20.110584792919084,16.91441539781578,17.26492574551351,0.026777242256101855,0.0,0.0,17.936666742960615,18.441666857401533,17.431666628519697,5.630924872249291,-0.42739260465078477,0.0,1.0,16.850000381469727,20.5,18.675000190734863,19.716405670369987,0.04109579019371871,0.5944727764118147,10.534743555004797,-0.576348703859761,-0.4819211020959612,-0.09442760176379983,17.920833428700764,18.97884618318998,18.025820483625857,18.602169187485618,0.7125000953674316,1.2250001430511475,-0.5125000476837158,-0.3560702384830955,24.271106950516984,-0.3124993324279792,-89.77430254356142,-67.55385745982808,-22.22044508373334,17.65000057220459,19.225000381469727,18.437500476837158,19.225000381469727,0.00019073486236275192,29.74423302378649,7.996022497242908,26.389273441847156,-123.5645529376838,19.924999713897705,20.59999942779541,8.0,100.0,-92.0,19.947441449551377,18.248608629220083,0.0,0.0,23.847321071821497,0.0,0.08757550481332432,0.17304722872773962,-34.19824402932314,34.42834790817763,5.454531582919034,8.605036798754675,-94.54546841708097,-1.4099999596090882,-9.09091279989996,-3.098287613938554,-2.5544841765724975,-0.5438034373660563,-5.374516218051414,-8.691957802879859,3.317441584828445,17.89787201338141,-3.9548063998117167,-4.03513386274903,257.89473684210526
2022-10-14 00:00:00+05:30,17.450000762939453,17.450000762939453,16.799999237060547,16.899999618530273,2059449,0.0,0.0,-695182647.1362159,857331908,-0.4282398258370369,-460938.3666037431,-7.89047854400505,-4.747047841131033,131764413.07545082,17.981893377940157,17.040262572408608,435.59000636682066,18.35250005722046,19.92331983606387,16.78168027837705,17.11831929105921,0.03766165340760555,0.0,0.0,17.843333435058593,18.358333778381347,17.32833309173584,5.772467854138521,-0.415857463746511,0.0,1.0,16.799999237060547,20.200000762939453,18.5,18.526094620777496,0.02941186370317181,0.6000256513585238,10.533346481707156,-0.623465279137033,-0.5102299375041756,-0.11323534163285742,17.8125,18.84807696709266,17.852617273611152,18.476082552748185,0.7267080186109812,1.2670806599851818,-0.5403726413742006,-0.3797492807458143,24.15819149270277,-0.3525000572204604,-94.4192030009987,-73.9435873271773,-20.47561567382141,17.625,19.199999809265137,18.41249990463257,19.199999809265137,9.536743118137596e-05,31.500437563988324,7.388899984634404,24.969661015839936,-136.815334698686,19.924999713897705,20.59999942779541,4.0,100.0,-96.0,19.947441449551377,18.0,0.0,0.0,23.107133363228343,0.0,0.01745138152545841,0.08917419647014717,-37.22888164943601,29.809498491464375,4.0000152587890625,7.499356123147936,-95.99998474121094,-1.5394117355346673,-7.142863131392631,-3.374445190732799,-2.718476379404558,-0.6559688113282411,-5.078460272530502,-7.969258296809988,2.890798024279486,17.722916123936045,-0.5882375380572125,-0.5899744699361609,255.78946565326893
2022-10-17 00:00:00+05:30,16.100000381469727,16.100000381469727,16.100000381469727,16.100000381469727,1653124,0.0,0.0,-695182647.1362159,855678784,-0.4175822623035636,-584018.305484134,-0.0,-3.8955180723897653,131686158.7577811,17.78405999105057,17.881120363012442,414.97038029401483,18.17500009536743,19.912670883320654,16.437329307414206,19.12154914811949,-0.09706353133259903,0.0,1.0,17.64666684468587,18.10666707356771,17.186666615804036,5.213451729218335,-1.1811583626553455,0.0,1.0,16.100000381469727,20.100000381469727,18.100000381469727,22.008252979429408,0.0,0.6200230099287262,10.496447193150635,-0.7170925603974219,-0.5516024620828248,-0.16549009831459705,17.65416669845581,18.65000005868765,17.582983905589394,18.300076465986816,0.7763974051532525,1.298136556191312,-0.5217391510380596,-0.4119136580255615,23.794222395236453,-0.2750004768371568,-103.38857356922844,-80.27090764731605,-23.11766592191239,17.27500057220459,18.850000381469727,18.062500476837158,18.850000381469727,4.768371559068798e-05,33.82901487102135,6.713287796782518,30.68718580930021,-215.02157444082232,20.16249942779541,20.59999942779541,0.0,100.0,-100.0,19.947441449551377,17.899999618530273,0.0,0.0,18.23179910897528,0.0,0.0,0.035008962112927484,-41.866629512021,25.37016092773254,0.0,3.15151561390269,-100.0,-1.8030882442698761,-10.555553436279297,-3.9185222079822237,-2.9584855451200913,-0.9600366628621324,-6.3649623031767115,-7.648399098083334,1.2834367949066223,17.206355643989117,-4.733723403066681,-4.8494303672665495,238.94737645199427
2022-10-18 00:00:00+05:30,15.300000190734863,16.450000762939453,15.300000190734863,15.800000190734863,7370174,0.0,0.0,-696143977.3685375,848308610,-0.3576733464515928,-816451.9198077049,-3.510772189007095,-3.0178155872349373,131548826.23893881,17.28294935849803,15.771435440185442,414.97038029401483,18.002500104904176,19.951211148357164,16.053789061451187,21.649337948590013,-0.06511711204413016,0.0,1.0,17.430000178019206,17.965000502268474,16.89499985376994,6.138844736490031,-1.0233635508273942,0.0,1.0,15.300000190734863,19.950000762939453,17.625000476837158,25.82974889658717,0.10752686848873813,0.6730207661563126,10.365087752561973,-0.8062069120942681,-0.6025233520851135,-0.20368356000915455,17.479166746139526,18.469230835254375,17.308678718688697,18.114885630782965,0.7484660767617489,1.2147238610528537,-0.46625778429110476,-0.4509159288149085,23.770273752590782,0.04749913215637136,-111.76587790459165,-86.43553304325206,-25.330344861339583,16.875000476837158,18.09999990463257,17.487500190734863,18.450000286102295,2.384185779534399e-05,36.5256876116102,5.880851401044886,35.50799410117186,-218.19218521513113,20.3125,20.59999942779541,0.0,100.0,-100.0,19.947441449551377,17.539999771118165,0.0,0.0,16.80029720021375,0.0,0.0,0.005817127175152711,-46.17295494896974,27.17396101588059,15.873012989647338,6.62434274947879,-84.12698701035266,-2.117941157958086,-11.731840628764417,-4.450521678835584,-3.25689277186319,-1.1936289069723944,11.859444807067215,-3.7468303170532242,15.606275124120438,16.745877244481306,-1.8633551778057589,-1.8809343579441418,232.63158296283925
2022-10-19 00:00:00+05:30,15.75,15.75,15.050000190734863,15.050000190734863,5947516,0.0,0.0,-702091493.3685375,842361094,-0.43786521956419183,-1337049.7884066042,-5.5905722057691944,-3.0414560828175645,131266507.44487856,16.881436368746847,14.615671778280927,395.27241944189944,17.77750015258789,19.981921902738108,15.573078402437673,24.80013197839087,-0.11864295288938366,0.0,1.0,17.15166683197021,17.71666717529297,16.58666648864746,6.5882849621310315,-1.3598808532358542,0.0,1.0,15.050000190734863,19.799999237060547,17.424999713897705,26.71916189315414,0.0,0.6807186895406814,10.846632652727848,-0.9266673652801849,-0.6673521547241279,-0.259315210556057,17.229166825612385,18.25961545797495,16.961189714388105,17.88785707966829,0.7202379053412672,1.2202381891728251,-0.5000002838315579,-0.49994742992069374,23.847178370280318,0.1725006103515625,-122.68600138839167,-92.96304763035359,-29.722953758038088,16.700000286102295,17.90000009536743,17.300000190734863,18.325000286102295,1.1920928897671995e-05,39.162779514482494,5.409723571591099,35.33377728502036,-216.77537189492824,20.3125,20.59999942779541,0.0,100.0,-100.0,19.947441449551377,17.091999855041504,0.0,0.0,13.86859815751987,0.0,0.0,0.0,-51.130508965994295,23.91488346131793,0.0,5.291004329882436,-100.0,-2.4580881511463843,-16.620494033961165,-5.180426929581489,-3.64159960340685,-1.5388273261746388,18.884924510106924,0.7795206483788051,18.105403861728117,16.03475804971065,-4.746835385735004,-4.863194823645012,216.8421092786287
2022-10-20 00:00:00+05:30,14.899999618530273,15.800000190734863,14.300000190734863,15.800000190734863,4786859,0.0,0.0,-697304634.3685375,847147953,-0.29773729036174235,-633164.9257770893,-10.967522898603292,-3.4343526935037567,131505055.23255302,16.632370154023054,25.191150789103702,414.97038029401483,17.59750018119812,19.830318044384274,15.364682318011969,25.376534623614155,0.09748172475244153,0.0,0.0,16.86166683832804,17.531667105356853,16.191666571299233,7.947022953932888,-0.29228822721314573,0.0,1.0,14.300000190734863,19.700000762939453,17.000000476837158,30.686179949434912,0.2777777483433884,0.7626468205866133,10.868950737883052,-0.9506558415337629,-0.7240128920860549,-0.22664294944770802,17.050000111262005,18.084615450638992,16.782545172287605,17.73320101382137,0.6898395165576673,1.1764704862380764,-0.4866309696804091,-0.545373779449201,24.175684650951837,0.502500200271605,-129.97564965851024,-99.44037645772784,-30.5352732007824,16.250000476837158,17.40000009536743,16.825000286102295,17.950000286102295,5.9604644488359975e-06,41.94296707864313,4.613642698059001,37.49202053642615,-172.86222276363983,20.3125,20.59999942779541,0.0,100.0,-100.0,19.947441449551377,16.683599922180175,0.0,0.0,27.49430983327747,0.6366068129969972,0.2122022709989991,0.07073409033299961,-50.10882986894109,38.62626364342338,36.144573329616684,17.339195439754665,-63.855426670383316,-2.7907351718229396,-11.977718556110581,-5.360881212550491,-3.985455925235579,-1.3754252873149122,20.602257043574994,4.744067927418043,15.85818911615695,15.990933915875356,4.9833886411623896,4.863194823645012,232.63158296283925
2022-10-21 00:00:00+05:30,16.0,16.549999237060547,15.550000190734863,16.399999618530273,4210887,0.0,0.0,-694357011.4606283,851358840,-0.22119435510119115,-181779.9663073435,23.747931718162473,-1.8925669757383772,131664962.17938918,16.540336871528297,30.15203709451538,430.7287339473557,17.45000014305115,19.587990015402585,15.31201027069971,24.504181717188317,0.2544421191841179,0.0,0.0,16.66500015258789,17.39000024795532,15.940000057220459,8.700871151865504,0.31724103503509615,0.0,0.0,14.300000190734863,19.600000381469727,16.950000286102295,30.37249368072586,0.3962262928719325,0.7863820431605203,10.754078573689004,-0.910753344739824,-0.7613609826168087,-0.1493923621230152,16.908333381017048,17.934615465310905,16.723692010171092,17.634445354910916,0.8265305546510788,1.0969389393546896,-0.2704083847036107,-0.5794825664605825,24.50874411273769,0.6999994754791246,-134.27695269997005,-105.71328786457224,-28.563664835397816,16.200000286102295,17.40000009536743,16.800000190734863,17.950000286102295,2.9802322244179988e-06,42.5098703724312,11.339463018041169,33.90944162990915,-93.5507023094646,20.40000009536743,20.59999942779541,0.0,96.0,-96.0,14.300000190734863,16.683599922180175,1.0,0.0,36.190997814433715,1.0,0.5455356043323324,0.2525792917771104,-45.87391185434596,43.49615430838469,50.60238887340285,28.91565406767317,-49.39761112659715,-2.896911691216861,-9.392269210556847,-5.164627105701363,-4.221290161328736,-0.9433369443726267,20.24346896179743,7.84394813429392,12.399520827503508,16.028073773270197,3.7974646870400086,3.7271359465055554,245.26314986379526
2022-10-24 00:00:00+05:30,16.600000381469727,17.049999237060547,16.5,16.649999618530273,1242323,0.0,0.0,-694921704.5166767,852601163,-0.22239025763135786,-111442.72112058016,32.097078973574654,0.4462810116559281,131683900.03043944,16.490292676219983,33.55696207750918,437.2947208980608,17.32250008583069,19.327861741452264,15.317138430209116,23.153259006324404,0.33232439260638724,0.0,0.0,16.538333384195962,17.28333336512248,15.793333403269452,9.009371907310037,0.5749437833511312,0.0,0.0,14.300000190734863,19.299999237060547,16.799999713897705,28.864188318957147,0.469999975204463,0.7727438006974956,10.533593906638133,-0.8491687293629226,-0.7789225319660316,-0.07024619739689109,16.783333381017048,17.801923128274773,16.712354719149427,17.56152344851235,0.9104475246697963,1.0248757139508777,-0.11442818928108145,-0.6009697314412058,24.665729345095876,0.8274995326995835,-137.5124604672527,-112.00760457168514,-25.504855895567573,16.15000009536743,17.250000476837158,16.700000286102295,17.950000286102295,50.00000149011611,41.943216002198064,15.451258428173384,31.783474758360164,-45.67544544674151,20.40000009536743,20.59999942779541,0.0,92.0,-92.0,14.300000190734863,16.683599922180175,0.0,0.0,39.44989425343274,1.0,0.8788689376656658,0.5455356043323323,-41.42988307352496,46.14003611691373,56.62648442833897,47.7911488771195,-43.37351557166103,-2.66558829756344,-8.264462983616664,-4.8353933065804515,-4.344110790379079,-0.4912825162013723,12.989303557122964,8.87301921885973,4.116284338263235,16.063441677081787,1.5243902793602881,1.5128881945554618,250.52630775853206
2022-10-25 00:00:00+05:30,16.799999237060547,16.799999237060547,16.100000381469727,16.25,1129143,0.0,0.0,-695566929.5276303,851472020,-0.21563468642167247,-160044.72799851565,-20.147979002910223,-0.9928603456948021,131656773.49712928,16.443231876987817,30.589441954784974,426.78915179583356,17.200000047683716,19.152434424605925,15.247565670761505,22.702725250109985,0.256713962089399,0.0,0.0,16.381666692097983,17.171666558583574,15.591666825612387,9.64492662845674,0.416666636487095,0.0,0.0,14.300000190734863,19.0,16.65000009536743,27.325580210670257,0.41489359327655523,0.7654693061868281,10.569398674284958,-0.8231503395416873,-0.7877680934811627,-0.035382246060524536,16.62500007947286,17.671153912177452,16.641223223895672,17.46437356343736,0.8743959371817055,1.0483092691058737,-0.17391333192416825,-0.6161532652582121,24.699997551396343,0.7500007152557373,-142.28676937560436,-118.45397673423437,-23.83279264136999,16.09999990463257,17.200000286102295,16.65000009536743,17.950000286102295,49.997922446152955,41.7948659751958,14.4039235345231,33.50241609535561,-63.0381423669974,20.362500190734863,20.300000190734863,0.0,88.0,-88.0,14.410000152587891,16.683599922180175,0.0,0.0,36.25902519772791,0.8752655438668474,0.9584218479556158,0.7942754633178714,-38.9949705164054,45.529566704011096,46.98794073248152,51.40560467807444,-53.01205926751848,-2.435882559944602,-10.46831767748615,-4.713311568558052,-4.417950946014874,-0.2953606225431784,6.4112295045745284,8.38066127600269,-1.9694317714281624,16.076978534844564,-2.4024001663345507,-2.4317284739611367,242.10526315789474
2022-10-27 00:00:00+05:30,16.5,16.5,15.899999618530273,15.949999809265137,1619908,0.0,0.0,-696916852.002706,849852112,-0.21819854485178491,-206605.86813771783,-9.259791010812444,-1.8915403371417143,131626867.48426941,16.3260470801367,24.788459626894195,426.78915179583356,17.0875,19.05571614320663,15.119283856793368,23.036911698102493,0.21103270475120697,0.0,0.0,16.223333326975503,17.0133331934611,15.433333460489909,9.73905732642522,0.327004073477681,0.0,0.0,14.300000190734863,18.450000762939453,16.375000476837158,24.28676267566695,0.3975902147053802,0.7489224137151179,10.864827708640385,-0.8173165696886144,-0.7936777887226532,-0.02363878096596128,16.458333333333332,17.54423082791842,16.53488116010636,17.352197729794973,0.8428569067092169,1.0952381860642206,-0.25238127935500376,-0.6285469395246074,24.729768747407313,0.8124996185302749,-147.5240022453082,-124.87061003442847,-22.65339221087973,15.875000476837158,17.125000476837158,16.500000476837158,17.950000286102295,37.495843774718814,41.83630912028485,13.555751047139253,33.492465926503286,-73.53345017155264,20.28749990463257,20.25,0.0,84.0,-84.0,14.515600115966798,16.683599922180175,0.0,0.0,34.03550069392651,0.7883456123878223,0.8878703854182232,0.9083870570131681,-37.821970853722924,46.341914876853544,40.74072940304936,48.118384854623265,-59.25927059695064,-2.1560296535491936,-11.142066120708067,-4.710161689116895,-4.476393094635278,-0.23376859448161724,2.1841572935783713,7.141360479517827,-4.957203185939456,16.067207583459886,-1.8461550199068477,-1.863409150319173,235.7894696687397
2022-10-28 00:00:00+05:30,16.0,16.049999237060547,15.550000190734863,15.649999618530273,1840898,0.0,0.0,-698021393.6116989,848011214,-0.20183162967867777,-255986.4228499622,-10.864244852995565,-2.5119825513175007,131592242.421089,16.205675238880765,25.113763521063944,426.78915179583356,16.969999980926513,18.986283688095533,14.953716273757493,23.762919380497685,0.17266502285791985,0.0,0.0,16.07333329518636,16.808333142598467,15.33833344777425,9.145580868807421,0.21201784725084066,0.0,0.0,14.300000190734863,18.450000762939453,16.375000476837158,24.45492384719503,0.32530102208594514,0.7240300769761745,11.22981890312358,-0.8273634424869805,-0.8004149194755186,-0.02694852301146189,16.270833333333332,17.394230842590332,16.39874553832542,17.226108980812402,0.8199050393334222,1.1279622326830117,-0.3080571933495895,-0.6406673024384133,24.766205980859617,0.7300007820129402,-151.6675441127017,-131.23153682461765,-20.436007288084056,15.674999713897705,17.049999713897705,16.362499713897705,17.950000286102295,24.994284864275464,42.174827501272524,12.875350332014524,35.32488120045657,-89.3715705793061,20.3125,20.25,0.0,80.0,-80.0,14.616976080810549,16.683599922180175,0.0,0.0,31.92702348595951,0.7059230017405115,0.7898447193317271,0.8787123175685219,-37.58204989131491,45.20064425674916,34.61536486473599,40.78134500008895,-65.384635135264,-1.8575003455666916,-12.569832670112326,-4.8029618494144755,-4.541706845591118,-0.26125500382335787,-0.6700980994787291,5.579068763718516,-6.249166863197246,16.04253611854052,-1.8808789612686838,-1.8987924661455047,229.47367617958471
2022-10-31 00:00:00+05:30,15.850000381469727,16.0,15.350000381469727,15.5,1567802,0.0,0.0,-698865596.1041707,846443412,-0.20349540503305322,-253012.6055758247,-5.182391805362746,-2.7059863409333653,131577215.60270795,16.11888502831228,25.155072317552737,422.69853125125326,16.85,18.915671834949098,14.784328165050903,24.518360058742992,0.17322979934194935,0.0,0.0,15.929999987284342,16.664999643961586,15.195000330607096,9.227867636709822,0.20748286521094012,0.0,0.0,14.300000190734863,18.450000762939453,16.375000476837158,24.629083514567295,0.2891565406767318,0.7166270311315844,11.582971489039704,-0.8377720623401146,-0.8078863480484378,-0.029885714291676746,16.08749993642171,17.244230857262245,16.260476993967664,17.09824905630778,0.8110596712837699,1.1152074874965359,-0.304147816212766,-0.6526571479703558,24.819134321095266,0.14999999999999858,-156.34778781859944,-137.11589396343666,-19.23189385516278,15.674999713897705,17.000000476837158,16.33750009536743,17.950000286102295,15.618245621690651,42.652995412099855,12.030002389840025,35.02577328038678,-88.50173110707856,20.3125,20.25,0.0,76.0,-76.0,14.714297007060548,16.683599922180175,0.0,0.0,30.896404781037774,0.66563502332622,0.7199678791515179,0.7992276613004892,-37.72046998160137,47.14452491191331,31.578940764028612,35.645011677271306,-68.42105923597138,-1.7773532025954317,-12.429382305710687,-4.899753533716653,-4.6133161832162255,-0.2864373505004272,-3.886508057422066,3.6859533994904,-7.572461456912466,16.009227327954783,-0.9584640395305044,-0.9630868685898797,226.3157894736842
2022-11-01 00:00:00+05:30,15.649999618530273,15.649999618530273,15.300000190734863,15.350000381469727,1650382,0.0,0.0,-700044437.8202041,844793030,-0.22315023530600697,-252233.18626916828,-4.241441417485258,-2.9454293845956516,131561244.20461574,16.02676434266952,25.145764058532166,422.69853125125326,16.715000057220458,18.802127348218562,14.627872766222353,24.97310540057723,0.17299558545421495,0.0,0.0,15.863333288828532,16.633332888285317,15.093333689371743,9.707916809628468,0.16666676987822762,0.0,0.0,14.300000190734863,18.450000762939453,16.375000476837158,24.82800214177621,0.25301205926751846,0.679964270797967,11.936751265866302,-0.8483454854999408,-0.8159781755387385,-0.032367309961202295,15.949999968210856,17.090384703416092,16.12040366896798,16.968749154467922,0.8082189156084217,1.1369864266414351,-0.3287675110330134,-0.6646136431194579,24.79932346688402,0.18499956130981587,-157.51118775867937,-142.1987061694464,-15.31248158923296,15.674999713897705,16.950000286102295,16.3125,17.950000286102295,9.367596106716675,43.138740589865826,11.588784368208247,34.26510398437904,-92.05408738774916,20.137499809265137,20.25,0.0,72.0,-72.0,14.807725096260548,16.683599922180175,0.0,0.0,29.858419748881587,0.62505908736643,0.6655390374777205,0.7251172119869884,-38.151100125753615,36.370285506213044,28.37838499627938,31.524230208347984,-71.62161500372062,-1.886617865281945,-9.705880109001608,-4.999457990552998,-4.69054454468358,-0.30891344586941827,-6.249355708521587,1.698891577888003,-7.94824728640959,15.988140766649947,-0.9677394743888623,-0.9724525040546883,223.15790276778372
2022-11-02 00:00:00+05:30,15.399999618530273,16.100000381469727,15.399999618530273,16.100000381469727,2477761,0.0,0.0,-697566676.8202041,847270791,-0.15547142617188583,49274.518912141444,7.769122064865195,-1.7257892569933486,131682307.44264948,15.944584629887096,30.864520723758133,422.69853125125326,16.622500038146974,18.645486663491823,14.599513412802125,24.340341353013052,0.3708593398168959,0.0,0.0,15.864999930063883,16.589999548594157,15.140000311533608,9.13961073717263,0.6620693621068647,0.0,0.0,14.300000190734863,18.450000762939453,16.375000476837158,24.9661637099158,0.4337349259156019,0.6869678437181703,11.802300468583281,-0.7871326918445334,-0.8102090787998975,0.02307638695536407,15.883333365122477,16.97115391951341,16.11726470166056,16.904397393505093,0.8558556909888059,1.0810811577094281,-0.22522546672062227,-0.6668773149060119,24.769302276884176,-0.5224996566772475,-154.43197819265214,-145.72603692547537,-8.705941267176769,15.674999713897705,16.799999713897705,16.237499713897705,17.950000286102295,54.68379805335834,42.52539264066119,15.366490475537246,31.591276878304736,-56.24080292528893,20.08750009536743,20.25,0.0,68.0,-68.0,14.897416061892548,16.683599922180175,0.0,0.0,40.603293169645795,1.0,0.7635647035642167,0.7163572067311517,-34.968173083788336,37.70172643581507,50.00001324547872,36.652446335262226,-49.99998675452128,-1.8869119447820317,-4.733723403066678,-4.656378299216752,-4.683711295590214,0.027332996373462315,-5.282333475069795,0.30264656729644357,-5.584980042366238,15.98938748938804,4.8859933639180175,4.770379679953507,238.94737645199427
2022-11-03 00:00:00+05:30,16.399999618530273,16.75,16.200000762939453,16.350000381469727,2433066,0.0,0.0,-698672617.4452327,849703857,-0.17819373340896372,129130.51621040695,16.388772712164613,0.16769368155829056,131720087.96970463,15.864244434403803,38.0517628892602,429.26217288535156,16.535000038146972,18.44290455514939,14.627095521144554,23.07716374479345,0.4515175798818524,0.0,0.0,15.979999955495199,16.689999516805013,15.270000394185384,8.88610216880082,0.7605638412592447,0.0,0.0,14.300000190734863,18.450000762939453,16.375000476837158,25.098279786092263,0.493975881464963,0.6832710211993807,11.431216665800711,-0.7102607573071715,-0.7902194145013524,0.07995865719418083,15.90416669845581,16.880769289456882,16.153070190861968,16.86333094816914,0.9672895855169807,1.0233645817735852,-0.056074996256604503,-0.6585423223927247,24.64161013462088,-0.7349998474121087,-147.97028244490104,-147.72544056840766,-0.24484187649338196,16.174999713897705,16.65000009536743,16.41249990463257,17.950000286102295,77.34189902667917,40.66537115296667,21.112002295659483,29.446641074627106,-10.404372243206325,19.77500009536743,20.050000190734863,0.0,64.0,-64.0,14.983519388899268,16.683599922180175,0.0,0.0,43.6993072349085,1.0,0.87501969578881,0.7680411456102489,-31.377730747669634,38.42041787209473,65.07935931262801,47.8192525181287,-34.92064068737199,-1.721617712694055,1.5527949942643302,-4.2118651379743275,-4.589342064067037,0.3774769260927098,-4.614683565092558,-0.6808194591813568,-3.9338641059112014,16.014756095376324,1.5527949942643282,1.5408624990554731,244.21053434673107
2022-11-04 00:00:00+05:30,16.399999618530273,16.549999237060547,16.0,16.25,1331098,0.0,0.0,-698793624.675731,848372759,-0.16876955935691235,91667.54135555023,-8.263874412569661,0.14102254808938966,131711946.66666684,15.815688803454098,38.87667144701219,426.6367062163899,16.44000005722046,18.20028410700197,14.679716007438948,21.414647733025923,0.44603142110955274,0.0,0.0,16.076666577657065,16.691666062672933,15.461667092641196,7.650833362067468,0.6409215995835044,0.0,0.0,14.300000190734863,18.350000381469727,16.325000286102295,24.635037570794292,0.48148141171107295,0.6699438427854972,11.15647129842882,-0.6499165568916396,-0.76215884297941,0.11224228608777032,15.94166668256124,16.805769260113056,16.167982469190896,16.817899026082536,0.9528300749444439,1.0000002699079613,-0.047170194963517376,-0.6432069569231128,24.579580480602672,-1.3899998664855957,-143.4330292236426,-148.7427824043713,5.3097531807287055,16.174999713897705,16.375000476837158,16.27500009536743,17.950000286102295,88.6709495133396,39.19231996356844,19.88206884263589,29.84961926845052,-17.922362790494766,19.500000476837158,19.77500057220459,0.0,60.0,-60.0,15.066178582825719,16.683599922180175,0.0,0.0,42.73964630618262,0.967829764748928,0.9892765882496427,0.875953662534223,-28.794879913291062,41.16287014069381,70.90910856389429,61.99616037400033,-29.090891436105707,-1.5104412387399115,2.8481000242583354,-3.864433695812404,-4.444360390416111,0.5799266946037065,-7.856989665518417,-2.1160535004487686,-5.740936165069648,16.01990127738823,-0.611623113985138,-0.6135011898997345,242.10526315789474
2022-11-07 00:00:00+05:30,16.25,16.399999618530273,16.0,16.049999237060547,1960517,0.0,0.0,-700264019.4370928,846412242,-0.20228648025767282,22557.19319679051,-1.5302032625015727,0.031722315053563106,131687817.13462032,15.820374867394651,38.563225759526425,426.6367062163899,16.335000038146973,17.916170600705804,14.75382947558814,19.35929671094386,0.4098766420792695,0.0,0.0,16.07499990463257,16.629999446868897,15.52000036239624,6.90512653846282,0.4774768574841668,0.0,0.0,14.300000190734863,18.200000762939453,16.250000476837158,23.87511823138632,0.4487176383506132,0.6429494203599748,10.764975515250985,-0.6111863575197489,-0.7319643458874778,0.1207779883677289,16.02499993642171,16.73076923076923,16.149831202709304,16.761017560229053,0.9607842385608113,0.9607844255558662,-1.8699505488495305e-07,-0.6247460905492068,24.512233390211843,-0.5349998474121094,-141.9018762997678,-149.23049527465074,7.328618974882943,16.049999713897705,16.375000476837158,16.21250009536743,17.950000286102295,94.3354747566698,37.82448671627008,19.014470718929566,28.547064998287237,-22.426136227535928,19.42500066757202,19.77500057220459,16.0,56.00000000000001,-40.00000000000001,15.145531408995112,16.683599922180175,0.0,0.0,40.80937699870512,0.9031223083331291,0.9569840243606857,0.9404267694663794,-27.22341106983362,42.991759939211185,63.63635102578979,66.5416063007707,-36.36364897421021,-1.3002942337709307,6.644511851510186,-3.6464752532088904,-4.284783362974667,0.6383081097657768,-8.186111877015064,-3.330065175762028,-4.856046701253035,16.020478328139575,-1.2307739257812478,-1.2384106734891098,237.89472078022206
2022-11-09 00:00:00+05:30,16.049999237060547,16.399999618530273,16.0,16.049999237060547,1703813,0.0,0.0,-701541885.2804087,848116055,-0.21416349751416916,19334.73702582044,0.0,0.28249175712549845,131687817.13462032,15.83050034718705,47.410688575288596,426.6367062163899,16.239999961853027,17.639499841462577,14.840500082243476,17.235220232720536,0.43211834900425694,0.0,0.0,16.016666571299233,16.55666615168254,15.476666990915934,6.742970866996062,0.5308636033917383,0.0,0.0,14.300000190734863,18.100000381469727,16.200000286102295,23.399016007764036,0.46052604170718736,0.6186544401770047,10.239035816585337,-0.5738770975273049,-0.7003468962154433,0.12646979868813846,16.045833190282185,16.659615369943474,16.13447243876334,16.708349536290644,1.0423280284451455,0.9947091730508222,0.04761885539432331,-0.6037719346320063,24.442050211899254,0.1599996566772468,-138.7973434168876,-148.84278127923778,10.045437862350184,16.02500009536743,16.375000476837158,16.200000286102295,17.950000286102295,97.16773737833489,36.55435584377875,18.161013426212623,27.265740833728824,-15.29468953590905,19.300000190734863,19.675000190734863,12.0,52.0,-40.0,15.22171012211773,16.683599922180175,0.0,0.0,40.80937699870512,0.9031223083331291,0.9246914604717288,0.9569840243606856,-25.956453396891277,42.63337250253839,63.63635102578979,66.06060353849129,-36.36364897421021,-1.056029546962062,1.5822724259983445,-3.4346725646410503,-4.114761203307944,0.6800886386668941,-9.328223154440332,-4.529696771497689,-4.798526382942643,16.021700543190338,0.0,0.0,237.89472078022206
2022-11-10 00:00:00+05:30,16.149999618530273,16.149999618530273,15.949999809265137,16.0,1480191,0.0,0.0,-702281977.251355,846635864,-0.2118521128621396,6000.000207290672,-2.0267648204345687,0.5370494275065433,131683206.01784638,15.9512599054999,54.615074959738266,425.30764012125957,16.144999980926514,17.320967732111548,14.96903222974148,14.567578229474224,0.4383486576139542,0.0,0.0,15.981666564941406,16.471666240692137,15.491666889190673,6.132022261378325,0.5187075991739238,0.0,0.0,14.300000190734863,18.0,16.15000009536743,22.917310706944978,0.4594594315946131,0.5767889770858179,9.224377139070508,-0.5420948290078265,-0.66869648277392,0.12660165376609356,16.012499888737995,16.580769245441143,16.11378437126129,16.655879200269116,1.0730337150890668,0.9494382961578686,0.12359541893119819,-0.5813954676654184,24.350282981422026,0.5049996376037598,-132.77263712395091,-147.20374071019808,14.431103586247161,16.02500009536743,16.375000476837158,16.200000286102295,17.950000286102295,98.58386868916745,35.44991635822754,17.73244433546961,27.21227600901241,-21.75775425833375,19.262500286102295,19.675000190734863,8.0,48.0,-40.0,15.294841686715442,16.683599922180175,0.0,0.0,40.28190660117357,0.7891143979207936,0.8651196715290173,0.9155983854538104,-25.047302957037715,45.21093564386713,61.81819632034174,63.0302994573071,-38.18180367965826,-0.8901472259970262,-2.4390221209414906,-3.25467555623883,-3.9427440738941217,0.6880685176552919,-11.048771215924786,-5.833511660383109,-5.215259555541677,16.021325738463606,-0.31152174104217556,-0.3120079801074205,236.84210526315786
2022-11-11 00:00:00+05:30,16.0,16.200000762939453,15.949999809265137,16.049999237060547,1059003,0.0,0.0,-702493785.9308759,847694867,-0.21898615994434512,12707.049041224907,0.5901935021478757,1.3626005989887697,131686515.35172418,16.077285139061782,48.00057169110148,426.6367062163899,16.062499904632567,16.997312529348353,15.12768727991678,11.639690337942705,0.49331381110956873,0.0,0.0,15.976666577657065,16.431666310628252,15.521666844685873,5.695803073308099,0.5805853872974996,0.0,0.0,14.300000190734863,17.899999618530273,16.09999990463257,22.4124479325733,0.4861109234668292,0.5441101747446677,8.604782984664446,-0.5070279293024633,-0.6363627720796287,0.12933484277716534,15.962499856948853,16.50769226367657,16.103971273691943,16.610999202994407,1.1830066092791203,0.9411764559219538,0.2418301533571665,-0.557353824758946,24.257197907635838,0.18750009536743306,-123.40691582517258,-144.06367090047263,20.656755075300055,16.02500009536743,16.375000476837158,16.200000286102295,17.950000286102295,99.29193434458372,34.3037982761367,17.802271896152288,26.374436711418838,-6.006010288937004,19.22499990463257,19.675000190734863,4.0,44.0,-40.0,15.365047988729247,16.683599922180175,0.0,0.0,41.1017393816597,0.8123264959800315,0.8348544007446513,0.8748885109151324,-24.068337559577603,44.077933407399584,42.85711171674004,56.103886354290516,-57.14288828325996,-0.8672060826245485,-3.6036059772756297,-3.0523626129068933,-3.7646677816966765,0.7123051687897832,-14.11957258703673,-7.490723845713834,-6.628848741322896,16.021582469683366,0.31249523162841797,0.3120079801074205,237.89472078022206
2022-11-14 00:00:00+05:30,16.200000762939453,16.200000762939453,15.600000381469727,15.949999809265137,1070208,0.0,0.0,-702315420.7659571,846624659,-0.1761230521797243,-4396.841910674408,-9.811167090482977,-1.0344778873430485,131679847.42694478,16.05298901824019,34.98270329453308,426.6367062163899,16.009999895095824,16.840421238662657,15.17957855152899,10.373783248071193,0.46387370923477583,0.0,0.0,15.99333330790202,16.458333174387615,15.528333441416425,5.814921224155904,0.4534048267966268,0.0,0.0,14.300000190734863,17.450000762939453,15.875000476837158,19.675206701091213,0.5238093075568836,0.5496991954171736,8.28639876515062,-0.4817529288525684,-0.6054408034342167,0.12368787458164832,15.937499841054281,16.424999933976395,16.08028335608782,16.562036284940387,0.9724138048968111,1.0413792268841062,-0.06896542198729516,-0.5332626329144102,24.26204447606078,-0.060000085830687055,-114.53839312090734,-139.41818260072904,24.879789479821696,16.02500009536743,16.375000476837158,16.200000286102295,17.950000286102295,99.64596717229186,33.78694459087266,16.490035737649496,28.730172325723775,-23.93156039511471,19.200000286102295,19.675000190734863,0.0,40.0,-40.0,15.432446038662498,16.683599922180175,0.0,0.0,39.92130223936063,0.7270402639020104,0.7761603859342786,0.8253781527359823,-23.530511785787578,36.63646892466384,37.142855585837005,47.272721207639584,-62.857144414162995,-0.8385294325211454,-1.8461550199068508,-2.908778368579105,-3.5934898990731625,0.6847115304940576,-16.590071725290702,-9.310593421629209,-7.279478303661493,16.01963659022991,-0.6230494239806816,-0.6249984768300632,235.7894696687397
2022-11-15 00:00:00+05:30,16.0,16.0,15.649999618530273,15.75,1896359,0.0,0.0,-703128143.0990071,844728300,-0.16405795281816557,-57950.355680324545,-1.3842471620262369,-3.4260011827431116,131656068.6530994,15.995928008019009,28.00485333334794,426.6367062163899,15.952499914169312,16.681523030519163,15.223476797819464,9.13992315025581,0.3611155739592928,0.0,0.0,16.01166661580404,16.44666655858358,15.576666673024496,5.433537347700991,0.1992337353747071,0.0,0.0,14.300000190734863,17.049999237060547,15.674999713897705,17.238671437842054,0.5272728407678919,0.5297293140224288,8.046592938769507,-0.4724149169445724,-0.5788356261362879,0.10642070919171553,15.920833190282186,16.332692256340614,16.029470532074306,16.50188544901888,0.85611504473352,1.1582735056808826,-0.30215846094736265,-0.5114139944306081,24.255556388580455,-0.3025002956390388,-106.55705098412254,-133.7566118480005,27.19956086387795,16.074999809265137,16.325000286102295,16.200000047683716,17.950000286102295,99.82298358614592,33.30700902598461,15.760240402358997,27.458668365454365,-38.991953778983536,19.175000190734863,19.675000190734863,0.0,36.0,-36.0,15.49714816659842,16.683599922180175,0.0,0.0,37.5956891409044,0.5590154099463622,0.6994607232761346,0.7701585033183548,-23.66171387139048,35.6104677201017,30.000006357832817,36.66665788680328,-69.99999364216718,-0.811323538948507,-1.2539173144626596,-2.862793578370524,-3.447350634932635,0.5845570565621112,-14.832601387325543,-10.414995014768476,-4.417606372557067,16.013897840106132,-1.2539173144626603,-1.2618452000912495,231.57894736842107
2022-11-16 00:00:00+05:30,15.75,16.0,15.699999809265137,15.75,970943,0.0,0.0,-703775437.4034929,845699243,-0.1799580531744487,-49671.733440278185,0.772448370153476,-1.9316849418099906,131656068.6530994,15.969412969157768,32.769663717233385,426.6367062163899,15.934999895095824,16.66582112287941,15.20417866731224,9.172528805707794,0.3734301303364655,0.0,0.0,16.049999936421713,16.4799999554952,15.619999917348228,5.358255710614694,0.15116288009926324,0.0,0.0,14.300000190734863,17.049999237060547,15.674999713897705,17.257603165545216,0.5272728407678919,0.5067564016936723,7.6080241113421705,-0.4597151649717013,-0.5550115339033705,0.09529636893166926,15.929166555404663,16.240384578704834,15.986475065601336,16.446190230573038,0.9160304832247188,1.1297710846162683,-0.2137406013915495,-0.4910581064006823,24.252627809479378,-0.4349998950958245,-98.56924957362014,-127.5496420014414,28.980392427821258,16.175000190734863,16.250000476837158,16.21250033378601,17.950000286102295,99.91149179307297,32.86135457287428,15.141667504303765,26.380944445391936,-31.818198812902597,19.09999990463257,19.675000190734863,0.0,32.0,-32.0,15.559262209416906,16.683599922180175,0.0,0.0,37.5956891409044,0.5590154099463622,0.6150236945982449,0.6968816012695527,-23.772009508637435,33.057181831629606,31.034473686806738,32.725778543492176,-68.96552631319327,-0.7916176459368529,0.6389800888641671,-2.7952684392346554,-3.3169341957930394,0.521665756558384,-17.462149563881884,-11.824425924591157,-5.637723639290726,16.00267747139161,0.0,0.0,231.57894736842107
2022-11-17 00:00:00+05:30,15.800000190734863,15.899999618530273,15.199999809265137,15.600000381469727,1889838,0.0,0.0,-703505456.8682063,843809405,-0.1741598799879439,-83072.19710366914,-11.112067610763935,-2.0639904132350972,131638070.24172899,15.92656761921355,32.454332895402345,426.6367062163899,15.924999904632568,16.668303085395628,15.181696723869507,9.335047851985662,0.2813815872352363,0.0,0.0,16.019999917348226,16.449999841054282,15.589999993642172,5.368288713165395,0.01162836000221123,0.0,0.0,14.300000190734863,17.049999237060547,15.674999713897705,17.268439954751344,0.4727275060228889,0.5260807424508187,6.992172496876052,-0.4564920791210483,-0.5353076429469061,0.07881556382585786,15.93749992052714,16.149999948648308,15.927017421888781,16.38350950100983,0.8721804931802941,1.097744623999789,-0.2255641308194949,-0.47337584449601194,24.419987867111946,-0.5749995231628411,-93.1090575566044,-121.45395034718621,28.34489279058181,15.874999523162842,16.200000286102295,16.03749990463257,17.950000286102295,99.95574589653648,33.20316107828971,13.782374245788068,30.42494832465697,-81.48150904931317,19.02500009536743,19.675000190734863,0.0,28.000000000000004,-28.000000000000004,15.559262209416906,17.049999237060547,0.0,1.0,35.78253864117403,0.428015826172501,0.5153488820217418,0.6099444332987071,-24.329438365748043,39.83863686505314,25.80648535371776,28.946988466119095,-74.19351464628224,-0.8055882145376767,0.6451637514175907,-2.786289952668026,-3.210805347168037,0.4245153945000113,-15.2071287561506,-12.500966490903046,-2.7061622652475545,15.956613770598329,-0.9523785303509391,-0.9569426562963557,228.42106066252055
2022-11-18 00:00:00+05:30,15.649999618530273,16.0,15.0,15.5,1727999,0.0,0.0,-703505456.8682063,842081406,-0.03716164876848022,-95890.53454304584,-2.8935036361540183,-1.4946517548892722,131626993.2830781,15.908820721754974,32.66414719518387,423.9018451697642,15.947499895095826,16.60588785380438,15.289111936387272,8.25694263100163,0.16015486068912238,0.0,0.0,15.92666654586792,16.40166654586792,15.45166654586792,5.964838889946315,0.05087732013903245,0.0,0.0,14.300000190734863,17.049999237060547,15.674999713897705,17.244076277883302,0.43636371833236637,0.5734726682057368,6.252492974959689,-0.45674191888098825,-0.5195944981337226,0.06285257925273435,15.949999888737997,16.057692271012527,15.861322433905892,16.31806435278688,0.9020979104925135,1.0139860699500902,-0.11188815945757669,-0.4585308438959465,24.681516224400358,0.152500486373901,-87.79880491711265,-115.2723698686829,27.473564951570253,15.699999809265137,16.15000009536743,15.924999952316284,17.950000286102295,99.97787294826824,33.782474485252656,12.109875172157274,29.15987251078881,-101.87267771736344,18.887500286102295,19.675000190734863,0.0,24.0,-24.0,15.559262209416906,17.012999248504638,0.0,0.0,34.585026028254205,0.34149589642603256,0.44284237751496525,0.5244049847116505,-25.11832794027063,44.24915760905082,28.571428571428573,28.470795870651017,-71.42857142857143,-0.8411764846128573,0.9771961876388652,-2.7989956958527595,-3.128443416904982,0.3294477210522224,-14.002519637628922,-12.801277120248223,-1.2012425173806989,15.790428856178895,-0.6410280706692251,-0.6430914783477792,226.3157894736842
2022-11-21 00:00:00+05:30,15.5,15.649999618530273,14.949999809265137,15.149999618530273,2417502,0.0,0.0,-704541530.0949451,839663904,-0.2028298358273129,-203067.118494586,-5.791108430296199,-1.5381315138130904,131572404.46874237,15.861678058822562,31.52235836730219,423.9018451697642,15.914999866485596,16.658034053048283,15.17196567992291,9.337533054303018,-0.014781326209398177,0.0,1.0,15.824999872843424,16.314999930063884,15.334999815622965,6.192733790302608,-0.18877568927451804,0.0,1.0,14.949999809265137,17.049999237060547,15.999999523162842,13.195095478559619,0.09523803036227373,0.5861253823116768,5.48640737611276,-0.4796528845209078,-0.5116061754111597,0.031953290890251895,15.870833158493042,15.959615303919865,15.751888154617335,16.231541039138243,0.9236110724784649,1.0555557763135344,-0.1319447038350695,-0.4494433697018827,24.75434116105146,0.4350005149841305,-84.91018540346624,-108.93995976909383,24.02977436562759,15.674999713897705,16.09999990463257,15.887499809265137,17.950000286102295,95.12193038974354,34.38574455599548,11.094916217783595,27.31457378163179,-156.1746488609161,18.71250009536743,19.5,0.0,20.0,-20.0,15.559262209416906,16.932479278564454,0.0,0.0,30.711064037277694,0.06160329597772504,0.2770383395254195,0.41174319968737544,-26.905966053893277,43.18601000303319,11.111099337355366,21.829671087500557,-88.88890066264463,-0.8810296002556299,-5.90062571695871,-2.9550668255364454,-3.093768098631275,0.1387012730948296,-9.808224794468686,-12.202666655092317,2.3944418606236315,15.54702881393852,-2.258066977224038,-2.2839517149342736,218.947360390111
2022-11-22 00:00:00+05:30,15.300000190734863,15.300000190734863,14.949999809265137,15.0,1869423,0.0,0.0,-705876830.78244,837794481,-0.34554436860214816,-214116.4925484622,-3.2764102410898865,-1.4692007154991351,131553895.37673363,15.83087553058435,31.28162356191514,419.7048077657519,15.844999885559082,16.65302204634373,15.036977724774435,10.199080676814237,-0.022881627861868602,0.0,1.0,15.71833324432373,16.203333377838135,15.233333110809326,6.1711394710320135,-0.24054953255223824,0.0,1.0,14.949999809265137,17.049999237060547,15.999999523162842,13.253388721758977,0.023809621123256082,0.5625128822274817,4.7306826519770775,-0.5041027230728776,-0.5101054849435034,0.006002761870625761,15.758333126703898,15.882692226996788,15.636213053906976,16.140315776979854,0.9305555537159059,1.055555636500137,-0.12500008278423114,-0.44558774400382745,24.71901688559652,0.4050001144409183,-82.60539832218744,-102.69641031412715,20.09101199193971,15.575000286102295,15.875000476837158,15.725000381469727,17.950000286102295,66.58718770801298,34.945923907399525,10.615825387260053,26.13510008561025,-165.1438228966901,18.437500476837158,19.225000381469727,0.0,16.0,-16.0,15.559262209416906,16.813530510406494,0.0,0.0,29.201410138818545,0.0,0.1343663974679192,0.28474903816943453,-28.87157719204757,41.81719521633956,2.7777880798140546,14.15343866286599,-97.22221192018594,-0.9342648618361551,-8.256882874447816,-3.1232519241776844,-3.099664863740557,-0.023587060437127327,-8.832285133736583,-11.52859035082117,2.6963052170845874,15.340595232906013,-0.9900965168791576,-0.9950305673648074,215.78947368421052
2022-11-23 00:00:00+05:30,15.0,15.149999618530273,14.699999809265137,14.949999809265137,1690160,0.0,0.0,-705689034.4309027,836104321,-0.31869192720473205,-195601.03966617284,-5.324945011064366,-2.4044912209226754,131548261.48857547,15.76254938815913,21.100616311926885,418.30578640304344,15.759999895095826,16.569073397381363,14.950926392810288,10.26743030039364,-0.0005726201281676056,0.0,1.0,15.59666659037272,16.08666674296061,15.10666643778483,6.28339587499229,-0.15986385687052598,0.0,1.0,14.699999809265137,16.799999237060547,15.749999523162842,13.324869554401996,0.1190476514855298,0.5512615749312473,5.061077630707797,-0.5215024383152613,-0.5123848756178551,-0.009117562697406267,15.649999777475992,15.807692234332745,15.53064178550054,16.0521442238158,0.8840579369618478,1.1521740873128967,-0.26811615035104897,-0.4452448646475414,24.836031016083666,0.2899993419647213,-81.89840160234728,-97.0437174783934,15.145315876046126,15.450000286102295,15.674999713897705,15.5625,17.950000286102295,33.29359385400649,35.80814117450656,10.016922195426172,27.794888010342856,-175.01672764281327,18.41249990463257,19.199999809265137,20.0,12.0,8.0,15.559262209416906,16.701718668338014,0.0,0.0,28.695054359838764,0.0,0.020534431992575014,0.14397972299530445,-30.670662311783055,39.732627735883916,12.195120816568439,8.694669411245945,-87.80487918343157,-1.027353121252622,-8.000001173753004,-3.248802347175108,-3.1294923604274674,-0.11930998674764082,-8.748502586675341,-10.972572797992004,2.224070211316663,15.192146466477785,-0.3333346048990937,-0.33389140236996795,214.73683808979237
2022-11-24 00:00:00+05:30,14.850000381469727,15.149999618530273,14.75,14.899999618530273,1648995,0.0,0.0,-706101285.1466599,834455326,-0.30707155502296624,-179436.61464541042,0.6064317120545006,-3.5318012923591118,131542746.43402211,15.63050899301036,10.6864959432651,416.906765040335,15.692499876022339,16.55056455678846,14.834435195256221,10.935984547334176,0.03820482578044907,0.0,0.0,15.486666584014893,15.996666717529298,14.976666450500488,6.5863125643941896,-0.07516354107782741,0.0,1.0,14.699999809265137,16.75,15.724999904632568,13.063566716143175,0.09756087349115944,0.53613537929115,5.457822358243013,-0.5331802653208744,-0.516543953558459,-0.016636311762415423,15.554166475931803,15.761538358835073,15.433619913658962,15.966800178979836,0.7819547599823893,1.2406015749251043,-0.458646814942715,-0.44710680232746053,24.694924229923046,0.357499361038208,-83.58949357083482,-92.61955945013364,9.030065879298817,15.450000286102295,15.674999713897705,15.5625,17.950000286102295,16.646796927003244,36.60877149396309,9.503675243001258,26.370733835439296,-150.10937282985861,18.062500476837158,18.850000381469727,16.0,8.0,8.0,15.559262209416906,16.541581159612182,0.0,0.0,28.16902683007814,0.0,0.0,0.05163360982016463,-32.34419014445297,40.36871952410534,10.810803844597434,8.594570913659966,-89.18919615540257,-1.0561766203712004,-7.16510699810406,-3.33930568018758,-3.1714550243794903,-0.16785065580808967,-8.777578228857047,-10.533573884165012,1.7559956553079648,15.081113816888118,-0.3344494406205656,-0.3350099729092282,213.6842024953742
2022-11-25 00:00:00+05:30,14.899999618530273,15.5,14.899999618530273,15.050000190734863,3356457,0.0,0.0,-707779508.3117185,837811783,-0.301385362468426,-81878.4596131945,4.469000954501477,-2.6223101947111735,131576536.39935566,15.53109687163379,25.057854096688956,416.906765040335,15.647499895095825,16.540514413029108,14.754485377162542,11.414149530854676,0.16545913175982613,0.0,0.0,15.394999917348224,15.93999999364217,14.849999841054279,7.080221880089768,0.18348653365390927,0.0,0.0,14.699999809265137,16.75,15.724999904632568,13.101135673292868,0.17073187751473426,0.5425218795090077,5.669954967327948,-0.5242875739919057,-0.5180926776451483,-0.006194896346757406,15.47083322207133,15.73269220498892,15.374601494747562,15.898889068739468,0.8358208572819431,1.1567162861933595,-0.3208954289114164,-0.44783994021841994,24.58957386369751,0.35250010490417516,-85.71812754116468,-89.41730771905114,3.6991801778864613,15.349999904632568,15.674999713897705,15.512499809265137,17.59999990463257,8.323398463501622,36.10654446604052,13.236320697979492,24.354898577862127,-96.39456936539078,17.487500190734863,18.450000286102295,12.0,4.0,8.0,15.559262209416906,16.39425465158442,0.0,0.0,32.18536950388224,0.3105568656061206,0.1035189552020402,0.04135112906487163,-32.79654705930153,39.6050936155912,20.588260043453893,14.531394901539912,-79.4117399565461,-1.027206053453332,-6.230523949288529,-3.297636531238931,-3.1966913257513783,-0.10094520548755259,-1.5100713691458207,-8.728873381161174,7.218802012015353,15.072449415846178,1.006715275469161,1.0016816518879423,216.8421092786287
2022-11-28 00:00:00+05:30,15.199999809265137,15.800000190734863,15.100000381469727,15.800000190734863,4103519,0.0,0.0,-703675989.3117185,841915302,-0.1476201640959077,369481.2131886904,4.2646393522779835,-2.2083928650840625,131781030.6990896,15.4913933042758,40.37493128625793,416.906765040335,15.654999923706054,16.550488586857934,14.759511260554172,11.440289588195535,0.5809615313936236,0.0,0.0,15.359999910990396,15.914999930063882,14.80499989191691,7.226562790229858,0.896396634795618,0.0,0.0,14.699999809265137,16.75,15.724999904632568,13.09485915506514,0.5365855020117875,0.5632696915581069,5.603045568589606,-0.4515165186886758,-0.5047774458538539,0.05326092716517805,15.454166571299234,15.761538358835073,15.440047447976378,15.891563966665053,0.8652482758788614,1.0780140635149698,-0.21276578763610832,-0.43810946707482507,24.340104679369784,0.3949993133544929,-82.1595570801394,-86.706475063053,4.546917982913612,15.349999904632568,15.674999713897705,15.512499809265137,17.52500009536743,29.2250735517757,34.726757269293934,15.733422383536894,22.082542829795276,-19.642801846370578,17.300000190734863,18.325000286102295,8.0,0.0,8.0,15.559262209416906,16.258714264198876,0.0,0.0,47.87792677681488,1.0,0.43685228853537356,0.18012374791247113,-28.372395152392016,46.995647532679314,64.70591205214467,32.03499198006532,-35.294087947855324,-0.9185294768389518,-1.2499988079071045,-2.8412340008560495,-3.1255998607723128,0.2843658599162633,6.2938892155461055,-5.724320861819718,12.018210077365824,15.081386981343144,4.9833886411623896,4.863194823645012,232.63158296283925
2022-11-29 00:00:00+05:30,15.75,16.25,15.600000381469727,15.899999618530273,2956533,0.0,0.0,-703903420.2659363,844871835,-0.12691726037908047,358934.12677005574,10.4429667050253,-1.4624666718679697,131799742.82596867,15.496198084643261,47.195275097888526,419.5454003216508,15.674999904632568,16.57360989996331,14.776389909301828,11.46551835148868,0.6251931956392784,0.0,0.0,15.37166659037272,15.956666533152262,14.78666664759318,7.611405560226332,0.9515667349019351,0.0,0.0,14.699999809265137,16.75,15.724999904632568,13.078151216632602,0.5853657061538969,0.5719426842553236,5.525299819537938,-0.38137950939689524,-0.4800978585624622,0.09871834916556693,15.441666603088379,15.765384490673359,15.510809320369285,15.89218882976618,0.9383562001754238,1.0136985496052964,-0.07534234942987261,-0.41965882057814347,24.136420567876637,0.27499990463256907,-75.83433439447583,-84.18037337648141,8.346038982005581,15.474999904632568,15.874999523162842,15.674999713897705,17.40000009536743,52.20759825592519,32.298470473324095,20.018875032559176,20.313601428404027,39.38731900604286,16.825000286102295,17.950000286102295,4.0,84.0,-80.0,14.699999809265137,16.258714264198876,1.0,0.0,49.55409340196605,1.0,0.7701856218687069,0.4368522885353734,-24.23565121395593,47.10855342557962,77.41933300641792,54.237835034005485,-22.58066699358208,-0.6967647215899291,-0.9345771069191957,-2.399792209129612,-2.9804383304437727,0.5806461213141607,7.885557473521587,-3.0023451947514572,10.887902668273044,15.091902659480956,0.6329077632166724,0.6309133129631217,234.73683407432154
2022-11-30 00:00:00+05:30,16.100000381469727,16.149999618530273,15.449999809265137,15.899999618530273,2772030,0.0,0.0,-703111412.2340208,847643865,-0.07514255125953465,307657.8229457621,-3.1565426760915964,-1.5431650901291858,131799742.82596867,15.50093782471543,44.99075074917331,419.5454003216508,15.702499866485596,16.593271985683447,14.811727747287744,11.345609002029777,0.6108587414155531,0.0,0.0,15.373333231608072,15.99833313624064,14.748333326975503,8.130961519100472,0.9213331738281012,0.0,0.0,14.699999809265137,16.75,15.724999904632568,13.055247305623302,0.5853657061538969,0.5847483967563049,5.431640893933115,-0.322082655856077,-0.4484948180211852,0.1264121621651082,15.43749992052714,15.746153721442589,15.570684750855591,15.892767406711668,0.9294871653795733,0.9935897200770667,-0.06410255469749337,-0.3952459321644429,24.08416977724826,0.0475001335144043,-69.33468797239341,-81.53877675601353,12.204088783620122,15.474999904632568,15.874999523162842,15.674999713897705,17.40000009536743,69.96470418800615,30.37716377814656,18.317141456756666,20.408388519289613,21.862790687511787,16.800000190734863,17.950000286102295,0.0,80.0,-80.0,14.730999813079833,16.258714264198876,0.0,0.0,49.55409340196606,1.0,1.0,0.7356793034680266,-20.893988569773775,51.78871902895734,77.41933300641792,73.18152602166016,-22.58066699358208,-0.45779411372016376,-0.31348082340301253,-2.026598940346024,-2.789670452424223,0.763071512078199,8.369590270599268,-0.7279581016813121,9.09754837228058,15.102283256040895,0.0,0.0,234.73683407432154
2022-12-01 00:00:00+05:30,15.800000190734863,16.5,15.75,16.350000381469727,3854512,0.0,0.0,-700798701.1130085,851498377,-0.0766024738527126,511497.1826334071,6.323763282530218,-1.133624391530447,131908832.97580351,15.565964031191877,50.22993135135573,419.5454003216508,15.714999866485595,16.63429308403843,14.79570664893276,11.6995637971764,0.8453743065104451,0.0,0.0,15.436666584014892,16.066666507720946,14.806666660308839,8.162382989581914,1.224868181000748,1.0,0.0,14.699999809265137,16.75,15.724999904632568,13.04486292174123,0.8048782530176811,0.6012735570806743,5.345573223101754,-0.2360570526952408,-0.4060072649559963,0.16995021226075552,15.487499952316284,15.734615289247953,15.690579463257766,15.926636515953007,0.969879518764461,0.9578313952105558,0.012048123553905166,-0.36164871136727644,24.104252190996114,0.03500013351440501,-61.681736116741725,-78.63688022263898,16.955144105897254,15.599999904632568,15.749999523162842,15.674999713897705,17.250000476837158,81.97617894404976,28.617440371330012,20.849415905941925,18.585446240921634,81.8155892096248,16.700000286102295,17.950000286102295,0.0,76.0,-76.0,14.761379816818236,16.258714264198876,0.0,0.0,56.803881784190644,1.0,1.0,0.9233952072895688,-15.530247758310509,56.64586780393564,91.66668874245869,82.16845158509817,-8.333311257541311,-0.17647055177127768,3.8095262315538196,-1.4821525716292507,-2.528166876265229,1.0460143046359782,11.923718366912773,1.8023771920375051,10.121341174875267,15.196345976761327,2.830193545508086,2.790883544036493,244.21053434673107
2022-12-02 00:00:00+05:30,16.200000762939453,16.399999618530273,15.75,16.200000762939453,2743274,0.0,0.0,-699743587.0593562,848755103,-0.02519787751440468,379641.86318234657,-1.1847196052637121,-0.5174495711576423,131883665.3890192,15.59945918541717,47.52212429273058,415.6963698301468,15.707499885559082,16.60820797594644,14.806791795171726,11.468509908638422,0.7733964991746478,0.0,0.0,15.498333263397218,16.093333148956297,14.903333377838134,7.678243530409906,1.0896366676465217,1.0,0.0,14.699999809265137,16.549999237060547,15.624999523162842,11.777809589521206,0.8108115770942823,0.6061461632256342,5.231897325024001,-0.1779337485323822,-0.36039256167127354,0.18245881313889134,15.525000015894571,15.732692241668701,15.768951970901103,15.946885719433485,1.0119759801973798,0.9700599924003002,0.04191598779707961,-0.32430803434358746,24.16201049281981,-0.10749950408935582,-55.94346365019408,-75.41835558338651,19.47489193319243,15.599999904632568,15.724999904632568,15.662499904632568,17.200000286102295,90.98808947202488,26.983411493571786,19.24499426351431,17.155243480439914,72.49630423398382,16.65000009536743,17.950000286102295,20.0,72.0,-52.0,14.830924624145506,16.258714264198876,0.0,0.0,54.01716536462748,0.9026809661152854,0.9675603220384285,0.9891867740128094,-11.888322433592661,57.656354502960475,83.33337748491738,84.139799744598,-16.666622515082622,0.036764747956219423,2.857147701202877,-1.115789952113003,-2.245691491434784,1.1299015393217808,11.08988098981028,3.6598779515920605,7.430003038218221,15.26217784166238,-0.9174288381074036,-0.9216631341378623,241.0526476408306
2022-12-05 00:00:00+05:30,16.399999618530273,16.450000762939453,16.100000381469727,16.149999618530273,2098013,0.0,0.0,-701242177.5735714,846657090,-0.05658870192760503,310421.1611583919,3.3365066528684495,-0.18025287009373617,131877189.89234976,15.627306749420798,53.8401478072928,414.4133270375934,15.702499866485596,16.592148668670216,14.812851064300975,11.331301509302087,0.751503599479816,0.0,0.0,15.59666665395101,16.156666596730552,15.036666711171469,7.1810208579110775,0.9940473402843688,0.0,0.0,14.699999809265137,16.5,15.599999904632568,11.463144123800745,0.8055553642320247,0.5805315850500434,5.14953485847204,-0.13435650751967998,-0.31518535084095484,0.18082884332127486,15.570833285649618,15.740384542025053,15.827574685920975,15.961931193440655,1.0479042634270215,0.940119642163098,0.10778462126392352,-0.28595960804610704,24.18279531304555,-0.2024998664855957,-49.03939735685279,-71.68879992057155,22.649402563718766,15.599999904632568,15.724999904632568,15.662499904632568,17.125000476837158,95.49404473601244,25.581983740956666,19.03315998581435,16.422415966611034,94.05946075874125,16.500000476837158,17.950000286102295,16.0,68.0,-52.0,14.897687639179686,16.258714264198876,0.0,0.0,53.08232137159131,0.8700339003440685,0.9242382888197845,0.9639328702860709,-9.178605158269567,56.54672748473723,80.55553642320247,85.18520088352618,-19.44446357679753,0.22676478834713265,3.5256360487904663,-0.8417309026798211,-1.9648993736837914,1.1231684710039702,8.374284628298348,4.602759286933319,3.771525341365029,15.391350889793486,-0.308649025027008,-0.309126328511633,239.99999196905839
2022-12-06 00:00:00+05:30,16.100000381469727,16.200000762939453,15.899999618530273,15.949999809265137,1522197,0.0,0.0,-702256975.5735714,845134893,-0.04653072725201596,222583.97961234118,-4.434404478094488,-0.5521709306828765,131858339.17303987,15.639105295954364,49.93212321549645,409.2812782250751,15.697499895095826,16.580378750997422,14.814621039194227,11.248655668759383,0.642998052610207,0.0,0.0,15.68999999364217,16.245000012715657,15.134999974568686,7.074570035670876,0.7342340600789597,0.0,0.0,14.699999809265137,16.5,15.599999904632568,11.466795367185924,0.694444370858471,0.5524785409859571,5.097382591863301,-0.11463806692381695,-0.2750758940575273,0.16043782713371035,15.608333269755045,15.751923010899471,15.846409320281616,15.961047387205433,1.0179640253506037,0.9700597673948474,0.04790425795575626,-0.2504001208025784,24.129917231428465,-0.5475002765655521,-42.00739754920952,-67.25646613688959,25.249068587680064,15.625,15.724999904632568,15.674999952316284,17.049999713897705,97.74702236800621,23.758080149006815,18.31112381156779,18.32846659511371,57.07764092150939,16.362499713897705,17.950000286102295,12.0,64.0,-52.0,14.9617801336125,16.258714264198876,0.0,0.0,49.39962965399987,0.7414251917093302,0.838046686056228,0.9099484323048136,-7.903208359557176,57.79709554369025,69.4444370858471,77.77778366465564,-30.555562914152897,0.25323538219227437,2.9032245759041078,-0.7182364925231172,-1.7155667974516566,0.9973303049285395,4.2699038241487015,4.536188194376395,-0.2662843702276936,15.462898060933362,-1.2383889411096916,-1.2461208775694121,235.7894696687397
2022-12-07 00:00:00+05:30,16.0,16.100000381469727,15.800000190734863,15.949999809265137,1675642,0.0,0.0,-702256980.9002905,846810535,-0.01670674940179608,190786.2682391496,-1.7903579919361443,0.11366547066196571,131858339.17303987,15.65820858729921,50.19333691567938,409.2812782250751,15.692499923706055,16.5684423644272,14.816557482984914,11.16383552626806,0.6469844784247963,0.0,0.0,15.79166669845581,16.33166675567627,15.251666641235351,6.839050842850723,0.6466047166960625,0.0,0.0,14.699999809265137,16.5,15.599999904632568,11.47044893730203,0.694444370858471,0.5272307059608476,4.990774546076519,-0.0978827295119693,-0.23963726114841571,0.1417545316364464,15.674999952316284,15.769230695871206,15.862346318586773,15.960229048098743,1.0691824072896698,0.9685533421783119,0.10062906511135794,-0.21774148142886504,24.098760666975195,-0.6924999237060554,-34.72500716204016,-61.827078758134626,27.10207159609447,15.699999809265137,15.724999904632568,15.712499856948853,17.000000476837158,98.8735111840031,22.32029890508329,17.59240887402853,18.917402023439426,47.77468634582439,16.33750009536743,17.950000286102295,8.0,60.0,-52.0,15.023308928268,16.258714264198876,0.0,0.0,49.399629653999874,0.7414251917093305,0.7842947612542431,0.8488599120434183,-6.862887871664905,53.04877889737505,69.4444370858471,73.14813686496555,-30.555562914152897,0.28102961989009856,5.280529444742472,-0.6132915086430389,-1.4951117396899332,0.8818202310468942,1.3736331744554924,3.903677190392215,-2.5300440159367223,15.533768610880877,0.0,0.0,235.7894696687397
2022-12-08 00:00:00+05:30,15.949999809265137,16.0,15.800000190734863,15.899999618530273,1246451,0.0,0.0,-702256986.8438377,845564084,0.0005870556853146922,154627.83167046236,-0.8022801225393628,0.26303857877729825,131854431.78818175,15.675135999826201,50.882075696622785,407.9982599040608,15.687499904632569,16.557485607951794,14.817514201313346,11.091451265122423,0.6221282792849133,0.0,0.0,15.888333384195963,16.408333460489906,15.368333307902017,6.545684354926568,0.511217531367935,0.0,0.0,14.699999809265137,16.5,15.599999904632568,11.474104871250502,0.6666664900603305,0.49450761629127654,4.849576347233444,-0.08762847490875281,-0.20923550390048312,0.12160702899173031,15.74999992052714,15.790384512681227,15.868139133962696,15.955767608871449,1.1048950965004958,0.9930069668904311,0.11188812961006467,-0.18860900043594123,23.96477712576916,-0.737500095367432,-26.269439726758613,-55.221669000978395,28.952229274219782,15.800000190734863,15.724999904632568,15.762500047683716,16.950000286102295,99.43675559200156,20.98521632144002,17.110249355457864,18.398928088599565,40.28434459525177,16.3125,17.950000286102295,4.0,56.00000000000001,-52.00000000000001,15.08237657113728,16.258714264198876,0.0,0.0,48.42553462186085,0.7074073825149058,0.7300859219778556,0.784142456429442,-6.248641303586959,54.105866438865085,66.66664900603305,68.51850772590907,-33.33335099396695,0.22132375661064607,5.999997456868489,-0.5491962345956402,-1.3059286386710747,0.7567324040754345,-2.563499739121504,2.6102418044894713,-5.1737415436109755,15.58705315155197,-0.31348082340301175,-0.31397320381758576,234.73683407432154
2022-12-09 00:00:00+05:30,15.899999618530273,15.949999809265137,15.600000381469727,15.699999809265137,1467607,0.0,0.0,-702885964.7000533,844096477,-0.00912517691579835,90606.55284951354,-2.981038416580615,0.46375786547126857,131835971.33993532,15.709604876503615,52.298923331891736,407.9982599040608,15.669999933242797,16.524049243473943,14.815950623011652,10.900437956216456,0.5175633161124034,0.0,0.0,15.948333390553794,16.443333371480307,15.45333340962728,6.20754493657252,0.24915798903280767,0.0,0.0,14.699999809265137,16.5,15.599999904632568,11.486918943224053,0.5555554966867768,0.48005679744168994,4.5606609160617015,-0.0945503003899617,-0.18629846319837884,0.09174816280841713,15.81249992052714,15.774999875288744,15.842271545547687,15.936821845937649,1.0882353477412015,0.9485293571099294,0.1397059906312721,-0.16516052743636775,23.847750147836273,-0.7700003147125241,-18.915032120273366,-48.194499560993286,29.27946744071992,15.974999904632568,15.724999904632568,15.849999904632568,16.799999713897705,99.71837779600078,20.27375992436031,16.269876295269643,20.301845238350857,15.404785101142606,16.237499713897705,17.950000286102295,0.0,52.0,-52.0,15.139081508291788,16.258714264198876,0.0,0.0,44.63423317075346,0.5750057532004579,0.6746127758082313,0.7296644863467764,-6.751386431893569,51.57042185927712,55.555549668677685,63.888878586852606,-44.444450331322315,0.1400002872242645,5.016722472031029,-0.5932820314111932,-1.1633993172190984,0.5701172858079052,-4.984509422070284,1.0912915591775203,-6.075800981247804,15.594998771238394,-1.257860465808136,-1.2658385028833763,230.5263117740029
2022-12-12 00:00:00+05:30,15.699999809265137,15.899999618530273,15.550000190734863,15.600000381469727,1968555,0.0,0.0,-704292072.3492559,842127922,-0.04505085189718986,49540.70621618394,-0.888978877748578,0.6342886771385049,131823432.84465027,15.743408991830046,52.01703190192143,407.9982599040608,15.652499961853028,16.497174591309193,14.807825332396863,10.792839885190682,0.46892319329094634,0.0,0.0,15.960000038146973,16.419999980926512,15.500000095367431,5.764410296742688,0.10869597667561168,0.0,0.0,14.699999809265137,16.5,15.599999904632568,11.499761668242607,0.5000002649095042,0.46705106047706196,4.175273095649219,-0.10687304906245032,-0.17041338037119313,0.06354033130874281,15.87083331743876,15.746153721442589,15.804999058766462,15.911872107828913,1.080882390065181,0.9044118100796654,0.17647057998551552,-0.14744167402331768,23.74536227390653,-0.6024997711181648,-14.422993590788009,-41.371017249472416,26.948023658684406,15.974999904632568,15.624999523162842,15.799999713897705,16.65000009536743,99.85918889800038,19.741774424909114,15.452540790212504,19.999622055398248,4.718588237196697,16.41249990463257,17.950000286102295,0.0,48.0,-48.0,15.193518247960117,16.258714264198876,0.0,0.0,42.82871623394403,0.5119526335075947,0.5981219230743194,0.6676068736201354,-7.680268579078573,43.72805791419095,50.000026490950425,57.40740838855371,-49.999973509049575,0.03955897162942357,4.697991817858186,-0.6716560335465929,-1.0650506604845973,0.3933946269380044,-4.954791709002121,-0.11792509445840804,-4.836866614543713,15.595122298803652,-0.6369390382820028,-0.6389761496866431,228.42106066252055
2022-12-13 00:00:00+05:30,15.75,16.350000381469727,15.649999618530273,16.350000381469727,2640270,0.0,0.0,-701651802.3492559,844768192,0.03308703264710441,325349.53389958624,7.290931479190556,1.5354227121567134,131950368.89923859,15.812553746593123,58.54547521824241,407.9982599040608,15.682499980926513,16.579871331402238,14.785128630450789,11.444238502370569,0.8719198301736235,0.0,0.0,15.980000050862632,16.44500010808309,15.514999993642173,5.819775416025194,0.8978497688997884,0.0,0.0,14.699999809265137,16.5,15.599999904632568,11.477763066628873,0.9166668874245869,0.49534595442935575,3.492245900351549,-0.055480637919103515,-0.1474268318807752,0.0919461939616717,15.979166666666666,15.749999889960655,15.888845416105426,15.944326054024529,1.119718373235652,0.8169013668303181,0.3028170064053338,-0.1248940576973958,23.817008121955045,0.11750020980834996,-5.789166141809181,-34.31040371274083,28.521237570931646,16.02500009536743,15.599999904632568,15.8125,16.375000476837158,99.92959444900019,18.73735199676931,20.080417914327985,17.92193718425383,85.84876265747077,16.27500009536743,17.950000286102295,68.0,44.0,24.0,15.245777518041713,16.258714264198876,0.0,0.0,56.9079513663501,1.0,0.6956527955693508,0.6561291648173003,-4.026918617413972,50.85922332697408,91.42859322684151,65.66138979548987,-8.571406773158483,0.05235303990981066,8.637874912022752,-0.3479647727418342,-0.9216334829360446,0.5736687101942104,-2.3119113943904597,-0.5567223544448184,-1.7551890399456411,15.626375549974446,4.807692190128909,4.6956981966065126,244.21053434673107
2022-12-14 00:00:00+05:30,16.649999618530273,16.899999618530273,16.5,16.549999237060547,3939412,0.0,0.0,-704606375.4377046,848707604,-0.017460940613300828,391425.0135854661,7.10765100673194,1.9997955189193877,131998557.1483712,15.943216665619271,63.23796418584415,407.9982599040608,15.72249994277954,16.69639680293737,14.748603082621711,12.388575146474542,0.9248392864450248,0.0,0.0,16.06166671117147,16.496666749318443,15.626666673024497,5.416623890525819,1.0613017046725917,1.0,0.0,14.699999809265137,16.899999618530273,15.799999713897705,13.992684479388235,0.8409089037209341,0.5008112826924749,2.695540623157601,0.0013706543106390967,-0.11766733464249235,0.11903798895313145,16.041666587193806,15.769230659191425,15.990561388560058,15.98919073424942,1.206896710480882,0.7655172368434033,0.44137947363747876,-0.09736235692337876,23.899783090710837,0.17749967575073278,3.842188992447178,-27.02996758949762,30.872156581944797,16.22499990463257,15.799999713897705,16.012499809265137,16.375000476837158,99.9647972245001,19.000904697630723,26.14012928676297,16.563049115306356,163.99200775300037,16.21250009536743,17.950000286102295,100.0,40.0,60.0,15.295946417320044,16.258714264198876,0.0,0.0,59.75419863995414,1.0,0.8373175445025316,0.7103640877154005,-0.07936110625879648,51.8119789606291,82.49998092651367,74.6428668814352,-17.500019073486328,0.19500000336590873,4.746829349821678,0.00857238076285566,-0.7355923101962646,0.7441646909591203,4.218008384340522,0.3982237933122497,3.8197845910282724,15.682525040658824,1.223234562229658,1.2158135049266328,248.42103656969573
2022-12-15 00:00:00+05:30,16.700000762939453,16.850000381469727,16.0,16.049999237060547,2630101,0.0,0.0,-706927057.6509393,846077503,-0.07079859754277956,147642.79735897094,-8.887483053113234,1.0457609469469085,131919097.89999522,16.04431055035298,55.22279471783925,395.67202791879197,15.744999885559082,16.727293137888363,14.7627066332298,12.477526319072457,0.655248623961444,0.0,0.0,16.07166668574015,16.5166667620341,15.626666609446207,5.537696680690613,0.4756545562193412,0.0,0.0,14.699999809265137,16.899999618530273,15.799999713897705,13.972688632934963,0.6136361567441903,0.5357301925702,2.268275889164743,0.0060106051537651695,-0.09293174668324085,0.09894235183700602,16.054166555404663,15.769230659191425,15.99970567294475,15.993695067790984,1.113333525763642,0.8266666191948724,0.2866669065687697,-0.07358052043015668,24.19750374684283,0.1549997329711914,9.070056155845464,-19.806243166604336,28.8762993224498,16.22499990463257,15.799999713897705,16.012499809265137,16.375000476837158,99.98239861225005,17.95061818065407,23.211025379663315,21.298498556588257,92.41620288764841,16.200000286102295,17.950000286102295,96.0,36.0,60.0,15.392189609392657,16.258714264198876,0.0,0.0,50.732489213728044,0.46697475381720555,0.8223249179390685,0.7850984193369834,0.3118014096894153,45.848342871143664,52.77773656961084,75.56877024098867,-47.22226343038916,0.29338236416087504,0.943393849868147,0.037581091350613965,-0.5809576298868888,0.6185387212375028,4.619407872501192,1.2424606091500383,3.3769472633511537,15.690425643089949,-3.0211481755258673,-3.067725368315477,237.89472078022206
2022-12-16 00:00:00+05:30,16.149999618530273,16.850000381469727,16.100000381469727,16.799999237060547,3127429,0.0,0.0,-704216628.7284286,849204932,-0.014301212345617232,461632.64773626084,1.199072562515327,0.82679189053529,132065239.44899817,16.149551946786175,54.26115153316268,395.67202791879197,15.80999984741211,16.886382581831867,14.733617112992352,13.616480010225269,0.9598733136415984,0.0,0.0,16.118333339691162,16.57333345413208,15.663333225250245,5.645746428639567,1.2490832152943343,1.0,0.0,14.699999809265137,16.899999618530273,15.799999713897705,13.915242444643336,0.9545452772093059,0.562157287754098,2.229747851237289,0.0694064571801043,-0.060464105910571816,0.12987056309067613,16.12916652361552,15.79999986061683,16.122827759731795,16.05342130255169,1.0993377458348117,0.8675495459057753,0.23178819992903643,-0.04401047923228753,24.576283337420982,0.5400005340576168,18.645241482641204,-12.285727739993895,30.9309692226351,16.22499990463257,15.799999713897705,16.012499809265137,16.375000476837158,99.99119930612503,16.975352129175754,20.843699620184868,19.12623415006175,125.50606833088028,16.200000286102295,17.950000286102295,92.0,32.0,60.0,15.482658209940915,16.258714264198876,0.0,0.0,60.39243152369571,1.0,0.8223249179390685,0.8273224601268893,4.36073331976019,52.05594963965209,93.1034210604202,76.12704618551489,-6.896578939579792,0.4135294605703912,5.660375095112521,0.4323468242191597,-0.3782967390656791,0.8106435632848388,6.451194252662562,2.284207337852543,4.166986914810019,15.731991229405324,4.672897418388655,4.567003895529398,253.68419446443258
2022-12-19 00:00:00+05:30,16.850000381469727,17.350000381469727,16.799999237060547,17.149999618530273,2806322,0.0,0.0,-703451271.7218986,852011254,0.021754305025610803,536001.3795634931,11.759177027166825,0.9208069135453989,132123704.55704175,16.246844466295343,54.33705510263398,403.9152045257874,15.90999984741211,17.08923672262059,14.730762972203626,14.823845210787912,1.0257636515559863,1.0,0.0,16.204999955495197,16.68000014623006,15.729999764760336,5.862390521930082,1.4947360879719722,1.0,0.0,14.699999809265137,17.350000381469727,16.02500009536743,16.65619483104919,0.9245280302814922,0.5609416734196062,2.2157137249425785,0.1462048735894328,-0.019130310010570896,0.16533518360000368,16.1958331267039,15.842307567596436,16.280854199546944,16.13464932595751,1.1275165955294062,0.8590602815476351,0.26845631398177106,-0.007451113088755405,24.822172169306278,0.29000091552734375,27.56673439324617,-4.555268635276593,32.12200302852276,16.450000286102295,16.02500009536743,16.237500190734863,16.375000476837158,99.99559965306251,17.07172490256485,25.763053960612243,17.783360367916003,187.04095688515199,16.200000286102295,17.950000286102295,100.0,28.000000000000004,72.0,15.567698694456277,16.258714264198876,0.0,0.0,63.94521514856119,1.0,0.8223249179390685,0.8223249179390685,8.91339340176773,53.59999203471028,89.47364722593792,78.45160161865631,-10.526352774062074,0.6423529821283669,4.892961580399876,0.9061546404619876,-0.12140646316014578,1.0275611036221333,6.745633277991743,3.1764925258803833,3.56914075211136,15.826935222118612,2.083335698597133,2.061931037266662,261.0526235480057
2022-12-20 00:00:00+05:30,17.350000381469727,17.399999618530273,16.649999618530273,16.950000762939453,1587934,0.0,0.0,-703768853.6759086,850423320,0.04229877871246949,414060.4706610293,-2.3615681162534123,0.9775908106766976,132105186.48183371,16.31716532574438,56.026250972072795,399.20484998014615,16.00749988555908,17.19209897997809,14.822900791140073,14.80055102780512,0.8978142824102968,0.0,0.0,16.303333282470703,16.82333335876465,15.783333206176758,6.37906454201054,1.1217955630675722,1.0,0.0,14.699999809265137,17.399999618530273,16.049999713897705,16.867092478950443,0.8333337454148572,0.5798475060776456,2.223542059112856,0.1887540959873384,0.02244657118901096,0.16630752479832742,16.2583331267039,15.880769142737755,16.383799824684253,16.195045728696915,1.1266666090223671,0.8399999389648592,0.2866666700575079,0.029772254552479314,25.10866552209177,0.14249973297119212,35.78730458454261,3.2794326698992697,32.50787191464334,16.47499990463257,16.049999713897705,16.262499809265137,16.375000476837158,99.99779982653126,16.77907819900536,23.35499126735943,17.990544063225006,153.76755718285142,16.200000286102295,17.950000286102295,100.0,24.0,76.0,15.710282829417354,16.258714264198876,0.0,0.0,60.60012538887086,0.8415888082008325,0.9471962694002775,0.8639487017594712,11.247725137934673,52.718606867037145,75.67573001214002,86.08426609949936,-24.32426998785998,0.8017646789550774,4.6296294115971035,1.1655051745415845,0.13597586438020026,1.0295293101613843,3.03225061156347,3.1476441430170006,-0.1153935314535306,15.902131200689501,-1.1661741110170376,-1.1730272531180308,256.84212132504115
2022-12-21 00:00:00+05:30,17.049999237060547,17.100000381469727,16.149999618530273,16.149999618530273,2397487,0.0,0.0,-706166340.6759086,848025833,-0.009443616333536574,80910.06860857789,-15.849927143682114,-0.6062442197670403,131992030.59644285,16.34259779765305,46.50180110176353,399.20484998014615,16.06749987602234,17.148830062220334,14.986169689824344,13.45984371609267,0.5381473409144377,0.0,0.0,16.354999923706053,16.94000005722046,15.769999790191651,7.15377726986675,0.32478610394134716,0.0,0.0,14.75,17.399999618530273,16.074999809265137,16.49291824476619,0.5283018188911033,0.6168628317638263,2.715266240073735,0.15612158240334395,0.04918157343187756,0.10694000897146638,16.2583331267039,15.896153743450459,16.347830562199025,16.19170897979568,1.0194804631833538,0.9285713047176642,0.09090915846568959,0.05594888714118442,25.48053231141858,-0.11750006675720215,38.396650915337396,10.464553852354381,27.932097062983015,16.47499990463257,16.049999713897705,16.262499809265137,16.325000286102295,99.99889991326563,15.780664593019354,20.713920029658457,21.907879257075464,65.0137572775627,16.200000047683716,17.950000286102295,96.0,20.0,76.0,15.879254508328646,16.258714264198876,0.0,0.0,49.45557065823542,0.31382353917126793,0.7184707824573667,0.8293306565989041,8.984693906601954,45.634380111258444,32.4324115337923,65.86059625729007,-67.5675884662077,0.7610294229844055,0.0,0.9642069444192418,0.3016220803880086,0.6625848640312333,2.6799773116326064,3.054110776740122,-0.37413346510751566,15.904386883911314,-4.7197705510335535,-4.83478527893868,239.99999196905839
2022-12-22 00:00:00+05:30,16.0,16.149999618530273,15.350000381469727,15.5,2800845,0.0,0.0,-707916870.4703438,845224988,-0.035121379697254554,-190726.82427299375,-24.99243379865642,-2.306795233580805,131879303.15219736,16.302690028303402,46.53152703580641,399.20484998014615,16.097499895095826,17.0760063174629,15.11899347272875,12.157247134571278,0.19468780100061497,0.0,0.0,16.33166659673055,16.976666673024493,15.686666520436606,7.8987661482517195,-0.1447027119044384,0.0,1.0,14.899999618530273,17.399999618530273,16.149999618530273,15.530361958639528,0.24000015258789062,0.6351764722934983,3.7315177772790755,0.07692381350289068,0.05473002144608019,0.02219379205681049,16.22083314259847,15.886538358835073,16.217395091091483,16.140471277588592,0.9171975249668218,1.0382164521770738,-0.12101892721025198,0.06551294555971025,25.71031591003116,-0.1475000858306892,35.68351919354299,16.531059553889534,19.152459639653458,16.375,16.049999713897705,16.212499856948853,16.250000476837158,49.999449956632816,16.20009337350359,18.787223518969657,29.171584839227506,-80.60606236628641,16.21250033378601,17.950000286102295,92.0,16.0,76.0,15.879254508328646,17.399999618530273,0.0,1.0,42.60051174344293,0.0,0.38513744912403336,0.6836015003272257,4.3757050896070275,37.26247246470442,7.317057285609282,38.475066277180524,-92.68294271439072,0.6473529254688941,-2.8213154523283315,0.4765896371917041,0.3366155917487477,0.13997404544295639,3.686080198356075,3.1805046610633125,0.5055755372927626,15.89875232627684,-4.024765534882569,-4.1080002123047965,226.3157894736842
2022-12-23 00:00:00+05:30,15.300000190734863,15.300000190734863,14.75,14.75,3149174,0.0,0.0,-711066044.4703438,842075814,-0.06383196850099834,-500891.6350911375,-12.662053155229602,-3.4495495055878087,131726923.76510058,16.176266965408598,39.011680974982454,399.20484998014615,16.08249988555908,17.131439771729205,15.033559999388954,13.044488029028342,-0.1351650381149507,0.0,1.0,16.24999993642171,16.915000089009602,15.584999783833823,8.184617294642582,-0.6278192422846585,0.0,1.0,14.75,17.399999618530273,16.074999809265137,16.477535441550234,0.0,0.6466588250641484,5.273109225971678,-0.045831405020290816,0.03461773615280599,-0.08044914117309682,16.120833158493042,15.853846036470854,15.991642000154332,16.037473405174623,0.793939464698684,1.12121209318864,-0.327272628489956,0.05424538871553635,25.680126726656926,-0.18250026702880717,28.456970285399937,21.29549998457708,7.161470300822856,16.074999809265137,16.049999713897705,16.06249976158142,16.200000286102295,24.999724978316408,17.34748342903975,17.174392818911564,33.53506677452414,-205.88668173037132,16.03749990463257,17.950000286102295,88.0,12.0,76.0,15.879254508328646,17.35899963378906,0.0,0.0,36.341181546401,0.0,0.1046078463904226,0.402738692657274,-1.9895429507023796,33.490781210933584,0.0,13.249822939800517,-100.0,0.3941175601061637,-7.523509865925347,-0.2857769666230775,0.2121370800743827,-0.4979140466974602,5.491999485492785,3.642803625949207,1.8491958595435785,15.86244027537795,-4.8387096774193505,-4.959694113937196,210.52631578947367
2022-12-26 00:00:00+05:30,14.5,15.449999809265137,14.199999809265137,15.449999809265137,1699188,0.0,0.0,-709366856.4703438,843775002,-0.11594380826918954,-259416.9335201737,-14.71293097808298,-4.183729969872701,131807563.17363656,16.124990557420745,43.70740276307926,418.15015973226957,16.064999866485596,17.143470976861543,14.986528756109651,13.426344467338911,0.21487411609659315,0.0,0.0,16.184999910990395,16.940000120798747,15.429999701182046,9.329628841031608,0.013245101010082725,0.0,0.0,14.199999809265137,17.399999618530273,15.799999713897705,19.919077720883752,0.39062502328306575,0.7069929425577335,5.864862664260034,-0.08564441018943647,0.0105653068843575,-0.09620971707379397,16.083333174387615,15.85192295221182,15.908312432325225,15.993956842514661,0.7771740144502379,1.0652174273600845,-0.2880434129098466,0.03799791342534486,25.761705371370887,-0.3650000572204597,25.5935514167824,24.78246860219837,0.8110828145840294,15.799999713897705,15.799999713897705,15.799999713897705,16.09999990463257,12.499862489158204,18.983502403100154,14.881396761406707,34.93226817019663,-171.40896197446796,15.924999952316284,17.950000286102295,84.0,100.0,-16.0,15.879254508328646,17.2546396484375,0.0,0.0,44.5328150435599,0.2967549458611676,0.09891831528705582,0.19622120360050377,-3.777141770117117,47.353603600105885,39.06250232830658,15.45985320463861,-60.93749767169342,-0.01544126342324681,-2.8301875475562603,-0.5354798129864841,0.06261370146220935,-0.5980935144486934,2.2461551043618457,3.363473921631735,-1.1173188172698891,15.859767392618455,4.745761418746697,4.636590821262709,225.26315387926604
2022-12-27 00:00:00+05:30,15.5,15.75,15.449999809265137,15.550000190734863,1574655,0.0,0.0,-709891738.133217,845349657,-0.12553836532820814,-199862.21434826142,14.765150234798524,-3.0011936679630824,131817755.15438913,16.10804808257944,48.49842018240838,420.85664361583423,16.047499895095825,17.14726116771846,14.947738622473187,13.7063253442828,0.27381468290179156,0.0,0.0,16.131666564941405,16.846666717529295,15.416666412353516,8.864554070833373,0.0932403845640841,0.0,0.0,14.199999809265137,17.399999618530273,15.799999713897705,19.940799689570763,0.42187514435500767,0.6662936673754465,6.3392530298634995,-0.10788369252449215,-0.01312449299741243,-0.09475919952707972,16.070833206176758,15.867307589604305,15.853187472080554,15.961071164605046,0.9239130705200634,1.0217391078999472,-0.09782603737988371,0.02026845142109626,25.78130023108255,-0.44749951362609863,21.10951673059212,26.701060573103362,-5.591543842511243,15.799999713897705,15.799999713897705,15.799999713897705,16.049999713897705,6.249931244579102,19.853638654112988,17.720680583720533,33.76703965235603,-74.85148111979191,15.887499809265137,17.950000286102295,80.0,96.0,-16.0,15.879254508328646,17.07136125808716,0.0,0.0,45.609584516175204,0.33576263177164406,0.21083919254427053,0.13812178474058281,-4.682966527724454,42.724290454887246,42.187514435500766,27.083338921269103,-57.812485564499234,-0.2827941501841824,-0.9554115946023977,-0.6759176211414487,-0.08509256305852227,-0.5908250580829264,-0.8589443182232074,2.5189902736607466,-3.377934591883954,15.851751849660028,0.6472516679887352,0.6451659892694472,227.36842506810237
2022-12-28 00:00:00+05:30,15.699999809265137,15.699999809265137,15.5,15.600000381469727,968742,0.0,0.0,-709891733.5138907,846318399,-0.1477264662490396,-164390.85733095653,0.0,-2.9438879449245556,131820870.09227844,16.100939968000993,51.796450723564675,422.20988555761653,16.032499933242796,17.14797057739258,14.917029289093012,13.915118026439496,0.3061358431791262,0.0,0.0,16.026666609446206,16.721666781107583,15.331666437784829,8.6730470982873,0.19304595496966087,0.0,0.0,14.199999809265137,17.399999618530273,15.799999713897705,19.9594562456854,0.43750020489097863,0.6196642815644156,6.743855594126068,-0.12008956868251452,-0.03451750813443285,-0.08557206054808167,16.070833206176758,15.89038452735314,15.81423561198658,15.934325180669095,0.929347873410111,1.0163043050098997,-0.08695643159978861,0.0028786944115362736,25.705376892484576,0.31750044822693013,16.324665069765075,27.50712823020554,-11.182463160440467,15.799999713897705,15.799999713897705,15.799999713897705,15.825000286102295,3.124965622289551,20.66162231576776,17.30622369124657,32.9772854295291,-68.46498902790641,15.725000381469727,17.950000286102295,76.0,92.0,-16.0,15.879254508328646,16.899079571157838,0.0,0.0,46.17224647257227,0.35614595561867174,0.3295545110838278,0.21310400630505125,-5.173526416937832,41.46138810898545,43.750020489097864,41.66667908430173,-56.249979510902136,-0.4745588807498695,0.0,-0.7536533070644404,-0.2188047118597059,-0.5348485952047346,-5.641144565215981,0.886963305885401,-6.5281078711013825,15.843370352782078,0.3215446310068426,0.321028781752819,228.42106066252055
2022-12-29 00:00:00+05:30,15.600000381469727,15.699999809265137,15.399999618530273,15.550000190734863,1133967,0.0,0.0,-709891729.909109,845184432,-0.21059760955448384,-149006.24432468286,-1.3227957036878966,-2.82544203686079,131817235.56888737,16.097556497139706,52.34042902214197,422.20988555761653,15.992499923706054,17.116899607220493,14.868100240191618,14.061587480112644,0.30322845183124325,0.0,0.0,15.951666609446207,16.591666762034098,15.311666456858319,8.024241833250155,0.18619818519794382,0.0,0.0,14.199999809265137,17.399999618530273,15.799999713897705,20.0093782993971,0.42187514435500767,0.5876978724814603,7.111097134360002,-0.13227265417910417,-0.05406853734336711,-0.07820411683573705,16.00416652361552,15.913461465101976,15.773584008717085,15.90585666289619,0.939890699561164,1.0109288973900805,-0.07103819782891652,-0.014157978305580127,25.606735287755715,0.5574993133544925,12.368368125422567,26.80969785718125,-14.441329731758682,15.799999713897705,15.799999713897705,15.799999713897705,15.799999713897705,1.5624828111447755,21.532026790241424,16.67617789110201,32.99025147298597,-68.90549073021441,15.5625,17.950000286102295,72.0,88.0,-16.0,15.879254508328646,16.737134785444276,0.0,0.0,45.66352589934475,0.3377167441288078,0.34320844383970783,0.29453404915593523,-5.716759423832817,42.07890322314797,42.187514435500766,42.708349786699785,-57.812485564499234,-0.49911774467019576,-4.892967413270177,-0.8315971719250961,-0.34136320387278396,-0.4902339680523121,-9.033066685117818,-1.097042692315243,-7.936023992802575,15.838185438520918,-0.320514035334607,-0.321028781752819,227.36842506810237
2022-12-30 00:00:00+05:30,15.550000190734863,15.899999618530273,15.399999618530273,15.550000190734863,1191161,0.0,0.0,-710368191.5827578,846375593,-0.2552448222507775,-127719.63799258533,4.197581377856073,-2.462116304317601,131817235.56888737,16.105222497581316,57.25039044404224,422.20988555761653,15.959999895095825,17.096045459291254,14.823954330900396,14.236160045897147,0.31954962138717924,0.0,0.0,15.854999923706055,16.470000076293946,15.239999771118164,7.757807070920965,0.2520327989450347,0.0,0.0,14.199999809265137,17.399999618530273,15.799999713897705,20.05012424999094,0.42187514435500767,0.5789280852333143,7.435169039251196,-0.14031042595929044,-0.07131691506655179,-0.06899351089273865,15.920833269755045,15.938461487109844,15.739186498258283,15.879496924217573,0.9462365712688346,0.9838709098532891,-0.03763433858445442,-0.0302056438098473,25.486302830651795,0.08999934196472203,5.521451619798666,24.36022199346486,-18.838770373666197,15.799999713897705,15.799999713897705,15.799999713897705,15.799999713897705,0.7812414055723877,21.86585349183873,18.106758320319667,30.966771569842205,-53.77909393616158,15.5625,17.950000286102295,68.0,84.0,-16.0,15.879254508328646,16.584906686873527,0.0,0.0,45.66352589934475,0.3377167441288078,0.3438598146254291,0.3388742565163214,-6.1458183750122535,46.70106670946194,42.187514435500766,42.70834978669979,-57.812485564499234,-0.36676487081191134,-6.042290588668896,-0.883594906242308,-0.44980954434668874,-0.4337853618956192,-11.592097568664249,-3.1960536675850446,-8.396043901079205,15.81706268488165,0.0,0.0,227.36842506810237
2023-01-02 00:00:00+05:30,15.550000190734863,15.899999618530273,15.399999618530273,15.75,1157702,0.0,0.0,-709905109.0162448,847533295,-0.21292774482449994,-76396.8069670921,0.0,-2.9828971242597837,131832125.61238228,16.088028617140594,55.1013112495179,427.6402325380424,15.939999914169311,17.07604548508048,14.803954343258141,14.254022296465907,0.416376631785589,0.0,0.0,15.71333325703939,16.323333295186362,15.103333218892413,7.764107438804582,0.5300547054652626,0.0,0.0,14.199999809265137,17.399999618530273,15.799999713897705,20.07528122017496,0.48437508847564986,0.5710352767099829,7.748655220187273,-0.1290544455498619,-0.08286442116321381,-0.046190024386648085,15.895833333333334,15.965384556696964,15.740850113910854,15.869904559460716,0.9392265123506064,1.0386739609562663,-0.0994474486056599,-0.042405525773742896,25.326735782493508,0.8599993228912357,-0.9927500588245555,20.273549255312954,-21.26629931413751,15.650000095367432,15.799999713897705,15.724999904632568,15.799999713897705,0.3906207027861939,22.17583542903623,16.98484442732081,29.048037656740817,-40.326540982889085,15.512499809265137,17.59999990463257,64.0,80.0,-16.0,15.879254508328646,16.441812274217025,0.0,0.0,48.30573942187296,0.4334351293694865,0.36962287254236736,0.35223037700250126,-5.73723314289721,50.96804564151086,48.437508847564985,44.27084590618883,-51.562491152435015,-0.19661784452550535,-1.8691542138383914,-0.8132024050070744,-0.5224881164787659,-0.2907142885283085,-13.804868050489253,-5.317816544165886,-8.487051506323366,15.81080877623685,1.2861723910736922,1.2779714380491747,231.57894736842107
2023-01-03 00:00:00+05:30,15.949999809265137,15.949999809265137,15.699999809265137,15.800000190734863,1022291,0.0,0.0,-710109564.0964602,848555586,-0.19541125356775638,-58180.87097371693,4.279608025866981,-3.184900194321567,131835370.99301635,15.996596663747638,50.010259906885466,428.99782575663306,15.932499933242799,17.070161800962403,14.794838065523196,14.281021465387209,0.44176664162369855,0.0,0.0,15.594999917348224,16.1549999554952,15.034999879201251,7.18178956223036,0.6830359459125919,0.0,0.0,14.199999809265137,17.399999618530273,15.799999713897705,20.0847313520988,0.5000001490116208,0.5389317490389847,8.029175086262896,-0.11477633234368234,-0.08924680339930752,-0.025529528944374824,15.81250007947286,15.965384556696964,15.749950125729933,15.864726458073616,0.8914285197355478,1.0799998430525066,-0.1885713233169588,-0.05081409619982568,25.09161157310788,1.2174996852874749,-8.513991735619806,15.06125562742882,-23.575247363048625,15.174999713897705,15.799999713897705,15.487499713897705,15.799999713897705,3.525038632029443,22.334869409549732,17.0821955679077,28.11017956728633,-19.31486877088924,15.512499809265137,17.52500009536743,60.0,76.0,-16.0,15.879254508328646,16.307303526319913,0.0,0.0,48.97377054719534,0.4576356188686048,0.4095958307889664,0.3743595059855875,-5.215588424261103,57.60166542596223,50.00001490116208,46.87501272807594,-49.99998509883792,-0.15088256667642064,-5.95237554606372,-0.7234687131039202,-0.5626842358037968,-0.16078447730012346,-16.199531504418047,-7.494159536216319,-8.705371968201728,15.810013666934157,0.3174615284753157,0.316958683310542,232.63158296283925
2023-01-04 00:00:00+05:30,15.949999809265137,15.949999809265137,15.600000381469727,15.649999618530273,857561,0.0,0.0,-710722111.0059918,847698025,-0.2150319176051333,-68245.69522037741,-2.0406561462252824,-2.695841129543856,131827229.56015891,15.956409527948251,53.62474492549672,424.925046100861,15.917499923706055,17.061735284350544,14.773264563061566,14.377073863721149,0.3831095793853493,0.0,0.0,15.521666590372721,16.021666495005288,15.021666685740154,6.442605911180836,0.6283330526351399,0.0,0.0,14.199999809265137,17.399999618530273,15.799999713897705,20.103658392354397,0.45312496740370795,0.5200385169146272,8.323454557529384,-0.11424764163329648,-0.09424697104610533,-0.020000670587191155,15.68750007947286,15.955769172081581,15.734573124622294,15.84882076625559,0.933333325626876,1.0787878143338718,-0.14545448870699584,-0.058059957965509106,24.828392064841395,1.032500839233398,-14.159431760470072,9.523149965871811,-23.682581726341883,15.074999809265137,15.799999713897705,15.437499761581421,15.799999713897705,13.072557348989756,22.643761987362023,16.289267320728907,28.13158458910681,-29.401218698953212,15.674999713897705,17.40000009536743,56.00000000000001,72.0,-15.999999999999993,15.879254508328646,16.180865303296628,0.0,0.0,47.01104223189231,0.38653266545278825,0.42586780456362644,0.4016955026316533,-5.310169532705104,44.089934149252755,45.3124967403708,47.916673496365945,-54.6875032596292,-0.12250018680797048,-8.74635587967755,-0.7208589416100034,-0.5943191769650381,-0.1265397646449653,-18.941912683331648,-9.783710165639384,-9.158202517692263,15.805055637839915,-0.9493706986949957,-0.9539059493647972,229.47367617958471
2023-01-05 00:00:00+05:30,15.75,15.75,15.25,15.449999809265137,1287556,0.0,0.0,-710979623.1883191,846410469,-0.22134199704383037,-95283.58939149241,-10.67915086285302,-3.544285659927309,131810775.18567361,15.847680228726546,44.349127261128665,424.925046100861,15.894999933242797,17.057281990890615,14.732717875594979,14.624499056675328,0.30856620772489834,0.0,0.0,15.50333325068156,15.973333231608075,15.033333269755044,6.063211998695228,0.4432622940629848,0.0,0.0,14.199999809265137,17.399999618530273,15.799999713897705,20.132115902515093,0.39062502328306575,0.5180346652231644,8.734892680086928,-0.12848585857783945,-0.10109474855245215,-0.0273911100253873,15.5625,15.938461487109844,15.690792614567346,15.819278473145186,0.8805031801136731,1.1132076082810112,-0.23270442816733805,-0.06655564651855923,24.590978414865265,0.2549996852874763,-14.637977649439026,4.734822417556371,-19.372800066995396,15.074999809265137,15.799999713897705,15.437499761581421,15.799999713897705,39.769386851853035,23.460488429973147,15.203536481691696,30.922251089500563,-60.37429858214912,15.674999713897705,17.40000009536743,52.0,68.0,-16.0,15.879254508328646,16.06201337365474,0.0,0.0,44.45293672743197,0.2938612268750524,0.3793431703988151,0.4049356019171359,-6.095773193515498,42.58412123909246,39.06250232830658,44.79167132327981,-60.93749767169342,-0.13250012958751078,-8.849562750191804,-0.8122106124875234,-0.6378974640695352,-0.17431314841798817,-18.91465856657528,-11.609899845826565,-7.3047587207487155,15.802901162994708,-1.2779540839625847,-1.2861901612643667,225.26315387926604
2023-01-06 00:00:00+05:30,15.649999618530273,15.649999618530273,15.300000190734863,15.399999618530273,725217,0.0,0.0,-711290432.1678014,845685252,-0.2173630877576917,-86851.78923901712,-1.2065380532215542,-4.470408165669336,131808428.19610909,15.67124392181761,34.97145674093079,423.54987887656614,15.879999923706055,17.05957596323402,14.700423884178091,14.856121476009134,0.2965369382342378,0.0,0.0,15.554999891916912,16.00499979654948,15.10499998728434,5.785919739754036,0.32777743751612937,0.0,0.0,14.199999809265137,17.399999618530273,15.799999713897705,20.151132396972486,0.3749999627470948,0.501231141480389,9.070358633387396,-0.14216554964910522,-0.10930890877178276,-0.03285664087732246,15.5,15.901922996227558,15.646055230561643,15.788220780210748,0.7935485585795444,1.1935485339685912,-0.39999997538904675,-0.07601607536239158,24.36113084858394,-0.3799999237060554,-13.557777303921306,0.38467478192262583,-13.942452085843932,15.599999904632568,15.799999713897705,15.699999809265137,15.799999713897705,65.43227387988341,24.21887726954062,14.476165172859941,29.442861193993075,-61.575114118515266,15.674999713897705,17.250000476837158,48.0,64.0,-16.0,15.879254508328646,15.950292559791363,0.0,0.0,43.811092821815095,0.30792401037412864,0.32943930090065643,0.37821675862103254,-6.924330598317212,40.59000639531612,37.49999627470948,40.62499844779561,-62.50000372529052,-0.1726471368004283,-4.643962957989553,-0.9004532659392386,-0.690408624443476,-0.21004464149576263,-21.768452379573,-13.641610352575853,-8.126842026997146,15.762406189217584,-0.3236258339943676,-0.3241506349634271,224.21051828484786
2023-01-09 00:00:00+05:30,15.600000381469727,15.649999618530273,15.199999809265137,15.300000190734863,952070,0.0,0.0,-711819358.1520679,844733182,-0.19993277400353163,-88045.31295075413,-2.363279621656909,-4.4705304160553,131802245.95860392,15.557268786730864,36.29853131608351,423.54987887656614,15.864999914169312,17.065874437674115,14.664125390664507,15.138664103392543,0.26475488805213726,0.0,0.0,15.58999989827474,15.959999783833823,15.220000012715658,4.746631019542571,0.10810838211249968,0.0,0.0,14.199999809265137,17.399999618530273,15.799999713897705,20.17018485078692,0.3437501396983945,0.4961080082588638,9.17348863891667,-0.1592402984362078,-0.11929518670466777,-0.03994511173154003,15.483333349227905,15.867307589604305,15.592815993665216,15.752056292101424,0.7919463791732858,1.2080537488367091,-0.4161073696634233,-0.08680588876442966,24.258067230780746,-1.1149999141693119,-17.08244120856869,-3.858876100206353,-13.223565108362337,15.574999809265137,15.799999713897705,15.687499761581421,15.799999713897705,77.83012413564731,25.075803761717392,13.576794990939927,28.994265685699787,-67.16625586198438,15.662499904632568,17.200000286102295,44.0,60.0,-16.0,15.879254508328646,15.845274994759789,0.0,0.0,42.489725898578875,0.4688395547627474,0.35687493067064274,0.35521913399003796,-7.980480937888516,37.878000866439834,37.93104015264048,38.16451291855217,-62.06895984735952,-0.22647063872393502,-1.2903213500976562,-1.010917530278608,-0.7545104056105023,-0.25640712466810567,-22.786452764692786,-15.470578834999241,-7.315873929693545,15.750628859184257,-0.6493469498212501,-0.651464378410127,222.10526717336558
2023-01-10 00:00:00+05:30,15.300000190734863,15.399999618530273,15.0,15.149999618530273,1233396,0.0,0.0,-712127708.6223919,843499786,-0.2890526342939901,-101897.42620848244,-7.296916482814542,-3.8596010831361878,131790153.79497984,15.423546825902864,38.770886550312724,423.54987887656614,15.80499987602234,17.022743525888274,14.587256226156406,15.409600245721796,0.23105987554762547,0.0,0.0,15.549999872843424,15.929999701182046,15.1700000445048,4.887457639176658,-0.026316361854647568,0.0,1.0,14.199999809265137,17.399999618530273,15.799999713897705,20.246756307286248,0.29687495809048164,0.4864971692860047,9.1067693553368,-0.1827691039759145,-0.1319899701589171,-0.05077913381699739,15.516666650772095,15.828846051142765,15.524690397490609,15.707459501466523,0.8188406578309403,1.2173915146730443,-0.398550856842104,-0.09970994816432933,24.23930975697431,-0.35500006675720286,-22.767358983703957,-8.202434328369579,-14.564924655334378,15.474999904632568,15.799999713897705,15.637499809265137,15.799999713897705,65.50174201055634,26.16898485674047,12.814673130950998,30.173404747365723,-86.71284752191123,15.662499904632568,17.125000476837158,40.0,56.00000000000001,-16.000000000000007,15.879254508328646,15.74655848363011,0.0,0.0,40.515743646352774,0.3304597418382941,0.36907443565839,0.3517962224098963,-9.420381862298303,39.808279771915075,48.717943701909746,41.3829933764199,-51.282056298090254,-0.3595588768229767,2.7118618205442266,-1.1635815706470567,-0.8363246386178131,-0.32725693202924355,-21.825758263551702,-16.741614720709734,-5.084143542841968,15.694617310480705,-0.9803958845400862,-0.9852334088862325,218.947360390111
2023-01-11 00:00:00+05:30,15.149999618530273,15.5,15.149999618530273,15.25,824293,0.0,0.0,-712480975.7675247,844324079,-0.2377087782872364,-75564.99182972421,5.307584521974082,-1.6953140602340089,131795594.69375993,15.379513464374872,47.8179024923564,426.34559838320615,15.739999914169312,16.93020988703659,14.549789941302032,15.123379661467967,0.2941540041926907,0.0,0.0,15.519999853769937,15.91499973932902,15.124999968210858,5.090204758773008,0.15822793418309178,0.0,0.0,14.199999809265137,17.399999618530273,15.799999713897705,20.33036738700655,0.32812507916242356,0.4728474905043769,8.785619323224138,-0.19114327613079496,-0.1438206313532927,-0.047322644777502254,15.5,15.801922981555645,15.482430336338208,15.673573612469003,0.953488334269265,1.0697674246678477,-0.11627909039858264,-0.11207533812028307,24.26145881097194,-0.1899997234344486,-26.140132730131015,-12.481156645653309,-13.658976084477706,15.474999904632568,15.799999713897705,15.637499809265137,15.799999713897705,44.50317998744212,26.84353375298307,13.606270513888703,28.65754253122894,-68.20365343832904,15.674999952316284,17.049999713897705,36.0,52.0,-16.0,15.879254508328646,15.653764963168213,0.0,0.0,42.43576250678042,0.4824490814983523,0.4272494593664646,0.3843996085651657,-10.170022419003244,36.040798117812734,60.00001089913504,48.88299825122841,-39.99998910086496,-0.46058834580814256,-1.2944971633281173,-1.219525813683819,-0.9129648736310143,-0.30656094005280465,-23.31144748815796,-18.05558127419938,-5.25586621395858,15.66333913584019,0.6600685411728646,0.6578996277562421,221.0526315789474
2023-01-12 00:00:00+05:30,15.399999618530273,15.449999809265137,15.100000381469727,15.199999809265137,1003869,0.0,0.0,-712911207.6835222,843320210,-0.18996783651464424,-71940.51320730882,-1.7432425201028214,-0.9153990148678103,131792303.30743384,15.461084037381221,54.0935729723867,426.34559838320615,15.69749994277954,16.901025969029455,14.493973916529626,15.333983508673384,0.29331558991517115,0.0,0.0,15.489999866485595,15.889999675750733,15.09000005722046,5.164619918823663,0.13749975562083938,0.0,0.0,14.199999809265137,17.399999618530273,15.799999713897705,20.385410549003105,0.3125000186264526,0.4605626842334802,8.014288869787892,-0.1995145854716629,-0.15495942217696673,-0.044555163294696165,15.47083330154419,15.773076827709492,15.438979486019274,15.638494071490937,1.0578513191368757,0.9752066675882893,0.08264465154858636,-0.12396290281574238,24.344014901916154,-0.09749956130981374,-27.163732105227794,-16.112843726211807,-11.050888379015987,15.474999904632568,15.799999713897705,15.637499809265137,15.799999713897705,22.25158999372106,27.552494564965322,12.9079173798115,27.919886521353614,-71.74601617122569,15.712499856948853,17.000000476837158,32.0,48.0,-16.0,15.879254508328646,15.566539053934028,0.0,0.0,41.710814571628276,0.14129429230787285,0.3180677052148397,0.3714638667465646,-10.994089421650935,36.78501649942494,57.142857142857146,55.2869372479673,-42.857142857142854,-0.5077942175023704,-2.25080628409424,-1.2757915471885437,-0.9855302083425201,-0.29026133884602356,-23.281626789862294,-19.100790377331965,-4.180836412530329,15.630743894870456,-0.32787010317942844,-0.32840877495363685,219.99999598452916
2023-01-13 00:00:00+05:30,15.199999809265137,15.350000381469727,15.0,15.199999809265137,950062,0.0,0.0,-712775486.75956,844270272,-0.29187717585379586,-61663.297034836134,-3.6839706006908184,-0.12761613076837022,131792303.30743384,15.492190877759585,45.6231811211521,426.34559838320615,15.61749997138977,16.726226832236396,14.508773110543146,14.198519134019394,0.31172091302729393,0.0,0.0,15.446666558583576,15.831666405995685,15.061666711171465,4.984892319024895,0.17965344535006697,0.0,0.0,14.199999809265137,17.399999618530273,15.799999713897705,20.48983393710469,0.3125000186264526,0.44950645395710487,7.631541634511993,-0.20379963312651306,-0.16472746436687602,-0.03907216875963704,15.43749992052714,15.746153758122372,15.402213381903254,15.606013015029767,1.1553398831332005,1.0194173696544457,0.13592251347875473,-0.1347974137621589,24.419373381361773,-0.06749978065490758,-26.98312762103966,-19.000663455346817,-7.982464165692843,15.474999904632568,15.799999713897705,15.637499809265137,15.799999713897705,11.12579499686053,28.379012554174867,12.231814570047742,27.954017669932433,-79.6931358693261,15.762500047683716,16.950000286102295,28.000000000000004,44.0,-15.999999999999996,15.879254508328646,15.5,0.0,0.0,41.710814571628276,0.14129429230787285,0.25501255537136597,0.33344323998422326,-11.693940139985887,36.68100564364374,21.05261572840153,46.06516125679789,-78.94738427159847,-0.5597059221828697,-2.564106169380135,-1.3059045441666532,-1.0496050755073467,-0.25629946865930653,-23.427589598551794,-19.966150221575933,-3.4614393769758607,15.600441681219877,0.0,0.0,219.99999598452916
2023-01-16 00:00:00+05:30,15.149999618530273,15.350000381469727,15.0,15.050000190734863,1097170,0.0,0.0,-713559178.7625463,843173102,-0.36603833517830914,-76364.98052455384,0.0,-1.1822697189682647,131781475.999307,15.454895263717162,36.22709166893681,426.34559838320615,15.5125,16.395605567022955,14.629394432977044,11.385728503116265,0.23814013491938849,0.0,0.0,15.391666603088378,15.76166648864746,15.021666717529296,4.80779495944696,0.03828848914744163,0.0,0.0,14.199999809265137,17.399999618530273,15.799999713897705,20.628524153199916,0.26562513504178137,0.43955584670836706,7.323445367782027,-0.21680014278869386,-0.1751420000512396,-0.04165814273745427,15.395833253860474,15.721153772794283,15.348026737108118,15.564826879896811,0.9134615560960526,1.0769230204926317,-0.16346146439657905,-0.1460659193829063,24.487860998164113,0.03750019073486399,-31.23214567988755,-21.524902782487676,-9.707242897399876,15.474999904632568,15.799999713897705,15.637499809265137,15.799999713897705,5.562897498430265,29.14649354415516,11.57868337762464,26.461382150547823,-87.48581410488195,15.849999904632568,16.799999713897705,24.0,40.0,-16.0,15.879254508328646,15.449999809265137,0.0,0.0,39.370706698894764,0.0,0.0941961948719152,0.2224254851527068,-12.903085727753815,34.02395409419576,5.263179028797959,27.819550633352197,-94.73682097120204,-0.5876470032860244,-3.2154340441610696,-1.3928850250734763,-1.1182610654205727,-0.27462395965290365,-22.401826452990594,-20.453285467858866,-1.9485409851317286,15.470418373206845,-0.986839607977108,-0.9917411435586665,216.8421092786287
2023-01-17 00:00:00+05:30,15.100000381469727,15.300000190734863,14.800000190734863,15.0,1536472,0.0,0.0,-713866474.3347814,841636630,-0.3663485597865683,-76430.53945801427,-4.067760427785212,-1.4728240352386373,131776371.42175981,15.402247281684478,28.419500748476906,426.34559838320615,15.414999961853027,16.032332914206943,14.797667009499111,8.00950961896346,0.1638767133111756,0.0,0.0,15.313333288828531,15.708333174387613,14.918333403269452,5.158901437184067,0.10337546884976617,0.0,0.0,14.199999809265137,17.100000381469727,15.650000095367432,18.812848390406238,0.275862080305281,0.4456002620375303,7.044822222707493,-0.22850368958789957,-0.1858143379585716,-0.042689351629327965,15.349999904632568,15.698076835045448,15.294484162168407,15.522987851756307,0.8727272853378444,1.0727272159797003,-0.19999993064185595,-0.15749971908040236,24.485296118296557,0.33500003814697266,-35.513491293900465,-23.897576063979944,-11.615915229920521,15.275000095367432,15.799999713897705,15.537499904632568,15.799999713897705,2.7814487492151323,30.204896417085497,10.699724976434018,27.48911975953014,-105.53809976004084,15.799999713897705,16.65000009536743,20.0,36.0,-16.0,15.879254508328646,15.374999809265137,0.0,0.0,38.59344556873006,0.0,0.04709809743595758,0.13210228255974613,-14.14229873700313,35.06757905744477,17.391293531100573,14.569029429433344,-82.60870646889943,-0.5955881174872903,-3.536978675167922,-1.472034197089487,-1.1890156917543555,-0.2830185053351315,-18.521312029128104,-20.066890780112715,1.5455787509846104,15.330057760519455,-0.3322271767520979,-0.3327802766087462,215.78947368421052
2023-01-18 00:00:00+05:30,15.0,15.199999809265137,14.899999618530273,14.949999809265137,1195125,0.0,0.0,-714663223.0683821,840441505,-0.32233368999581313,-74048.53067144132,-1.1969562883414512e-05,-1.3783394828011362,131772387.65656301,15.360450940205384,28.380906293709927,424.92444096733084,15.35499997138977,15.904454344343398,14.805545598436142,7.1566834774001915,0.13145241710651218,0.0,0.0,15.24166660308838,15.631666564941407,14.85166664123535,5.117550094869588,0.12606817647182603,0.0,0.0,14.199999809265137,16.149999618530273,15.174999713897705,12.699445215880672,0.3846154222356769,0.4310402549072636,6.743867467690868,-0.23905772363919908,-0.19646301509469713,-0.04259470854450195,15.28333322207133,15.644230659191425,15.241486569414059,15.480544293053258,0.9090908933276945,1.0909091066723056,-0.181818213344611,-0.16889223506236858,24.461642433191308,0.4450002193450935,-38.47966107790688,-26.546652000476374,-11.933009077430508,15.224999904632568,15.799999713897705,15.512499809265137,15.799999713897705,1.3907243746075661,31.18769908480652,10.199435366601413,26.203804386525064,-102.7446087519053,15.8125,16.375000476837158,16.0,32.0,-16.0,15.879254508328646,15.350000381469727,0.0,0.0,37.79000207447536,0.0,0.0,0.04709809743595746,-15.417313845311206,34.49975099775559,13.043449416268196,11.899307325388898,-86.9565505837318,-0.6189704810871799,-5.079366290380085,-1.5442462429856156,-1.2600618020006076,-0.28418444098500806,-17.421976210421906,-19.537907866174553,2.1159316557526466,15.222146210435675,-0.3333346048990937,-0.33389140236996795,214.73683808979237
2023-01-19 00:00:00+05:30,14.199999809265137,14.5,14.199999809265137,14.399999618530273,5302655,0.0,0.0,-712895682.6394992,835138850,-0.17250211120044187,-480107.4922042606,-3.960281713479548,-1.961043989325109,131577306.63324462,15.069264610544618,16.2690794742269,424.92444096733084,15.299999952316284,15.984105377450815,14.615894527181753,8.942554604792184,-0.15779359490463304,0.0,1.0,15.129999923706055,15.499999904632569,14.75999994277954,4.890944914636637,-0.48648694973955503,0.0,1.0,14.199999809265137,15.949999809265137,15.074999809265137,11.437908532379213,0.11428560529436384,0.4629362294165372,6.69856644318366,-0.2884769082834371,-0.21486579373244513,-0.07361111455099195,15.166666507720947,15.56153836617103,15.11202703850886,15.400503946792297,0.852173822182999,1.1652173855354284,-0.31304356335242944,-0.18628241121239927,24.27241568944907,0.34999966621398926,-43.56868184851893,-29.88119694987611,-13.687484898642818,14.924999713897705,15.799999713897705,15.362499713897705,15.799999713897705,0.6953621873037831,33.0769298485635,9.05903995872098,33.70953139892837,-231.70736307382484,16.012499809265137,16.375000476837158,12.0,28.000000000000004,-16.000000000000004,15.879254508328646,15.300000190734863,0.0,0.0,30.31411764254308,0.0,0.0,0.015699365811985732,-18.8498938187678,33.0554442092515,11.428560529436384,13.954434492268376,-88.57143947056362,-0.7532352279214294,-8.860763008253327,-1.8731653800427919,-1.3826825176090445,-0.4904828624337474,5.348788857111353,-14.560568521517371,19.909357378628727,14.954728635119457,-3.6789310886412574,-3.7483106987509007,203.15788670590052
2023-01-20 00:00:00+05:30,14.399999618530273,14.399999618530273,14.100000381469727,14.149999618530273,2102810,0.0,0.0,-714297564.8857259,833036040,-0.11617503703024992,-486621.06474650913,-1.4266574296250234,-2.062948091441182,131540799.51422195,14.944640823853138,9.585778949025098,417.54728033844225,15.269999933242797,16.087557510513577,14.452442355972016,10.708023324754013,-0.1849672401370035,0.0,1.0,15.006666596730549,15.371666558583575,14.64166663487752,4.864504178863397,-0.6735165311403835,0.0,1.0,14.100000381469727,15.949999809265137,15.025000095367432,12.115254982863231,0.027026622986651132,0.4466425301809382,6.921030794163796,-0.34385117650004915,-0.24066287028596595,-0.1031883062140832,15.041666507720947,15.48846145776602,14.964022820050616,15.307873996550665,0.8288288102522599,1.1891892820720342,-0.3603604718197744,-0.2097566878839332,24.022676752555746,0.17999987602233958,-48.32083496023433,-33.35212958895007,-14.968705371284258,14.800000190734863,15.75,15.275000095367432,15.75,0.34768109365189154,34.940694537780125,8.642769281516955,33.69223990512967,-228.05609672892845,16.012499809265137,16.375000476837158,8.0,100.0,-92.0,15.879254508328646,15.23400016784668,0.0,0.0,27.637725117060796,0.0,0.0,0.0,-22.683211755051325,30.673467435420196,2.702662298665113,9.058224081456556,-97.29733770133488,-0.8786764257094433,-9.584664770368017,-2.246237306222467,-1.5553934753317291,-0.6908438308907381,6.105822300023864,-10.427290357209124,16.533112657232987,14.680636346057904,-1.736111157102349,-1.7513582960746454,197.89472881116365
2023-01-23 00:00:00+05:30,14.149999618530273,14.149999618530273,13.449999809265137,13.449999809265137,4886862,0.0,0.0,-719184426.8857259,828149178,-0.3166586788524425,-905789.8366262999,-6.445856552545649,-2.829052704184942,131299046.68311761,14.650119169048097,3.593631712578386,417.54728033844225,15.169999933242797,16.30331387533255,14.036685991153046,14.941515452564538,-0.25883656774137154,0.0,1.0,14.836666584014893,15.22666654586792,14.446666622161866,5.25724507785617,-1.2777780902352072,0.0,1.0,13.449999809265137,15.949999809265137,14.699999809265137,16.47989460119655,0.0,0.47197825808935806,7.588802464856021,-0.43915748337466987,-0.2803617929037068,-0.1587956904709631,14.874999841054281,15.359615325927734,14.731096203006695,15.170253686381365,0.683333137300217,1.2250001351039044,-0.5416669978036873,-0.24469539721800435,23.971471959625532,0.22999968528747594,-58.233992404201075,-37.29286663567197,-20.941125768529105,14.474999904632568,15.424999713897705,14.949999809265137,15.424999713897705,0.17384054682594577,37.26069928583068,7.748120702068093,39.81665332204198,-262.21082727137275,16.012499809265137,16.375000476837158,4.0,100.0,-96.0,15.879254508328646,15.143280184936524,0.0,0.0,21.82688175460534,0.0,0.0,0.0,-28.439334283202562,25.749336527941608,0.0,4.710407609367157,-100.0,-1.087500036464018,-12.944983978579918,-2.894859192558594,-1.823286618777102,-1.0715725737814918,17.04372804513493,-4.933086676740313,21.976814721875243,14.225833907902116,-4.946995251847531,-5.073550526343773,183.1578907213713
2023-01-24 00:00:00+05:30,13.0,14.0,12.800000190734863,13.949999809265137,5459621,0.0,0.0,-714179776.1102749,833608799,-0.12290655776513694,-386418.35996539996,-8.791809283876217,-3.3112779283028653,131502006.57447164,14.413640322343172,3.0639669045136344,417.54728033844225,15.089999914169312,16.325961281077795,13.854038547260828,16.381197799052767,0.03882049414066123,0.0,0.0,14.676666609446206,15.146666590372721,14.206666628519695,6.404723816837418,-0.2730498187984924,0.0,1.0,12.800000190734863,15.949999809265137,14.375,20.87474908182382,0.3650792881895142,0.5447804132069359,7.671932946858021,-0.46893698325222744,-0.31807683097341094,-0.1508601522788165,14.754166523615519,15.236538410186768,14.610927527046455,15.079864510298682,0.6423355753734228,1.2189781509684878,-0.576642575595065,-0.2792819448326402,24.15904503190282,0.21000027656555176,-65.20829166048415,-41.633773183488984,-23.574518476995166,14.125,15.099999904632568,14.612499952316284,15.099999904632568,0.08692027341297288,39.8309118919282,6.504996400896437,42.11899503581654,-213.38910195336516,16.237500190734863,16.375000476837158,0.0,100.0,-100.0,15.879254508328646,14.973952147369385,0.0,0.0,32.70980203047752,0.48099062293193917,0.16033020764397968,0.053443402547993096,-29.63935601078816,40.84871699676664,38.98304043676347,13.895234245142852,-61.01695956323653,-1.3425000499276543,-9.415583410277513,-3.109689632370174,-2.0805672214957163,-1.0291224108744577,25.0435498187769,1.0622406223631295,23.98130919641377,14.188966754551045,3.7174721716767056,3.65004027278073,193.68420651084497
2023-01-25 00:00:00+05:30,14.0,14.050000190734863,13.300000190734863,13.449999809265137,1895766,0.0,0.0,-715317237.6387478,831713033,-0.15148427462518735,-466627.5942560572,10.879511053873406,-1.771373505679549,131434057.97139205,14.313529838251704,9.197080577390963,402.5814277919382,14.982499885559083,16.385095853531798,13.579903917586368,18.723123359735318,-0.04630845635075929,0.0,1.0,14.506666628519696,15.016666571299236,13.996666685740152,7.0312492296045,-0.5359479782445028,0.0,1.0,12.800000190734863,15.949999809265137,14.375,21.024526231209308,0.20634911023689273,0.5653023718862423,7.955663672452816,-0.5268105289311986,-0.3598235705649685,-0.16698695836623012,14.599999825159708,15.101922988891602,14.432323262772405,14.959133791703604,0.7746477851648004,1.1760563758648888,-0.4014085907000884,-0.31798607392302325,24.254214722514863,0.1674997329711907,-75.88290361894921,-47.04701446279137,-28.835889156157847,14.075000286102295,14.950000286102295,14.512500286102295,15.099999904632568,0.04346013670648644,42.03699141618609,6.520756016794463,38.013881568109284,-167.75467840567123,16.262499809265137,16.375000476837158,0.0,96.0,-96.0,15.879254508328646,14.713077912573242,0.0,0.0,28.445172865862958,0.3010474695236637,0.2606793641518676,0.14033652393194895,-32.20887574524295,38.872814318938296,22.80700873800085,20.596683058254765,-77.19299126199915,-1.5520587808945603,-12.091505610503333,-3.5216646649912966,-2.3687867101948323,-1.1528779547964643,20.163260767714533,4.882444651433411,15.280816116281123,14.038251322009433,-3.584229439687281,-3.65004027278073,183.1578907213713
2023-01-27 00:00:00+05:30,13.5,13.5,12.800000190734863,13.100000381469727,2505157,0.0,0.0,-715675115.259887,829207876,-0.1555224666391947,-525224.1545820014,-14.669737929454351,-2.7330306396961777,131368868.11793691,14.191354225803211,8.742699812069802,402.5814277919382,14.859999895095825,16.45737274325112,13.26262704694053,21.498961768936063,-0.05090441647941197,0.0,1.0,14.294999980926514,14.839999961853028,13.75,7.6250434648995435,-0.5963299461270231,0.0,1.0,12.800000190734863,15.949999809265137,14.375,21.19784415052286,0.09523816732233045,0.5787721156241318,8.490462916797927,-0.5940696939575929,-0.40667279524349337,-0.18739689871409954,14.429166555404663,14.984615325927734,14.227350511802761,14.821420205760354,0.7114092748361792,1.2281879289134896,-0.5167786540773104,-0.36175729721374683,24.316027718202953,0.3900001049041748,-88.71796736793075,-53.90644110133482,-34.81152626659593,14.075000286102295,14.474999904632568,14.275000095367432,15.099999904632568,0.02173006835324322,44.36952417250636,5.938950039223841,40.99526556299528,-173.18891813677965,16.262499809265137,16.325000286102295,0.0,92.0,-92.0,15.879254508328646,14.483508585952636,0.0,0.0,25.899637923100343,0.19710530361246772,0.32638113202269015,0.249130234606179,-35.20848946715407,39.289672194285025,10.526324595332483,24.10545792336559,-89.47367540466752,-1.714852860394645,-13.531348440122407,-4.008183330007116,-2.696666034157289,-1.3115172958498267,17.894361175301146,7.484827956206958,10.409533219094188,13.828847852562951,-2.6022262658644046,-2.6366832539885365,175.78948171515214
2023-01-30 00:00:00+05:30,13.100000381469727,13.350000381469727,12.75,12.949999809265137,1306433,0.0,0.0,-716110594.310899,827901443,-0.1539431982504852,-478187.23214842397,-4.592656563825109,-2.892271849851049,131353908.90481931,14.10606590980262,8.695980129864196,397.9716993362695,14.729999876022339,16.49589907477792,12.964100677266755,23.97690717744178,-0.003992546123684445,0.0,1.0,14.078333314259845,14.648333295186362,13.508333333333335,8.097549165840029,-0.4897662655713144,0.0,1.0,12.75,15.949999809265137,14.349999904632568,21.72437091784456,0.06249994412064219,0.5808949422086912,9.292840659374184,-0.6519614535819684,-0.4557305269111884,-0.19623092667078001,14.237499872843424,14.886538395514854,14.030835019104666,14.682796472686634,0.7236841395290882,1.243420995668687,-0.5197368561395989,-0.40848776542608806,24.390502991125963,0.4699999332427982,-102.6553375389659,-61.84235130789908,-40.812986231066816,14.025000095367432,14.349999904632568,14.1875,15.074999809265137,0.01086503417662161,46.561500957981174,5.487035526468923,38.50991223958321,-150.42182007218366,16.212499856948853,16.250000476837158,28.000000000000004,100.0,-72.0,15.879254508328646,14.281487578526503,0.0,0.0,24.87233775993161,0.14777396414430957,0.21530891242681363,0.2674564695337904,-37.90170379192545,39.74133997250269,7.2727203369140625,13.535351223415793,-92.72727966308594,-1.8761763600742114,-15.08196846383517,-4.440308457552797,-3.0453945188363907,-1.3949139387164067,12.179946039957747,8.423851572957116,3.756094467000631,13.625187187467073,-1.14504250256946,-1.1516485909945917,172.63157493189763
2023-01-31 00:00:00+05:30,13.25,13.550000190734863,12.5,13.399999618530273,2275103,0.0,0.0,-714485523.1010562,830176546,-0.1192211089744395,-263618.2109760005,-1.153798527108135,-2.4534777101577343,131432966.50567935,13.997726573893853,15.089638274379922,397.9716993362695,14.612499856948853,16.40383317284499,12.821166541052714,24.517821501216776,0.1615648724726562,0.0,0.0,13.8799999554952,14.519999917348226,13.239999993642172,9.221901497191952,0.12499971439439275,0.0,0.0,12.5,15.949999809265137,14.224999904632568,23.60992193696767,0.26086946906874664,0.6278054670613085,9.780581439609767,-0.6539910644735691,-0.4953826344236646,-0.15860843004990455,14.087499856948853,14.834615303919865,13.933783419016297,14.587774483489866,0.7393938700358073,1.1696969234582149,-0.4303030534224076,-0.4490021294679344,24.42088371258295,0.5874999523162838,-111.06284588699455,-70.23672404046509,-40.82612184652946,13.849999904632568,14.224999904632568,14.037499904632568,14.949999809265137,0.005432517088310805,48.72521613287104,4.798848902253583,36.6661819382249,-118.81914140477697,16.06249976158142,16.200000286102295,24.0,100.0,-76.0,15.879254508328646,14.067079317532793,0.0,0.0,33.406129132421654,0.561857168133414,0.30224547863006374,0.28131184102652235,-37.20079884150327,48.51374309725843,29.99998728434245,15.93301073886299,-70.00001271565755,-1.943676286585191,-11.842106666591375,-4.483144877333705,-3.3329445905358535,-1.1502002867978511,10.629094480383127,8.864900154442319,1.7641943259408084,13.598479090431436,3.474902053227691,3.4158905071989487,182.10525512695312
2023-02-01 00:00:00+05:30,13.550000190734863,13.75,12.850000381469727,13.100000381469727,1656716,0.0,0.0,-715221840.9331628,828519830,-0.13090305972155444,-296960.4002688577,14.939191806349266,-1.765505761273793,131395875.94223346,13.927193943509947,16.801046144040882,389.06190757721083,14.477499866485596,16.29724561330181,12.657754119669379,25.138950282828887,0.12151320110902611,0.0,0.0,13.699999968210856,14.379999891916913,13.020000044504801,9.927006208524253,0.05882378377994286,0.0,0.0,12.5,15.949999809265137,14.224999904632568,23.830080062729934,0.17391316366406667,0.655024882208205,10.412887991294635,-0.6720598889037444,-0.5307180853196806,-0.14134180358406379,13.912499904632568,14.74423071054312,13.805509105547594,14.477568994451339,0.778409093372093,1.1477273072093017,-0.36931821383720875,-0.4867415871050402,24.605540837691034,0.5725003242492672,-120.29647939355837,-79.32748163109302,-40.96899776246535,13.5,14.224999904632568,13.862499952316284,14.949999809265137,0.0027162585441554026,49.99638454212067,6.6066985597156656,32.861695399753565,-98.97653186206118,15.799999713897705,16.09999990463257,20.0,96.0,-76.0,15.879254508328646,13.816346626727546,0.0,0.0,30.887214794305862,0.4556610165139883,0.38843071626390396,0.30199503577359366,-37.48485879179134,47.18542038957936,20.338997297060516,19.203901639439,-79.66100270293948,-1.8636762787314023,-13.815785882545594,-4.642076920243429,-3.5947710564773687,-1.0473058637660606,7.19519271236702,8.53095866602726,-1.33576595366024,13.531853886643745,-2.2388003403051693,-2.264241916204357,175.78948171515214
2023-02-02 00:00:00+05:30,13.25,13.25,12.75,12.949999809265137,1551343,0.0,0.0,-715532110.7167436,826968487,-0.12101329623613025,-287780.6770426759,-9.669047745561855,-2.331634705949438,131378112.40552282,13.844392389111531,16.627130314038467,384.60698337414425,14.34249987602234,16.19459996635443,12.490399785690245,25.826740196503916,0.12407537421276252,0.0,0.0,13.496666653951007,14.196666558583578,12.79666674931844,10.372930184619346,0.10952362916905053,0.0,0.0,12.5,15.75,14.125,22.65992698687988,0.13846147977388823,0.6395223939873845,11.092766084702516,-0.6905234307396739,-0.5626791544036792,-0.1278442763359947,13.737499872843424,14.644230695871206,13.673892290734909,14.364415721474582,0.7765362015311001,1.1955307304239695,-0.41899452889286937,-0.5222067167020631,24.804867351926756,0.6575001239776608,-130.51031561233887,-88.98766316040636,-41.522652451932515,13.449999809265137,14.224999904632568,13.837499856948853,14.949999809265137,0.0013581292720777013,51.24968593779197,6.220535691699583,32.109931159817805,-105.88984902834156,15.799999713897705,16.049999713897705,16.0,92.0,-76.0,15.879254508328646,13.75,0.0,0.0,29.682070939668264,0.39505208840466305,0.4708567576840217,0.38717765085932965,-38.10213948386888,50.60047584701707,15.789464878354675,22.042816486585874,-84.21053512164532,-1.8979410171508793,-13.953490729937243,-4.807180773161222,-3.8372529998141394,-0.9699277733470826,3.960494752075874,7.616865883236984,-3.6563711311611096,13.45076592754144,-1.14504250256946,-1.1516485909945917,172.63157493189763
2023-02-03 00:00:00+05:30,12.949999809265137,13.0,12.699999809265137,12.850000381469727,1731132,0.0,0.0,-715532105.2136266,825237355,-0.11327041416622631,-271399.4673849114,-2.5994584595788868,-2.254169553012871,131364744.66714537,13.75763018173712,16.353207549505683,384.60698337414425,14.212499904632569,16.100057718895275,12.324942090369863,26.561939517022704,0.13908402887912477,0.0,0.0,13.345000012715658,14.044999917348227,12.645000108083089,10.490819092777528,0.1464287866540802,0.0,0.0,12.5,15.649999618530273,14.074999809265137,22.163585855177594,0.11111124566835018,0.6055701736621324,11.716763878705041,-0.7050971180906522,-0.5911627471410739,-0.11393437094957837,13.558333237965902,14.538461465101976,13.547139689309496,14.252236807400148,0.780898781289895,1.2134832195103342,-0.43258443822043924,-0.5551457496760254,24.939032478932553,0.7374999046325676,-138.12310714872194,-98.96569340357165,-39.15741374515029,13.324999809265137,14.224999904632568,13.774999856948853,14.949999809265137,0.0006790646360388507,52.45092339211127,5.994149567334878,31.547900978647426,-103.64145462713006,15.799999713897705,15.825000286102295,12.0,88.0,-76.0,15.879254508328646,13.75,0.0,0.0,28.87326320701203,0.40164453731056593,0.4174525474097391,0.42558000711922145,-38.84646560760386,43.852084216151646,12.2807134955271,16.13639189031409,-87.7192865044729,-1.8513233942144058,-14.333330790201822,-4.9472733832527025,-4.0592570765018525,-0.88801630675085,1.9712239126415483,6.4877374891178965,-4.516513576476348,13.383325898818475,-0.7721963650058505,-0.7751932389397531,170.52632382041529
2023-02-06 00:00:00+05:30,12.850000381469727,13.0,12.800000190734863,12.899999618530273,1022347,0.0,0.0,-715532110.0885617,826259702,-0.10476278912564002,-225325.7477569042,0.9781442709953776,-2.18430210508463,131368722.61021881,13.688320088541596,19.270274557187605,386.1034857216925,14.087499904632569,15.975057794681646,12.199942014583492,26.797627724254582,0.18544003541225956,0.0,0.0,13.213333352406817,13.903333314259848,12.523333390553791,10.443995371195939,0.27294655710192123,0.0,0.0,12.5,15.649999618530273,14.074999809265137,22.36024589071635,0.126984021260582,0.5650131372224327,12.234095815965091,-0.7044914112856997,-0.613828479969999,-0.09066293131570069,13.387499888737997,14.43653836617103,13.447579678420384,14.152071089706084,0.7885713619309956,1.2171429462043704,-0.4285715842733747,-0.5835094049671861,24.947202456412025,0.31249971389770437,-144.7688150072011,-108.58067369279388,-36.18814131440723,13.275000095367432,14.224999904632568,13.75,14.949999809265137,0.00033953231801942533,53.56635817112205,5.841519333102245,30.744590440291976,-89.96283258019635,15.799999713897705,15.799999713897705,8.0,84.0,-76.0,15.879254508328646,13.55,0.0,0.0,29.901773569883105,0.4816068399462508,0.42610115522049324,0.43813682010475113,-39.140357912410735,46.90955348448693,14.285699688659417,14.118626020847058,-85.71430031134058,-1.7585293040556067,-13.712376032703311,-4.978009273837889,-4.24300751596906,-0.7350017578688295,-2.469778248817785,4.696234341530761,-7.166012590348545,13.340946551851781,0.389099109542812,0.3883440768741142,171.57893933747945
2023-02-07 00:00:00+05:30,12.899999618530273,13.0,12.5,12.600000381469727,2753902,0.0,0.0,-717184447.0864407,823505800,-0.1268635433507576,-311160.42649727705,-2.7234101897495195,-2.0882770880820805,131304678.53863971,13.553986648640947,18.796575782601266,386.1034857216925,13.952499914169312,15.859978453002329,12.045021375336296,27.342462649233163,0.1454745085816178,0.0,0.0,13.11500005722046,13.785000038146972,12.445000076293946,10.21730809002391,0.11567187282709909,0.0,0.0,12.5,15.5,14.0,21.501523156817097,0.03333346048990885,0.5585118235001895,12.864334200821329,-0.7199200255910849,-0.6350467890942162,-0.08487323649686873,13.237499952316284,14.323076835045448,13.317182863504899,14.037102889095983,0.7771427456602636,1.2114286380690045,-0.4342858924087408,-0.6105635276667483,24.951640991770716,0.1974997043609612,-149.04022315591655,-117.89533274784192,-31.14489040807463,13.275000095367432,14.224999904632568,13.75,14.949999809265137,0.00016976615900971266,54.83264144072063,5.466747359795501,32.62152026655727,-95.55908690769166,15.799999713897705,15.799999713897705,4.0,80.0,-76.0,15.879254508328646,13.382000000000001,0.0,0.0,27.346599056325545,0.34577934583688896,0.4096769076979019,0.41774353677604453,-40.15954738411275,45.030447906917324,3.7037180938521557,10.090043759346218,-96.29628190614784,-1.687794040231143,-12.499995032946137,-5.128693800131069,-4.420144772801462,-0.7085490273296076,0.9129727876633517,3.9395820307572786,-3.026609243093927,13.296795634898768,-2.325575549859793,-2.3530437563522355,165.26316592567846
2023-02-08 00:00:00+05:30,12.649999618530273,13.0,12.600000381469727,12.899999618530273,1717888,0.0,0.0,-716325507.1822088,825223688,-0.0981373570883128,-193085.35280402767,1.164223582700748,-2.0051174057775354,131345580.52862008,13.471424474506069,23.1632272620313,395.29640220074856,13.839999914169312,15.716858897200186,11.963140931138437,27.12223980737684,0.24958153379188242,0.0,0.0,13.040000057220459,13.630000019073487,12.450000095367432,9.049079129816946,0.3813555527609838,0.0,0.0,12.5,15.5,14.0,21.67630071246328,0.1333332061767578,0.5426606030031979,13.083360672808784,-0.6998721913857331,-0.6480118695525195,-0.05186032183321354,13.133333285649618,14.21346143575815,13.253000825816494,13.952873017202228,0.7796610005112127,1.1977401470878553,-0.4180791465766426,-0.6307487176191766,24.997848509886282,-0.3900001049041748,-153.78387314973065,-126.55099602903985,-27.2328771206908,13.125,14.224999904632568,13.674999952316284,14.949999809265137,8.488307950485633e-05,56.00847590534788,5.180408962783132,30.91286369136446,-79.15058206501465,15.724999904632568,15.799999713897705,0.0,76.0,-76.0,15.879254508328646,13.24088,0.0,0.0,33.469136657462144,1.0,0.6091287285943799,0.4816355971709249,-39.161595229326615,48.682988469708825,19.999980926513672,12.663132903008409,-80.00001907348633,-1.6752940458409924,-8.833922499637739,-5.015971911468514,-4.539310200534873,-0.47666171093364174,-0.5335633246248594,3.044952959680851,-3.5785162843057106,13.260341078081666,2.3809462537933257,2.3530437563522355,171.57893933747945
2023-02-09 00:00:00+05:30,13.0,13.0,12.699999809265137,12.850000381469727,1323487,0.0,0.0,-716325502.9749596,823900201,-0.08884166739308161,-174955.065297674,1.1333638869138962,-1.6412855771780037,131340450.8121692,13.298393888695408,30.338352339797908,393.7642689366184,13.719999933242798,15.526488080736389,11.913511785749208,26.33364659305238,0.259201422666362,0.0,0.0,12.96500005722046,13.510000038146973,12.420000076293945,8.40724995790483,0.3944957066280715,0.0,0.0,12.5,15.449999809265137,13.974999904632568,21.501456440371044,0.11864420477942805,0.5183945617763644,13.099436884117292,-0.6801779904332559,-0.6544450937286669,-0.025732896704589003,13.083333333333334,14.099999904632568,13.191000757455454,13.87117874788871,0.8214285430454027,1.1785714569545973,-0.3571429139091946,-0.6450491453456797,25.01259141137762,0.2299998760223385,-156.66316136751914,-134.10046202899414,-22.562699338524993,13.125,14.224999904632568,13.674999952316284,14.949999809265137,4.2441539752428166e-05,57.100322193930324,4.970144332759883,29.658159305336245,-73.3685315357293,15.487499713897705,15.799999713897705,0.0,72.0,-72.0,15.879254508328646,13.1223392,0.0,0.0,32.97044937905106,0.9571657481671602,0.7676483646680164,0.595484666986766,-38.4958585684752,42.6539817876876,18.421076407397702,14.041591809254504,-81.5789235926023,-1.6199999444624957,-4.460962351702755,-4.903534175397918,-4.612154995507482,-0.29137917989043594,-3.3063827326194493,1.774685821220791,-5.0810685538402405,13.238871397686104,-0.3875909964270452,-0.3883440768741142,170.52632382041529
2023-02-10 00:00:00+05:30,12.699999809265137,13.0,12.699999809265137,12.850000381469727,1382949,0.0,0.0,-716325498.5786859,825283150,-0.07821434712765764,-149961.48454086346,0.0,-1.5393814750619306,131340450.8121692,13.217327361685637,32.61623192323398,393.7642689366184,13.602499961853027,15.31173206175646,11.893267861949594,25.13114654948457,0.2798720312982026,0.0,0.0,12.936666711171465,13.441666730244956,12.43166669209798,7.807266436529504,0.4141917560114687,0.0,0.0,12.5,15.350000381469727,13.925000190734863,20.952033739844094,0.12280713495527101,0.49655512467221435,12.970995955182797,-0.6569967447817913,-0.6549554239392918,-0.0020413208424994167,12.991666714350382,13.992307626284086,13.138539161149957,13.795535905931748,0.8333332576448921,1.166666628822446,-0.333333371177554,-0.6536784803122276,24.956188034063924,-0.15250015258789062,-156.60909926163566,-140.09532444262408,-16.513774819011587,13.125,14.125,13.625,14.949999809265137,2.1220769876214083e-05,58.114179461899745,4.761994645200357,28.416075337612035,-69.72421425522474,15.437499761581421,15.799999713897705,0.0,68.0,-68.0,15.879254508328646,13.022764928,0.0,0.0,32.97044937905106,0.9571657481671602,0.97144383211144,0.7827403084579454,-37.95403866744782,46.11967909486293,21.21214923561541,19.877735523175588,-78.78785076438459,-1.5560293506173526,-7.885300665486936,-4.762386537657435,-4.642201303937473,-0.12018523371996181,-5.307879554919367,0.3581727459927595,-5.666052300912127,13.230594938778236,0.0,0.0,170.52632382041529
2023-02-13 00:00:00+05:30,12.949999809265137,12.949999809265137,12.600000381469727,12.649999618530273,1052350,0.0,0.0,-717077181.2464442,824230800,-0.09831256251551368,-158605.6728749306,-2.49440683494681,-1.2571350666620138,131324071.7618477,13.11648719191379,37.67565351581144,387.63561898582265,13.474999952316285,15.064811132904248,11.885188771728322,23.596455454008115,0.24053512018927312,0.0,0.0,12.908333365122477,13.38833328882853,12.428333441416424,7.437054964864536,0.2309023045278604,0.0,0.0,12.5,15.350000381469727,13.925000190734863,21.150281198923686,0.05263143805367479,0.4818995549845339,12.662330300222798,-0.6473021346080721,-0.6534247660730479,0.006122631464975825,12.925000031789144,13.884615311255821,13.06337923151616,13.710681366124232,0.8944099989622127,1.149068313415557,-0.2546583144533443,-0.659641548486446,24.916059676221117,-0.3749995708465583,-156.65614607574548,-145.16124668581864,-11.494899389926843,13.125,14.074999809265137,13.599999904632568,14.949999809265137,1.0610384938107042e-05,59.144499569130225,4.523951755215225,28.42383530746734,-75.77269454644518,15.437499761581421,15.799999713897705,0.0,64.0,-64.0,12.5,13.022764928,1.0,0.0,30.838785677466532,0.6940313468596793,0.8694542810646665,0.8695154926147075,-38.067968324134505,44.84110689789914,9.67739355303936,16.436873065350817,-90.32260644696063,-1.5207352413850685,-5.947956892785804,-4.721152197493252,-4.6579914826486295,-0.06316071484462249,-8.405485014354849,-1.3945588060767622,-7.010926208278086,13.215807265021311,-1.556426124530419,-1.5686656009769262,166.3157814427426
2023-02-14 00:00:00+05:30,12.850000381469727,12.850000381469727,12.300000190734863,12.350000381469727,1613279,0.0,0.0,-718397135.7746807,822617521,-0.10927951996035946,-205088.07234505512,-6.8184073085164725,-1.1161777827077461,131285812.27696544,12.967530139166909,44.673460721338415,387.63561898582265,13.339999961853028,14.82714462761338,11.852855296092676,22.296022039175128,0.16714751994987284,0.0,0.0,12.843333403269451,13.273333326975504,12.413333479563395,6.69607975132985,-0.07364315038455978,0.0,1.0,12.300000190734863,15.300000190734863,13.800000190734863,22.488755686497598,0.016666730244954426,0.48870961855956685,12.584888100018068,-0.6562615428744252,-0.6539921214333233,-0.002269421441101871,12.862500031789144,13.767307648291954,12.953628639201325,13.60989018207575,0.9324324289493267,1.155405361866583,-0.22297293291725628,-0.6664513989904035,24.922504037455873,-0.39000015258789134,-158.4826744906501,-149.40415725216218,-9.078517238487933,12.775000095367432,13.974999904632568,13.375,14.849999904632568,5.305192469053521e-06,60.342187754481316,4.1710963889430115,30.46124852155603,-96.24869769688729,15.699999809265137,15.799999713897705,0.0,100.0,-100.0,12.5,12.949999809265137,0.0,1.0,27.922553263755134,0.354808288547928,0.6686684611915892,0.8365221914558983,-39.00617848637317,37.27055860660937,2.857153756277902,11.248898848310885,-97.1428462437221,-1.4667646071490115,-5.725190672978098,-4.821945909150118,-4.690782367948927,-0.13116354120119134,-8.27705598481761,-2.7710582418249317,-5.505997742992678,13.058826449810631,-2.371535542349701,-2.4001091055596557,160.00000803094161
2023-02-15 00:00:00+05:30,12.449999809265137,12.550000190734863,12.050000190734863,12.350000381469727,1156508,0.0,0.0,-718165833.2923352,823774029,-0.09795439938253575,-175789.77629576155,-11.889243108021374,-2.7425173657002304,131285812.27696544,12.882850635616249,37.28418567586589,387.63561898582265,13.207499980926514,14.544015632020663,11.870984329832364,20.238737884145618,0.17920330796171824,0.0,0.0,12.751666736602782,13.141666698455811,12.361666774749756,6.116846839065513,-0.01495691592455263,0.0,1.0,12.050000190734863,15.199999809265137,13.625,23.85008232503741,0.09523816732233045,0.4898386567036102,12.300920263430463,-0.655802258264023,-0.6543541487994633,-0.0014481094645597548,12.81250007947286,13.653846117166372,12.860762753396465,13.516565011660488,0.8251748158474804,1.2097902209830236,-0.38461540513554315,-0.6724635647324294,24.960534774372142,0.19249963760375977,-159.45799134852976,-152.6205656672945,-6.83742568123526,12.525000095367432,13.775000095367432,13.150000095367432,14.724999904632568,2.6525962345267604e-06,61.62517490053325,3.8751841331751224,31.84739630759165,-118.40033149555728,15.687499761581421,15.799999713897705,4.0,100.0,-96.0,12.5,12.949999809265137,0.0,0.0,27.922553263755134,0.354808288547928,0.46788264131851176,0.6686684611915888,-39.772266226762895,40.276634364483506,17.64707202317541,10.060539777497551,-82.35292797682459,-1.4697057920343735,-4.633200282876744,-4.851841112725568,-4.722994116904255,-0.12884699582131276,-10.272081724414598,-4.271262938342865,-6.000818786071733,12.95862933581606,0.0,0.0,160.00000803094161
2023-02-16 00:00:00+05:30,12.5,12.550000190734863,12.0,12.100000381469727,1907660,0.0,0.0,-719379796.3412136,821866369,-0.10574335612543297,-218807.66539636703,-0.7207813352734331,-1.7461633232587361,131247195.67896795,12.798295697933927,38.611406678333125,387.63561898582265,13.065000009536742,14.223921516992128,11.906078502081357,17.740857353378274,0.08366480306943264,0.0,0.0,12.675000095367432,13.070000076293946,12.280000114440918,6.232741269499187,-0.2278477742568286,0.0,1.0,12.0,14.5,13.25,19.135093747991853,0.04000015258789062,0.4958548101067355,11.96941864988867,-0.6679119098283657,-0.6570657010052439,-0.010846208823121817,12.704166809717814,13.536538454202505,12.74372238848466,13.411634298313025,0.8857142584664481,1.1357142584664481,-0.25,-0.6799629339665053,25.05272758463539,0.03500037193298411,-159.36497627338142,-154.9807733478122,-4.3842029255692125,12.5,13.75,13.125,14.699999809265137,1.3262981172633802e-06,62.84897029914121,3.574758520321143,30.083190553184785,-135.38420719916644,15.637499809265137,15.799999713897705,0.0,100.0,-100.0,12.5,12.913999824523925,0.0,0.0,25.584319343011742,0.0828193833037843,0.2641453201332134,0.4668988075477713,-41.1106855096724,39.28646986559476,5.714307512555804,8.739511097336367,-94.2856924874442,-1.4883822356953331,-9.701487119916292,-4.980093365000108,-4.774413966523426,-0.20567939847668182,-8.160208890844633,-5.049052128843218,-3.1111567620014142,12.824846012965027,-2.0242914354489105,-2.045060983310387,154.73685013620474
2023-02-17 00:00:00+05:30,12.199999809265137,12.199999809265137,11.600000381469727,11.699999809265137,3273987,0.0,0.0,-721562459.5450808,818592382,-0.20356349586688835,-374634.6665383701,-6.8723481621423295,-1.908998437424252,131138964.55234782,12.657232976653919,35.73024383575098,387.63561898582265,12.930000019073486,14.064195499970891,11.79580453817608,17.54362690215491,-0.04223466347932375,0.0,1.0,12.573333422342936,12.998333326975507,12.148333517710368,6.7603377776865505,-0.5274515400572088,0.0,1.0,11.600000381469727,14.399999618530273,13.0,21.655059806111154,0.03571409108682117,0.5062692718756029,11.769272784134367,-0.7016968743942034,-0.6659919356830357,-0.035704938711167644,12.587500095367432,13.399999985328087,12.58314968398935,13.284846558383553,0.835714317827813,1.1642858184113936,-0.32857150058358053,-0.6925306387345521,25.193854182515782,0.0199997901916511,-160.3764316019242,-156.7149529694481,-3.661478632476104,12.300000190734863,13.525000095367432,12.912500143051147,14.5,6.631490586316901e-07,64.21723528040806,3.27635229077944,33.13702960510833,-189.17597077110966,15.637499809265137,15.799999713897705,0.0,100.0,-100.0,12.5,12.85915983505249,0.0,0.0,22.358235552420084,0.0,0.14587589061723744,0.29263461735632074,-43.30746965329541,33.83842247038076,4.651137001771617,9.337505512500938,-95.34886299822838,-1.5680880939259243,-10.687026957532957,-5.281934355134795,-4.8759180442457,-0.40601631088909507,-0.3863504472325544,-4.116511792521086,3.730161345288532,12.608235735861552,-3.3057897487107635,-3.361665862753327,146.3157854582134
2023-02-20 00:00:00+05:30,11.699999809265137,11.800000190734863,11.149999618530273,11.149999618530273,3331421,0.0,0.0,-724893880.5450808,815260961,-0.24190341495659856,-582870.0263783357,-8.292268289259177,-2.4188891347207546,130982359.23480183,12.444454859794552,24.783588953491247,387.63561898582265,12.780000019073487,14.017901416414963,11.542098621732011,19.372478802722572,-0.15837246974751443,0.0,1.0,12.420000076293945,12.890000057220458,11.950000095367432,7.568437649587489,-0.8510643715986058,0.0,1.0,11.149999618530273,14.149999618530273,12.649999618530273,23.474178368721876,0.0,0.5206424019085015,11.992957165091807,-0.7640446894899462,-0.6856024864444178,-0.0784422030455284,12.43750007947286,13.2442307472229,12.362665058534105,13.126709748024052,0.7954544699224821,1.2651515381395344,-0.46969706821705226,-0.7145321649966296,25.376828708602222,0.07000036239623952,-163.3417268465871,-158.30400893507817,-5.037717911508935,12.074999809265137,13.25,12.662499904632568,14.274999618530273,3.3157452931584505e-07,65.68858465932576,2.9855894832289156,36.34020574277414,-238.68318461579227,15.637499809265137,15.799999713897705,0.0,100.0,-100.0,12.5,12.758427078765868,0.0,0.0,18.840377666491904,0.0,0.027606461101261432,0.14587589061723727,-46.49468005038689,26.33821081071622,0.0,3.4551481714424668,-100.0,-1.7052940228406133,-13.899615577191321,-5.820534651533352,-5.064841365703231,-0.7556932858301213,5.293873671582356,-2.234434699700398,7.528308371282755,12.224583311303425,-4.70085640770116,-4.814936180798979,134.73683407432154
2023-02-21 00:00:00+05:30,10.600000381469727,10.949999809265137,10.600000381469727,10.600000381469727,2853986,0.0,0.0,-727747866.5450808,812406975,-0.2050090369883081,-723844.3258359281,-8.584468623871809,-4.09915059402226,130841579.84679425,12.210577577115375,16.966282737897757,368.5146053540932,12.637500047683716,14.15798505003487,11.117015045332561,24.063066217433395,-0.17001636420726446,0.0,1.0,12.221666749318441,12.676666673024496,11.766666825612386,7.445791691733509,-1.2820512524924792,0.0,1.0,10.600000381469727,14.050000190734863,12.325000286102295,27.299701651811077,0.0,0.5235780854237061,12.398333964032597,-0.8480602137949713,-0.7180940319145286,-0.12996618188044273,12.25000007947286,13.067307692307692,12.091485877447278,12.93954609124225,0.6719999194335815,1.4160001245117377,-0.7440002050781562,-0.7486588383824772,25.482967334518595,0.2624995708465576,-168.6439240499473,-159.9551257017689,-8.68879834817838,11.800000190734863,12.975000381469727,12.387500286102295,14.0,1.6578726465792252e-07,67.23982470113283,2.7622125205578407,41.10312829636833,-257.1365847548326,15.637499809265137,15.799999713897705,0.0,100.0,-100.0,12.5,12.597584332742308,0.0,0.0,16.11055091349087,0.0,0.0,0.05782745057283281,-50.27694314951914,22.411003808743363,0.0,1.5503790005905318,-100.0,-1.9167646576376534,-17.50972710665908,-6.554018261652593,-5.362676744893103,-1.1913415167594898,7.5497962225156545,-0.27758851525718753,7.827384737772842,11.772174464657391,-4.932728752263804,-5.058542658786491,123.15790276778374
2023-02-22 00:00:00+05:30,10.100000381469727,11.100000381469727,10.100000381469727,11.100000381469727,4156899,0.0,0.0,-723590967.5450808,816563874,-0.23255704864212895,-323516.6364307956,-4.209862060581821,-3.709208759380829,131037659.9812472,11.964623284160972,29.16974931108888,368.5146053540932,12.495000076293945,14.030871032748895,10.959129119838995,24.583768660696062,0.045860383334510944,0.0,0.0,12.015000120798746,12.530000082651775,11.50000015894572,8.572616840203414,-0.38834932728611327,0.0,1.0,10.100000381469727,14.050000190734863,12.075000286102295,31.612643338508235,0.25316456918666064,0.5712202768813355,12.327794867773136,-0.864333798777027,-0.7473419852870283,-0.11699181348999865,12.100000143051147,12.915384622720572,11.938949647296887,12.803283446073914,0.6370370140127979,1.2888889014475648,-0.651851887434767,-0.7816846656047283,25.682720304390187,0.10500030517578196,-172.28528488802309,-161.6909172040471,-10.594367683975975,11.550000190734863,12.700000286102295,12.125000238418579,13.75,8.289363232896126e-08,68.80898346657106,2.4092612277207066,42.2399569605758,-196.43934675680603,15.637499809265137,15.799999713897705,0.0,100.0,-100.0,12.5,12.357874258589598,0.0,0.0,26.532172079221652,0.6003727100492773,0.20012423668309243,0.07591023259478448,-49.776722217670724,36.792497789392975,34.48276315659663,11.494254385532203,-65.51723684340337,-2.104558745552511,-13.953482870456277,-6.7508760734503,-5.640316610604543,-1.1105594628457567,13.362609727301846,2.450451133254619,10.912158594047227,11.635081763183683,4.716980962322137,4.6091105579199265,133.6842185572574
2023-02-23 00:00:00+05:30,11.649999618530273,11.649999618530273,11.399999618530273,11.649999618530273,1291564,0.0,0.0,-722299403.5450808,817855438,-0.17514916879327877,-175820.08628141508,17.904634169513606,-2.244630714445651,131101656.30468884,11.893651826438685,34.418556218929055,386.7743120950747,12.405000066757202,13.917249994760029,10.892750138754375,24.3812965717806,0.2503718022245074,0.0,0.0,11.886666742960612,12.396666685740154,11.37666680018107,8.581042167798108,0.2679733813885516,0.0,0.0,10.100000381469727,13.75,11.925000190734863,29.42361627479154,0.42465736960396644,0.5690981728992567,11.975730929845488,-0.8233592176866047,-0.7625454317669436,-0.060813785919661134,12.020833412806192,12.786538454202505,11.89449579671741,12.717855014404014,0.8,1.2071428863369769,-0.4071428863369768,-0.8037362407715094,25.776568038076224,0.49499955177307164,-172.27624461259637,-163.43171113193165,-8.844533480664722,11.525000095367432,12.650000095367432,12.087500095367432,13.75,50.00000004144682,68.30721969417274,9.275649028944583,39.26799539078898,-92.4208268719879,15.537499904632568,15.799999713897705,0.0,96.0,-96.0,12.5,12.041771915792816,0.0,0.0,35.957055692550966,1.0,0.5334575700164258,0.24452726889983925,-45.876215790834735,44.77380186713858,53.44825658446432,29.310339913686978,-46.55174341553568,-2.137647064994363,-7.539688366490671,-6.474041548312061,-5.807061598146047,-0.6669799501660139,8.19731349234577,3.5998236050728494,4.597489887272921,11.636280576895448,4.954947911341634,4.83610045825964,145.26314986379526
2023-02-24 00:00:00+05:30,12.199999809265137,12.199999809265137,12.199999809265137,12.199999809265137,1071840,0.0,0.0,-722299403.5450808,818927278,-0.17236927983309033,-66486.90189303353,0.0,-2.314498162373892,131152258.21230604,11.869403427835953,34.395998036668104,405.0340504975789,12.360000038146973,13.840067525820807,10.87993255047314,23.949312024366748,0.44594833336508777,0.0,0.0,11.821666717529297,12.301666641235352,11.341666793823242,8.12068103720613,0.8940970331982027,0.0,0.0,10.100000381469727,13.75,11.925000190734863,29.530741159103474,0.5753423691153716,0.5671883746828174,11.468276426039479,-0.7379989555464679,-0.7576361365228484,0.019637180976380564,11.962500095367432,12.680769223433275,11.941496414032445,12.679495369578913,0.8299319374825485,1.1972789265699169,-0.3673469890873684,-0.8082892858494846,25.717775260447983,0.49000034332275355,-169.57707112799554,-164.86736947107056,-4.709701656924977,11.475000381469727,12.300000190734863,11.887500286102295,13.75,75.0000000207234,66.28106211066451,15.665769492400795,36.50217542933628,-19.742909236317704,15.512499809265137,15.799999713897705,0.0,92.0,-92.0,10.100000381469727,12.041771915792816,1.0,0.0,43.73087424829686,1.0,0.8667909033497591,0.5334575700164256,-39.71120309894365,49.22859693661787,72.41378289765758,53.4482675462395,-27.58621710234242,-1.9813235899981319,-5.426355271046816,-5.820412674443659,-5.80973181340557,-0.010680861038089517,3.022443566166759,3.4843475972916313,-0.46190403112487255,11.651847757857903,4.721031834713907,4.612978883767926,156.84210124768708
2023-02-27 00:00:00+05:30,12.800000190734863,12.800000190734863,12.800000190734863,12.800000190734863,542110,0.0,0.0,-722299403.5450808,819469388,-0.16430552345033447,-10522.172079949676,0.0,-2.1199688631060694,131178919.37721454,11.802568036005635,39.97781908426005,424.95377087513305,12.352500057220459,13.822015232400735,10.882984882040182,23.79300009509079,0.6522611474425591,0.0,0.0,11.828333409627279,12.273333390553793,11.383333428700764,7.524305673770093,1.5917604750055507,1.0,0.0,10.100000381469727,13.75,11.925000190734863,29.548671132340726,0.7397260524515703,0.5704695753615082,10.673100943316516,-0.6148477344869914,-0.729078456115677,0.11423072162868564,11.958333412806192,12.619230783902681,12.073573918140509,12.6884216526275,0.8724832274904024,1.194630876778859,-0.3221476492884565,-0.7906629306586801,25.546910311742486,0.49750032424926793,-163.44221622565288,-165.41842966384863,1.9762134381957424,11.450000286102295,12.25,11.850000143051147,13.75,87.5000000103617,63.0311729185914,22.110948176923394,33.712524754873044,48.25788602277682,15.362499713897705,15.799999713897705,0.0,88.0,-88.0,10.142000370025634,12.041771915792816,0.0,0.0,50.753674427553435,1.0,1.0,0.8000828244553948,-31.918610785463976,57.30253194855819,93.10345394574578,72.98849780928923,-6.89654605425421,-1.6391176644493548,-0.38910653113260435,-4.845738511217189,-5.616933152967894,0.7711946417507045,-3.537987408333253,2.0798805961666544,-5.617868004499908,11.660293854743127,4.918035990574876,4.800924972152698,169.4736882259971
2023-02-28 00:00:00+05:30,13.399999618530273,13.399999618530273,12.199999809265137,12.5,7583930,0.0,0.0,-726091365.5314972,811885458,-0.2700584514955816,-334044.7827142214,-7.544960184156233e-06,-2.203128229367565,131001170.90747882,11.957301151827457,26.045256951444358,424.95377087513305,12.307500076293945,13.699001077869841,10.915999074718048,22.61224445175722,0.5691698832728278,0.0,0.0,11.848333358764648,12.358333301544189,11.338333415985108,8.608804754843845,1.138888935637636,1.0,0.0,10.100000381469727,13.75,11.925000190734863,29.656710102815353,0.657534210783471,0.633422598751871,10.329302882578855,-0.5352865624393335,-0.6903200773804083,0.15503351494107487,11.929166714350382,12.555769260113056,12.139177930734277,12.67446449317361,0.7999999075224798,1.1030303611790468,-0.303030453656567,-0.7613618931794572,25.56749557225602,0.34249954223632884,-157.29226636657683,-165.17779355474275,7.8855271881659235,11.75,12.125,11.9375,13.75,93.75000000518085,60.740467375173196,18.98577715653106,36.014609197715316,40.82610034134039,15.275000095367432,15.75,0.0,84.0,-84.0,10.248320362854004,12.041771915792816,0.0,0.0,47.55761463860865,0.9077433133981865,0.9692477711327289,0.9453462248274959,-26.99164378520129,53.76154941923545,72.72727798167789,79.41483827502707,-27.27272201832211,-1.1635295026442574,-2.72373829633844,-4.223346577897911,-5.338215837953898,1.114869260055987,16.306444583113205,4.925193393555965,11.38125118955724,11.66647092332751,-2.3437514551915006,-2.371654151847702,163.15789473684214
2023-03-01 00:00:00+05:30,13.0,14.449999809265137,11.600000381469727,14.149999618530273,13416571,0.0,0.0,-715499338.1575438,825302029,-0.005069817277774513,2876152.6193855717,4.779544329489776,-1.9426867691835732,132772157.87003757,12.364483257409903,48.58332971006703,424.95377087513305,12.360000038146973,13.9343569288474,10.785643147446546,25.475030515233826,1.0684859611428177,1.0,0.0,11.956666660308837,12.70166654586792,11.211666774749755,12.461665223672613,1.9720357685528092,1.0,0.0,10.100000381469727,14.449999809265137,12.275000095367432,35.194170019173946,0.931034429839706,0.855080281656225,10.033219711345591,-0.33522827787605536,-0.6193017174795378,0.2840734396034824,12.054166714350382,12.582692329700176,12.448535113472122,12.783763391348177,0.7824074258039057,0.9814814961986801,-0.19907407039477443,-0.6998275064592544,25.945086069164244,-0.009999656677246449,-140.29242062879038,-163.05862070534374,22.76620007655336,12.275000095367432,12.275000095367432,12.275000095367432,13.75,96.87500000259043,56.78977067153261,23.72697257668629,26.452051630626926,119.18327498186932,14.949999809265137,15.424999713897705,100.0,80.0,20.0,10.43742111819458,12.041771915792816,0.0,0.0,61.80418155550764,1.0,0.9692477711327289,0.9794985140884857,-16.09280529531815,67.77458825464814,93.1034429839706,86.31139163713141,-6.896557016029404,-0.610882509455962,11.857707867459018,-2.6222972657874117,-4.795032123520601,2.172734857733189,37.756942388173954,11.491543192479563,26.265399195694393,11.81949270214014,13.199996948242188,12.398595282199931,197.89472881116365
2023-03-02 00:00:00+05:30,14.449999809265137,14.449999809265137,13.600000381469727,13.899999618530273,4909270,0.0,0.0,-716943247.5787865,820392759,-0.024290963089630774,2289942.6023304905,17.314171512168006,-0.7059602326001441,132685421.64861798,12.515557158820148,54.43907947550234,417.4457535194536,12.40750002861023,14.102868548564555,10.712131508655904,27.328124377110708,0.9401696658730733,0.0,0.0,12.133333301544189,12.908333110809327,11.358333492279053,12.774722164213587,1.6397850011481006,1.0,0.0,10.100000381469727,14.449999809265137,12.275000095367432,35.059435162319765,0.8735631579120449,0.8545721962701436,9.820752552448482,-0.1946102113050987,-0.53436341624465,0.3397532049395513,12.18333331743876,12.580769245441143,12.67183734501953,12.866447556324628,0.9691630392724849,0.9823788675808218,-0.013215828308336897,-0.6208565148819214,26.11186484953277,-0.05749964714050293,-123.7589948612383,-158.99001662304534,35.23102176180703,12.275000095367432,12.275000095367432,12.275000095367432,13.75,98.4375000012952,53.12126658958063,21.862509009051752,24.373451573451852,168.4444342719185,14.612499952316284,15.099999904632568,96.0,76.0,20.0,10.758427413480225,12.041771915792816,0.0,0.0,59.18086938651446,0.9425891063560845,0.9501108065847571,0.9628687829500714,-9.217626740018938,67.85268708725634,87.3563157912045,84.39567891895098,-12.64368420879551,-0.07411770820617747,12.550600722136071,-1.5125403531407249,-4.138533769444626,2.625993416303901,34.825269292821005,16.15828841254785,18.666980880273154,11.947682430647387,-1.7667844999275428,-1.782578443747429,192.6315709164268
2023-03-03 00:00:00+05:30,14.050000190734863,14.399999618530273,13.699999809265137,13.75,5109273,0.0,0.0,-721322621.4527148,815283486,-0.0941988160457753,1853323.801859417,0.3425091632976469,-0.503323375582683,132630285.7477547,12.65152065601465,49.670027130087576,417.4457535194536,12.452500009536744,14.237849932520673,10.667150086552814,28.674562081776667,0.8633741413265056,0.0,0.0,12.344999949137371,13.129999796549479,11.56000010172526,12.717697053809426,1.3949046649464083,1.0,0.0,10.100000381469727,14.449999809265137,12.275000095367432,34.93273980697823,0.8390804824496498,0.8391149575696428,9.529682586431942,-0.0941873627769354,-0.44632820555110714,0.35214084277417174,12.299999952316284,12.592307714315561,12.837708522708832,12.931895885485767,0.9871794359740852,0.9829059961427535,0.00427343983133166,-0.5341038054356847,26.148346482311496,-0.35249962806701696,-106.4210451170444,-152.6654964308739,46.2444513138295,12.275000095367432,12.275000095367432,12.275000095367432,13.600000381469727,99.2187500006476,49.71479851348237,20.43815717370921,22.785510753489007,148.56334291917804,14.512500286102295,15.099999904632568,92.0,72.0,20.0,11.053753205143018,12.041771915792816,0.0,0.0,57.601085742355004,0.9080157178561391,0.9502016080707412,0.9565200619294089,-4.680204952586613,61.7743474892478,83.90804824496499,88.12260234004668,-16.091951755035016,0.32897052203907684,11.336028949690322,-0.7283337540835559,-3.4564937663724122,2.728160012288856,32.44877892462273,19.416386514962827,13.032392409659902,12.092023753593628,-1.0791339758765672,-1.0849988580200254,189.47368421052633
2023-03-06 00:00:00+05:30,13.899999618530273,14.0,13.350000381469727,13.399999618530273,3024369,0.0,0.0,-723881709.7409153,812259117,-0.13154518751080227,1437344.6439216125,-8.05951743999762,-0.591974099259908,132553301.72566704,12.708627217712811,48.14579438369579,406.8198500303826,12.477500009536744,14.300814099126747,10.654185919946741,29.225631547928927,0.7529733122396279,0.0,0.0,12.566666634877523,13.351666386922199,11.781666882832846,12.493364785630396,1.0307855075636532,1.0,0.0,10.100000381469727,14.449999809265137,12.275000095367432,34.86274834278212,0.7586206140567228,0.820203423665706,9.383172090592636,-0.04235539093875751,-0.36553364262863725,0.32317825168987974,12.40833322207133,12.603846146510197,12.924214845142899,12.966570236081656,0.9830508597860828,1.0084746105168965,-0.02542375073081371,-0.44972480633563944,26.131313520896242,-0.7775002002716072,-87.99783177058912,-143.70481951094519,55.70698774035607,12.275000095367432,12.275000095367432,12.275000095367432,13.125,99.60937500032381,47.058735192618784,19.18804801201301,24.685345637038182,104.35615028149476,14.275000095367432,15.099999904632568,88.0,68.0,20.0,11.325452933472787,12.041771915792816,0.0,0.0,53.98020791206105,0.8287732111999829,0.8931260118040688,0.9311461421531888,-2.3559373578354905,56.66271304091604,75.86206140567228,82.37547514728058,-24.13793859432772,0.5480881690979,10.743795008894393,-0.32665068840560885,-2.830525150779052,2.5038744623734432,26.70031723890357,20.873172659750978,5.827144579152591,12.220255284455261,-2.5454573197798314,-2.578414562360498,182.10525512695312
2023-03-08 00:00:00+05:30,13.300000190734863,13.800000190734863,13.0,13.5,2574579,0.0,0.0,-723238065.7581995,814833696,-0.09564297284413477,1268789.5350933748,-8.545091401198055,-0.3531061202010995,132572515.07562624,12.75075665603965,46.75053706169286,409.8558307281908,12.522499990463256,14.399325569476554,10.645674411449958,29.975253830187736,0.760413120022225,0.0,0.0,12.838333288828531,13.668333117167156,12.00833346048991,12.93002463272799,0.8985944867578455,0.0,0.0,10.100000381469727,14.449999809265137,12.275000095367432,34.73746800645425,0.7816092105219887,0.8181831003726217,9.228513099133522,0.006713624731915502,-0.29108418915652673,0.29779781388844223,12.558333237965902,12.625,13.012797176659376,13.00608355192746,0.9752065907263272,1.0,-0.024793409273672795,-0.36811625434837425,25.991612125515022,-1.3725003719329827,-63.27775228521995,-131.59287144396708,68.31511915874714,12.924999713897705,12.275000095367432,12.599999904632568,13.025000095367432,99.80468750016192,45.059710057238476,17.749102733056596,26.115040204105185,82.64715713575214,14.1875,15.074999809265137,84.0,64.0,20.0,11.575416683536176,12.041771915792816,0.0,0.0,54.85343211544717,0.8478836253018374,0.8615575181193198,0.9016283793313763,-0.2716968012428724,55.50530089456671,78.16092105219887,79.31034356761204,-21.839078947801124,0.7166176599614769,15.384617265629846,0.051619111203699476,-2.254096298382502,2.3057154095862016,20.993273344366127,20.89719279667401,0.09608054769211805,12.439347767847687,0.7462715247501972,0.743500695540833,184.21052631578948
2023-03-09 00:00:00+05:30,13.550000190734863,13.649999618530273,13.100000381469727,13.199999809265137,2730705,0.0,0.0,-724975791.42631,812102991,-0.13451598771216222,970503.5985313721,-0.5035341927644441,-0.33758846716474317,132511832.70371212,12.796651979755104,45.8966397395491,409.8558307281908,12.5375,14.430876417924168,10.644123582075832,30.203412449438378,0.6749519543481689,0.0,0.0,13.09333324432373,13.878332996368409,12.308333492279052,11.99083132455968,0.5679405086839666,0.0,0.0,10.100000381469727,14.449999809265137,12.275000095367432,34.69590769926549,0.7126436403616947,0.7913647140414142,9.03672010074827,0.02114986253798712,-0.22863737881762397,0.2497872413556111,12.729166587193808,12.617307699643648,13.041597581675646,13.020447719137659,0.9876033337941447,1.0123967450219369,-0.024793411227792217,-0.2955822282172501,25.77956116813464,-1.937499618530273,-44.344761775585894,-117.37826223985482,73.03350046426893,13.025000095367432,12.275000095367432,12.650000095367432,13.025000095367432,99.90234375008096,43.20347243152819,16.81546368015881,24.741335754407096,67.74014117788012,14.037499904632568,14.949999809265137,80.0,60.0,20.0,11.805383333594493,12.041771915792816,0.0,0.0,51.68496024052445,0.7785419724192754,0.8183996029736985,0.8576943776323622,0.4204249667832653,51.86748569054858,71.26436403616947,75.0957821646802,-28.735635963830525,0.8358823383555691,18.38565256386154,0.16243575485427214,-1.7707898877351471,1.9332256425894192,16.48994726769055,20.01574369087732,-3.525796423186769,12.521160255604027,-2.2222236350730618,-2.2472870301669445,177.89473282663442
2023-03-10 00:00:00+05:30,13.050000190734863,13.5,13.0,13.050000190734863,4181197,0.0,0.0,-728320745.8363098,807921794,-0.17859512580145692,742263.37659833,-1.4947872582899109,0.04652302596757253,132464319.22158618,12.880675861143022,44.868679070966266,409.8558307281908,12.547499990463256,14.449465881884867,10.645534099041646,30.316252526275395,0.6321002133997304,0.0,0.0,13.2549999554952,14.064999707539874,12.445000203450522,12.22179939289807,0.3734568965960448,0.0,0.0,10.100000381469727,14.449999809265137,12.275000095367432,34.66825607572531,0.6781609648992997,0.7622282426372727,8.630328962367896,0.020253499653858142,-0.17885920312332756,0.1991127027771857,12.933333237965902,12.615384615384615,13.04289029076168,13.022636791107821,1.0124999711910816,0.9958333164453467,0.01666665474573492,-0.2339532623563126,25.61996008897516,-1.44749960899353,-28.893498758875264,-101.74675419884144,72.85325543996618,13.025000095367432,12.275000095367432,12.650000095367432,13.025000095367432,99.95117187504047,41.619627602071496,15.991903450575261,24.50912611665679,53.34785689932196,13.862499952316284,14.949999809265137,76.0,56.00000000000001,19.999999999999993,12.016952651648145,12.041771915792816,0.0,0.0,50.125904718746554,0.7444222165611298,0.7902826047607475,0.8234132419512551,0.49945883950672404,52.67079393421519,67.81609648992996,72.41379385943276,-32.18390351007003,0.7132352576536292,23.11320491599299,0.15552533621829745,-1.3855268429444583,1.5410521791627558,15.725052798876934,19.157605512477243,-3.432552713600309,12.555847974379956,-1.1363607628614325,-1.1428666758313444,174.73684612073396
2023-03-13 00:00:00+05:30,13.149999618530273,13.149999618530273,12.300000190734863,12.449999809265137,2889152,0.0,0.0,-730190199.0372177,805032642,-0.20190140123228575,388583.9939237081,-15.445701044972804,-0.4644364565834009,132331484.56436107,12.95752254503464,44.95273665822256,391.0118727825735,12.527499961853028,14.424727994354257,10.6302719293518,30.28901278432886,0.47957542497258004,0.0,0.0,13.298333295186362,14.193332990010578,12.403333600362142,13.460328824036674,0.02607051665652244,0.0,0.0,10.100000381469727,14.449999809265137,12.275000095367432,34.72360360041041,0.5402298245787116,0.7710053611530865,8.304548377962707,-0.02854286636580916,-0.14879593577182387,0.12025306940601471,13.045833190282186,12.596153846153847,12.951676370531443,12.980219236897252,0.9918033228994554,0.9918033228994554,0.0,-0.19088510951222024,25.62130192530892,-0.8775003433227546,-19.612466250305015,-85.76567086824724,66.15320461794222,13.025000095367432,12.275000095367432,12.650000095367432,13.025000095367432,99.97558593752024,41.01874431980193,14.67599024425905,29.268877437077556,6.469625480067133,13.837499856948853,14.949999809265137,72.0,52.0,20.0,12.211596424257504,12.041771915792816,0.0,0.0,44.36155628894683,0.6182700953834526,0.7137447614546192,0.7741423230630216,-1.2799074016568783,36.45104779961685,54.02298245787116,64.36781432799019,-45.97701754212884,0.49308823978199534,12.162156589193375,-0.21989510226972064,-1.1524004948095108,0.9325053925397901,12.275771432170437,17.781238696415883,-5.505467264245446,12.554824242607905,-4.597704005366299,-4.706754079375353,162.10525914242396
2023-03-14 00:00:00+05:30,12.600000381469727,12.649999618530273,11.75,12.100000381469727,3824542,0.0,0.0,-731040092.7565153,801208100,-0.1954417142317906,141845.2074232479,-12.354417484735313,-0.7337185180736512,132223967.49351072,13.016342026047809,43.99170390128874,391.0118727825735,12.5,14.405255668084783,10.594744331915217,30.48409068935652,0.3950273117590658,0.0,0.0,13.234999942779542,14.219999599456788,12.250000286102296,14.884770093476584,-0.0761421101092421,0.0,1.0,10.100000381469727,14.449999809265137,12.275000095367432,34.79999542236328,0.45977017542128845,0.7839047868908052,7.774066111273701,-0.09436854490773783,-0.13791045759900666,0.043541912691268836,13.083333253860474,12.567307692307692,12.82064929529118,12.915017840198917,0.9760955954292011,0.9800796755226687,-0.0039840800934676235,-0.1670942973453437,25.764969333673747,-0.3000001907348633,-13.766713089175454,-69.8183871707582,56.051674081582746,13.025000095367432,12.275000095367432,12.650000095367432,13.025000095367432,98.57839985216718,41.011444021367524,13.417083436035728,32.00030907353809,-31.739133238116548,13.774999856948853,14.949999809265137,68.0,48.0,20.0,12.211596424257504,14.449999809265137,0.0,1.0,41.37271719167523,0.4207456658354309,0.5944793259266711,0.6995022307140125,-3.7176314043354566,37.318848090544556,45.97701754212884,55.93869882997664,-54.02298245787116,0.24514698421253733,3.86266761952241,-0.7306884595544962,-1.068058087758508,0.33736962820401173,11.408382571705754,16.506667471473857,-5.098284899768103,12.542460487978177,-2.8112404269672764,-2.8515123461528624,154.73685013620474
2023-03-15 00:00:00+05:30,12.199999809265137,13.699999809265137,12.199999809265137,12.75,26273638,0.0,0.0,-738046389.5414503,827481738,-0.20445993018244432,2561275.1317059975,4.281858492531564,-0.12716704999412373,133635360.39756021,13.090087229019977,59.81592189558179,391.0118727825735,12.519999980926514,14.426934480774134,10.613065481078893,30.462212504037122,0.5603062189844132,0.0,0.0,13.253333282470702,14.268332958221436,12.238333606719971,15.31689657413512,0.252052491002808,0.0,0.0,10.100000381469727,14.449999809265137,12.275000095367432,34.74440442829376,0.6091953947390056,0.8655142509812658,7.315818568131517,-0.09301412354178851,-0.12893119078756304,0.03591706724577454,13.129166603088379,12.561538476210375,12.80978017293869,12.90279429648048,1.0418251229079896,0.9049430079695289,0.1368821149384607,-0.1472136542809395,26.036135192541323,0.2800002098083496,0.4119360220341095,-54.184569765111036,54.59650578714515,13.099999904632568,12.275000095367432,12.6875,13.025000095367432,98.1536902426007,39.0742308999828,20.78164348879886,27.48628028946249,28.39149546489926,13.75,14.949999809265137,64.0,44.0,20.0,12.211596424257504,14.395999813079834,0.0,0.0,48.33459011856005,0.4788746915860458,0.5059634842683097,0.6047291905498665,-3.59013297962761,39.412989857003154,44.26230482118295,48.0874349403943,-55.73769517881705,0.1683822295245001,4.508198355193191,-0.7208835652534595,-0.9986231832574983,0.2777396180040388,42.40048176304793,21.685430329788673,20.715051433259255,12.544437513398844,5.371897504447198,5.232578747531624,168.42105263157893
2023-03-16 00:00:00+05:30,13.050000190734863,13.5,12.800000190734863,12.949999809265137,12565756,0.0,0.0,-745226833.7696564,840047494,-0.25170108884154563,2554399.941929748,1.1141403837905115,-1.3264880346886303,133832470.10762078,13.110845680283136,64.86676719526979,397.1453865062534,12.549999952316284,14.464157519311932,10.635842385320636,30.504503175593438,0.6044845690463898,0.0,0.0,13.221666622161866,14.021666336059571,12.42166690826416,12.101344509122068,0.330208181217258,0.0,0.0,10.100000381469727,14.449999809265137,12.275000095367432,34.66135015396996,0.6551723684340337,0.8539628258831392,7.207744769636482,-0.07493857644997348,-0.11813266792004513,0.04319409147007165,13.141666571299234,12.574999992664043,12.83135242468122,12.906291001131194,1.0074906672050106,0.9363296145025969,0.07116105270241369,-0.12751070990813299,26.243946985353684,-0.04999995231628418,5.3780151640676515,-39.836013095632595,45.21402825970024,13.074999809265137,12.275000095367432,12.674999952316284,13.025000095367432,98.49847045982172,37.275390144411276,19.400172223777755,25.659114578402402,41.80767384574211,13.75,14.949999809265137,60.0,40.0,20.0,12.211596424257504,14.343079816818237,0.0,0.0,50.290578183055665,0.4364768394754294,0.44536573229896864,0.5152695141646497,-2.873778364026076,39.46854944640114,47.36841048560102,45.869244282970925,-52.63158951439898,0.13882342787349877,1.1718720023055076,-0.5806360358944748,-0.9150257537848936,0.3343897178904188,42.95159084395118,25.938662432621175,17.012928411330005,12.580358055416673,1.568625955020675,1.556450181255098,172.63157493189763
2023-03-17 00:00:00+05:30,13.350000381469727,13.350000381469727,12.800000190734863,12.949999809265137,4055938,0.0,0.0,-747070448.3449334,844103432,-0.25251202286594093,2189485.6645112126,-1.017025146856376,-1.3991326880355144,133832470.10762078,13.117911105168712,61.70261045974392,397.1453865062534,12.592499923706054,14.502545539751276,10.682454307660832,30.33624185217519,0.5935841224303563,0.0,0.0,13.126666641235351,13.896666431427002,12.356666851043702,11.731840401474315,0.3852812466830389,0.0,0.0,10.100000381469727,14.449999809265137,12.275000095367432,34.54436731507382,0.6551723684340337,0.8235665623683115,7.415219984207905,-0.05992282215923517,-0.10649069876788314,0.04656787660864797,13.179166555404663,12.576923076923077,12.849605868463362,12.909528690622597,0.9887640706287808,0.9475655438738161,0.041198526754964715,-0.1085169065374747,26.40772170545595,1.5574996948242195,10.006226839100997,-26.899649544949774,36.90587638405077,12.875,12.275000095367432,12.575000047683716,13.025000095367432,99.24923522991085,35.605038014237714,18.432491122903965,24.379237268228703,34.50243709099237,13.674999952316284,14.949999809265137,56.00000000000001,36.0,20.000000000000007,12.211596424257504,14.291218220481873,0.0,0.0,50.290578183055665,0.4364768394754294,0.45060945684563486,0.46731289113763763,-2.306240855570029,35.86966664978469,47.36841048560102,46.33304193079499,-52.63158951439898,0.10602936183705047,3.5999984741210938,-0.46417513447073194,-0.8248556299220613,0.36068049545132935,34.83371943700692,27.717673833498328,7.116045603508592,12.606361809788716,0.0,0.0,172.63157493189763
2023-03-20 00:00:00+05:30,12.949999809265137,13.0,12.25,12.399999618530273,4020697,0.0,0.0,-749482870.6349978,840082735,-0.2528852389709676,1560789.981454312,-8.394072335635368,-1.9987092834380407,133661706.8528364,13.096183391871396,59.0468493369673,380.2782018309583,12.627499914169311,14.496048613210093,10.75895121512853,29.594911292679306,0.43912379812315705,0.0,0.0,12.986666647593179,13.761666456858316,12.211666838328044,11.935315355288138,0.12150504938885621,0.0,0.0,10.100000381469727,14.449999809265137,12.275000095367432,34.44861973757987,0.5287355263460786,0.8162099061314804,8.115904804787004,-0.09135012022757039,-0.10346258305982059,0.012112462832250204,13.03333322207133,12.559615355271559,12.780435676165965,12.871785796393535,0.9481481476248699,0.974074109133716,-0.025925961508846074,-0.09891551970722208,26.58121466247286,1.2724997043609623,10.222371644241074,-15.986293609968644,26.20866525420972,12.775000095367432,12.275000095367432,12.525000095367432,13.025000095367432,99.62461761495543,34.739701148336366,17.174455989415822,27.720402841612174,-10.492157873212365,13.674999952316284,14.949999809265137,52.0,32.0,20.0,12.211596424257504,14.240393856072236,0.0,0.0,44.87245608395612,0.1712916328442958,0.3480817705983849,0.41468565324766266,-3.4658683365630645,34.654823953781,28.070154304535375,40.9356584252458,-71.92984569546462,0.09852938652038645,-12.367491499492834,-0.7096926694753202,-0.8018230378327131,0.09213036835739297,27.872828425524226,27.74870475190351,0.12412367362071564,12.585932262604773,-4.247105782514094,-4.339933156968279,161.05262354800573
2023-03-21 00:00:00+05:30,12.550000190734863,12.850000381469727,12.199999809265137,12.5,3925653,0.0,0.0,-749784844.8287946,844008388,-0.22423954980094732,1393900.9551776643,-1.6557753635273889,-2.116978413335698,133693365.46651338,13.10398699379166,61.32054175539765,383.3449733162485,12.694999933242798,14.438530561389964,10.951469305095632,27.467989559914873,0.4440790055262687,0.0,0.0,12.879999987284341,13.65499989191691,12.105000082651774,12.034160021703098,0.2548386877128055,0.0,0.0,10.100000381469727,14.449999809265137,12.275000095367432,34.265454514927676,0.5517241228113445,0.7995889727387914,8.663163701984216,-0.10695438178520611,-0.1041609428048977,-0.002793438980308413,12.916666587193808,12.54615380213811,12.737291725986585,12.844246107771792,0.988417015144499,1.0308880087098837,-0.04247099356538475,-0.09433796887681967,26.721509753524952,1.0550000667572021,11.73142224478563,-7.651940884412467,19.383363129198095,12.724999904632568,12.275000095367432,12.5,12.925000190734863,99.8123088074777,33.99517800828379,16.145944047502862,26.52099880623579,-20.58432024314907,13.625,14.949999809265137,48.0,28.000000000000004,19.999999999999996,12.211596424257504,14.190585978950791,0.0,0.0,46.011362466407355,0.2270344010654182,0.27826762446171444,0.35898628396857796,-4.077701543617581,37.03075372848179,31.578940323734013,35.672501704623464,-68.42105967626598,0.17823532609378745,-10.071939978069606,-0.832702681712788,-0.8079989666087282,-0.024703715104059887,21.844982694859546,26.567960340494718,-4.722977645635172,12.580767388111807,0.806454714081517,0.8032202460952487,163.15789473684214
2023-03-22 00:00:00+05:30,12.550000190734863,13.0,12.5,12.850000381469727,4476820,0.0,0.0,-747994109.9977094,848485208,-0.17976766079605752,1418613.4912624697,2.5129433909847654,-2.27887848037177,133818716.56313509,13.04004558875644,57.02168090789203,383.3449733162485,12.807499933242799,14.262241991028807,11.35275787545679,22.717034009270137,0.5146075546518569,0.0,0.0,12.814999993642171,13.559999879201253,12.07000010808309,11.62699782955434,0.5234901967812312,0.0,0.0,10.100000381469727,14.449999809265137,12.275000095367432,33.9644696503544,0.6321839912042716,0.7696300754649122,8.895295139443856,-0.09004083113009642,-0.10133692046993745,0.011296089339841026,12.84166661898295,12.553846139174242,12.754631519137838,12.844672350267935,1.0707547335320875,1.1226415561161442,-0.051886822584056747,-0.08784933645515976,26.736890894662935,0.5924996852874749,16.48418690354933,-0.8931688089529968,17.377355712502325,12.724999904632568,12.275000095367432,12.5,12.875,99.90615440373885,33.00453587426771,16.800752044970647,25.267484469765904,-5.174111133784358,13.599999904632568,14.949999809265137,44.0,24.0,20.0,12.211596424257504,14.141774259371775,0.0,0.0,49.911741884284,0.4795008824713079,0.2926089721270073,0.3063194557290354,-3.4602399205918837,37.02544829525272,40.74075774727982,33.46328412518306,-59.25924225272018,0.15441184043884348,-6.545451771129261,-0.7009974927715319,-0.786598671841289,0.08560117906975706,17.451759921985822,24.74472025679294,-7.29296033480712,12.589976525339033,2.8000030517578045,2.761519671933277,170.52632382041529
2023-03-23 00:00:00+05:30,12.800000190734863,13.100000381469727,12.449999809265137,12.550000190734863,3782993,0.0,0.0,-750613101.7359437,844702215,-0.24073042739240666,1053826.0465751665,0.42955607620738084,-3.484922440083244,133730397.60688157,12.969125454669687,51.763374462397614,374.39527979888754,12.879999923706055,14.115070666554438,11.644929180857673,19.17811723857536,0.3664045218130056,0.0,0.0,12.753333346048992,13.508333365122477,11.998333326975503,11.840042106440936,0.3653422846507666,0.0,0.0,11.399999618530273,14.449999809265137,12.924999713897705,23.680125844731098,0.37704934435676546,0.75766712513888,9.183881828757348,-0.0996950065885045,-0.10100853769365087,0.0013135311051463705,12.770833333333334,12.561538439530592,12.723149776306611,12.822844782895116,0.8749999656127005,1.1153846118577129,-0.24038464624501232,-0.08473120456226485,26.715529069842407,0.6200000762939446,14.470713155815806,3.925076959346011,10.545636196469795,12.724999904632568,12.275000095367432,12.5,12.875,99.95307720186943,31.881919852271235,16.712863496178656,23.699278943142595,-31.973250918036182,13.375,14.849999904632568,40.0,20.0,20.0,12.211596424257504,14.09393877418434,0.0,0.0,46.79135929145987,0.3338993739797501,0.34681155250549206,0.3058960496980711,-3.8526908503439365,34.88061741913513,30.188690788512435,34.16946295317541,-69.81130921148757,0.08602948469274097,-6.343279492485829,-0.7774796332362338,-0.784774864120278,0.007295230884044157,12.818585370792956,22.359493279592947,-9.54090790879999,12.58860913144492,-2.33463176520583,-2.362316025179867,164.2105303312603
2023-03-24 00:00:00+05:30,12.600000381469727,12.75,12.300000190734863,12.300000190734863,2887531,0.0,0.0,-753500632.7359437,841814684,-0.2740638636301997,800153.3613501427,-3.8960604168850197,-3.787677410096291,133672877.06990716,12.888959722115308,53.510215220034674,366.93720660946866,12.912499952316285,14.0464640259554,11.77853587867717,17.563819211255076,0.22992982060895953,0.0,0.0,12.680000019073486,13.430000019073486,11.930000019073486,11.829652979051048,0.2466667811075851,0.0,0.0,11.600000381469727,14.449999809265137,13.025000095367432,22.07163166172301,0.2456140174760017,0.7269003935515057,9.456036702651502,-0.1260657137814043,-0.10601997291120156,-0.020045740870202736,12.670833349227905,12.559615355271559,12.658049840064804,12.784115553846208,0.8472906954729591,1.1477832706711284,-0.3004925751981693,-0.08764290020684533,26.60976730636459,0.28749985694885183,10.760308692672155,7.299829730787918,3.4604789618842364,12.724999904632568,12.275000095367432,12.5,12.800000190734863,69.15064154144346,31.05669270290453,15.973717471524177,24.12535319369017,-81.00173925615411,13.150000095367432,14.724999904632568,36.0,16.0,20.0,12.211596424257504,14.047059998700652,0.0,0.0,44.30555755401797,0.21755822142421866,0.34365282595842556,0.3276911168636415,-4.911879554675176,31.58140701423454,24.44445292154948,31.79130048578057,-75.55554707845052,-0.01441173553466868,-8.88888747603805,-0.9861121268062724,-0.8250423166574768,-0.1610698101487955,7.608612548822426,19.40931713343884,-11.800704584616415,12.577142459095267,-1.9920318422350647,-2.012140289051878,158.94737243652344
2023-03-27 00:00:00+05:30,12.399999618530273,12.449999809265137,11.5,11.600000381469727,5269555,0.0,0.0,-757660803.2812598,836545129,-0.29956047032299554,158890.38188410143,-9.915449716226682,-3.9202440012555106,133372983.7822883,12.798197560651653,52.439971745109446,366.93720660946866,12.882499980926514,14.117519924528871,11.647480037324158,19.173606760037167,-0.019222222321341898,0.0,1.0,12.60166670481364,13.361666742960612,11.841666666666665,12.061897143441593,-0.15899096912295388,0.0,1.0,11.5,14.449999809265137,12.974999904632568,22.899280524997693,0.033898436588250924,0.7492103351228688,10.077622154301284,-0.20113031857441044,-0.12504204204384334,-0.0760882765305671,12.537500063578287,12.54038458604079,12.495273000280946,12.696403318855356,0.80861241923199,1.133971361294033,-0.32535894206204297,-0.10495088078813265,26.54637979404591,0.1675002098083489,3.531451086674506,9.221847972549025,-5.690396885874518,12.599999904632568,12.275000095367432,12.4375,12.800000190734863,34.57532077072173,31.2825672779177,14.514325021147222,29.614864459014523,-166.03773103258808,13.125,14.699999809265137,32.0,12.0,20.0,12.211596424257504,14.001118798726639,0.0,0.0,38.18809382725837,0.0,0.18381919846798964,0.2914278589773023,-7.806683681266236,29.379342247305242,4.347842312038064,19.660328674033316,-95.65215768796193,-0.1172058666453637,-12.121207961475603,-1.5841519328211082,-0.9768642398902032,-0.607287692930905,6.902904393573397,16.908034585465753,-10.005130191892356,12.53286377952848,-5.691055271628542,-5.85941468876312,144.21053434673107
2023-03-28 00:00:00+05:30,11.600000381469727,11.699999809265137,10.899999618530273,11.0,6089554,0.0,0.0,-762227963.3367755,830455575,-0.3230682348501174,-385770.3473822701,-8.867649114105232,-3.943283837891737,133058006.661355,12.667496959846922,50.83984951437111,366.93720660946866,12.79249997138977,14.275832114502181,11.309167828277358,23.190653061244653,-0.10421395832110965,0.0,1.0,12.505000019073487,13.255000114440918,11.754999923706055,11.99520342620519,-0.5033332184685755,0.0,1.0,10.899999618530273,14.449999809265137,12.674999713897705,27.750636690829662,0.028169120027293888,0.7542893206840683,10.949542693335102,-0.3055128135172378,-0.16113619633852222,-0.14437661717871558,12.366666714350382,12.51346151645367,12.265231000237723,12.57074381375496,0.7846889716359887,1.1866029642573779,-0.40191399262138916,-0.1401376698414899,26.46566627839189,-0.3425001621246331,-7.096128550729628,8.387618575575276,-15.483747126304905,12.199999809265137,12.275000095367432,12.237499952316284,12.775000095367432,17.287660385360866,32.07228390368681,13.403759988898647,33.08751492947407,-216.18125466382233,12.912500143051147,14.5,28.000000000000004,8.0,20.000000000000004,12.211596424257504,13.901074046777573,0.0,0.0,33.87110565796117,0.0,0.07251940714140621,0.19999714385594033,-11.754189781708822,26.706914023870407,3.571441952062201,10.787912395216573,-96.4285580479378,-0.3195588757010075,-15.708813492510954,-2.430347941566866,-1.2675609802255359,-1.1627869613413302,7.488176755002416,15.024063019373086,-7.53588626437067,12.441951542560776,-5.1724169115389795,-5.3109858199269055,131.57894736842107
2023-03-29 00:00:00+05:30,11.0,11.949999809265137,10.899999618530273,11.100000381469727,13933193,0.0,0.0,-770853254.005382,844388768,-0.3444785964136409,-131613.9241717567,0.9419953046071916,-3.8400317309366203,133184672.53545421,12.457730571699265,58.68920297046897,366.93720660946866,12.722499990463257,14.376729110988864,11.06827086993765,26.004780849135166,0.00959042225117949,0.0,0.0,12.348333358764648,13.053333473205566,11.643333244323731,11.418546842850166,-0.38534239337314236,0.0,1.0,10.899999618530273,14.449999809265137,12.674999713897705,27.903322408299715,0.056338240054587777,0.7838604076891478,11.516134858035194,-0.37583510461141323,-0.20407597799310045,-0.17175912661831277,12.254166762034098,12.511538468874418,12.085964751196492,12.461799855807906,0.7853880892782009,1.1415525312998964,-0.3561644420216955,-0.1841135133102252,26.52756423591383,-0.6224996089935306,-23.3322500603664,5.197589106193715,-28.529839166560112,12.125,12.275000095367432,12.200000047683716,12.725000381469727,8.643830192680433,32.272020137003956,14.419320735387073,29.85830505051027,-169.37708985282882,12.662499904632568,14.274999618530273,24.0,4.0,20.0,12.211596424257504,13.721009581082736,0.0,0.0,35.18619485506083,0.08009326700902032,0.026697755669673442,0.09434545375968961,-14.504653275966318,26.336979032811332,7.142883904124402,5.020722722741547,-92.8571160958756,-0.5441177424262555,-10.843369064076267,-3.0158974543011356,-1.617228275040656,-1.3986691792604797,17.970772866128506,15.61340498872417,2.357367877404336,12.248247128040445,0.9090943769975102,0.9049869886559314,133.6842185572574
2023-03-31 00:00:00+05:30,11.199999809265137,11.800000190734863,11.199999809265137,11.600000381469727,11698620,0.0,0.0,-766953701.609086,856087388,-0.4012879858251846,722803.7792813514,0.38466246678424965,-3.7057853220027517,133711637.38220906,12.326709834528476,65.45042768176067,383.4659090418592,12.59500002861023,14.18115861428717,11.008841442933289,25.18711523737825,0.1863492540640705,0.0,0.0,12.193333371480307,12.888333543141684,11.498333199818928,11.399674731881833,0.07314183923707954,0.0,0.0,10.899999618530273,14.449999809265137,12.674999713897705,28.18578946145966,0.19718330290978106,0.7754743478467467,11.664784789341745,-0.38676185570102106,-0.2406131535346846,-0.14614870216633646,12.212500095367432,12.550000007335957,12.011201002007759,12.39796285770878,0.8161435598927164,1.1300449159235562,-0.3139013560308398,-0.22424777394513734,26.377348291952124,0.1549999713897705,-36.333826799513794,0.04869425745873852,-36.382521056972536,12.0,12.275000095367432,12.137500047683716,12.725000381469727,4.321915096340216,32.457489496512736,13.475132888648064,27.903161027412782,-127.10869200456756,12.387500286102295,14.0,20.0,0.0,20.0,12.211596424257504,13.551748983329588,0.0,0.0,41.45528710205114,0.46190164955048224,0.18066497218650088,0.09329404499919336,-14.931808180877674,29.69142160820528,25.00002554484602,11.9047838003442,-74.99997445515397,-0.7594118819517242,-4.132231274684204,-3.119559722350201,-1.9176945645025651,-1.201865157847636,21.84708974998961,16.860141940977257,4.986947809012353,12.189850441663065,4.504504349699823,4.405998831270974,144.21053434673107
2023-04-03 00:00:00+05:30,11.75,12.5,11.399999618530273,12.25,10879820,0.0,0.0,-761019252.6213503,866967208,-0.32845090950184896,1629814.5036237354,4.549707273217337,-2.277541870703456,134321282.0905812,12.2924356580587,70.4011542867614,404.9532095935677,12.512500047683716,13.986228071952475,11.038772023414957,23.556092206234545,0.4109401316386162,0.0,0.0,12.095000012715657,12.84500020345052,11.344999821980796,12.401822074350974,0.6033332985772117,0.0,0.0,10.899999618530273,14.399999618530273,12.649999618530273,27.972027865429748,0.3857143947056362,0.8079269512090448,11.306824277184312,-0.3390633366354674,-0.26030319015484116,-0.07876014648062624,12.170833428700766,12.594230761894813,12.04793930939118,12.387002646026648,0.8991228455431665,1.0350877677304569,-0.1359649221872904,-0.2498146185915292,26.43665518188048,0.4374997615814209,-44.193677303241394,-5.997533403372646,-38.196143899868744,12.0,12.674999713897705,12.337499856948853,12.700000286102295,3.480033170578709,31.227007131013973,18.479162165056916,25.119570148561053,-63.758243279076396,12.125000238418579,13.75,16.0,88.0,-72.0,12.211596424257504,13.39264402144163,0.0,0.0,48.43758214019557,0.8871464329911884,0.47638044985023037,0.22791439256880142,-13.02175277400672,35.078717603573175,48.21429605386625,26.785735167612216,-51.78570394613375,-0.8479413481319664,-3.9215686274509802,-2.737250861444096,-2.0816058238908717,-0.6556450375532243,23.268508889251233,18.141815330632053,5.126693558619181,12.191534433067709,5.603444803058855,5.452080599309639,157.89473684210526
2023-04-05 00:00:00+05:30,12.25,12.649999618530273,12.050000190734863,12.449999809265137,8317337,0.0,0.0,-758246806.9546837,875284545,-0.2687317493690975,1634621.8336194681,2.885536901277037,-1.188973700274002,134457075.21822152,12.302903289077822,74.75109661869445,411.5646842613243,12.447500038146973,13.807453829317804,11.087546246976142,21.851034938792154,0.5009190647264607,0.0,0.0,12.07833334604899,12.813333479563394,11.343333212534585,12.170555530409073,0.7528342827905512,0.0,0.0,10.899999618530273,14.0,12.449999809265137,24.904602305437834,0.5,0.7871341988676813,10.673183531457214,-0.2818743316525829,-0.2646174184543895,-0.01725691319819339,12.129166762034098,12.625,12.10979477091025,12.391669102562833,1.0045046074496224,0.977477564168103,0.02702704328151939,-0.2609773568130255,26.6058421623612,0.5024997711181634,-45.09808196095556,-12.31192275956611,-32.78615920138945,12.0,12.674999713897705,12.337499856948853,12.650000095367432,9.683292076532487,29.81684029818641,18.840126014412036,23.729056809850153,-18.672106134780297,12.087500095367432,13.75,12.0,84.0,-72.0,12.211596424257504,13.243085357266947,0.0,0.0,50.39783593416015,1.0,0.7830160275138902,0.48002048318354035,-10.859907218923754,38.90448242374784,55.35714589819595,42.85715583230274,-44.64285410180405,-0.7604413425221157,-3.8610039178708924,-2.2747083489687916,-2.120226328906456,-0.15448202006233558,21.45678281980982,18.804808828467607,2.6519739913422136,12.192894672390672,1.632651504205196,1.6194670599911198,162.10525914242396
2023-04-06 00:00:00+05:30,12.5,12.899999618530273,12.300000190734863,12.75,6628591,0.0,0.0,-754932506.1867478,881913136,-0.22020924537129596,1685187.0808600297,2.2629221949106912,-1.3331834358183503,134616800.40655634,12.171481657617393,69.39006026231834,421.4819120259582,12.415000057220459,13.711957833841259,11.118042280599658,20.893399446526796,0.6291483611950643,0.0,0.0,12.091666666666665,12.821666685740151,11.36166664759318,12.07443174208384,0.950913230227644,0.0,0.0,10.899999618530273,13.800000190734863,12.349999904632568,23.358844614084187,0.6379310401526405,0.7684207217604542,10.348671334007825,-0.20992424892471995,-0.2536787845484556,0.04375453562373566,12.112500111262003,12.646153853489803,12.208287883077904,12.418212132002624,0.9950495806760286,1.0643564898667859,-0.06930690919075733,-0.2568504174399371,26.85692005562619,-0.015000438690185192,-42.19389334068765,-18.83170945337022,-23.362183887317432,12.0,12.674999713897705,12.337499856948853,12.300000190734863,24.430171179449573,28.068364538269968,20.124350192357287,22.394059278196153,22.169696798760235,11.887500286102295,13.75,8.0,80.0,-72.0,12.211596424257504,13.102500212942747,0.0,0.0,53.267771543417645,1.0,0.962382144330396,0.7405928738981721,-8.167440499304213,43.0199295116436,71.153850386128,58.24176411273006,-28.846149613871997,-0.5011765872730933,-1.544400094292248,-1.6904546861760406,-2.0342720003603727,0.34381731418433215,18.136524468616155,18.67115195649732,-0.5346274878811634,12.198762263764035,2.4096401231396447,2.381066401378762,168.42105263157893
2023-04-10 00:00:00+05:30,12.75,13.100000381469727,12.399999618530273,12.550000190734863,6970511,0.0,0.0,-758915647.1896987,874942625,-0.2453723454275123,1245288.8020970915,1.5063484039863488,-1.3051685772329333,134507459.16181275,12.086582711425661,67.31923805500682,421.4819120259582,12.367500066757202,13.56803099514039,11.166969138374014,19.41428618399791,0.576008089280733,0.0,0.0,12.081666660308837,12.83166675567627,11.331666564941406,12.415507172224206,0.8122223139162297,0.0,0.0,10.899999618530273,13.699999809265137,12.299999713897705,22.63998524860354,0.5892858785025815,0.7615787258783541,10.131107307581217,-0.16711520309441497,-0.23636606825764747,0.0692508651632325,12.125000158945719,12.636538468874418,12.26085900733282,12.427974210427235,0.9502487618841565,1.0298507618480972,-0.07960199996394068,-0.24514940337506028,26.752274128291635,0.13249993324279785,-45.09944476907562,-25.45061588946927,-19.64882887960635,12.0,12.674999713897705,12.337499856948853,12.275000095367432,43.52296422873329,26.10359292335943,20.682024734776608,20.915621278363925,33.77650824075424,11.850000143051147,13.75,4.0,76.0,-72.0,10.899999618530273,13.102500212942747,1.0,0.0,51.143290177199745,0.8904718275417207,0.9634906091805736,0.9029629270082865,-6.5823818527003235,44.31468073253942,67.34694115870225,64.61931248100872,-32.65305884129774,-0.24941181856043215,1.209682071122264,-1.344669696483624,-1.896351539585023,0.551681843101399,15.678641205736444,18.072649806345147,-2.3940086006087036,12.20317247003602,-1.568625955020675,-1.5810590828645221,164.2105303312603
2023-04-11 00:00:00+05:30,12.699999809265137,12.800000190734863,12.149999618530273,12.300000190734863,5149187,0.0,0.0,-761688279.3698505,869793438,-0.24835893087028263,883490.8660832213,-3.4714260590098465,-1.4804829281010383,134404885.71715653,12.063820859706128,66.66208509983532,413.0858581291399,12.322500085830688,13.46068926134964,11.184310910311737,18.473348226269835,0.49011592467237874,0.0,0.0,12.053333314259847,12.803333409627276,11.303333218892416,12.444691867603684,0.664444563406471,0.0,0.0,10.899999618530273,13.699999809265137,12.299999713897705,22.722663187111745,0.5000001702989735,0.7504209105109776,9.940359535748977,-0.15161392555677367,-0.21941563971747274,0.06780171416069908,12.108333508173624,12.628846168518066,12.266880727856211,12.418494653412985,0.9261083854925769,1.0443350438708912,-0.11822665837831425,-0.23220943231718624,26.00828864777277,0.5275002956390384,-46.32474605495353,-31.793399750316567,-14.531346304636962,12.0,12.674999713897705,12.337499856948853,12.275000095367432,62.946676942169134,24.68778386954383,19.4011748549653,22.002248087689285,2.056027077946642,11.9375,13.75,0.0,72.0,-72.0,10.943999633789062,13.102500212942747,0.0,0.0,48.53737774381236,0.7561233550374185,0.8821983941930464,0.9360237159013386,-6.0192925671420845,45.22559056957924,63.63636757716523,67.37905304066516,-36.36363242283477,-0.06029418496524741,-1.5999984741210938,-1.220872012173436,-1.7612556341027057,0.5403836219292697,11.643984968586402,16.7869168387934,-5.142931870206997,12.204233083180464,-1.9920318422350647,-2.012140289051878,158.94737243652344
2023-04-12 00:00:00+05:30,12.350000381469727,13.399999618530273,12.25,13.149999618530273,15718970,0.0,0.0,-752803646.4194963,885512408,-0.15363453151008177,2666008.6717189355,2.5605987975871556,-0.6980064185851437,135491155.25360724,12.174605333806161,74.54065869735786,413.0858581291399,12.327500057220458,13.479226767516526,11.175773346924391,18.685486999798933,0.8570723653263109,0.0,0.0,12.101666609446209,12.921666685740153,11.281666533152261,13.551853686894292,1.1392273850888461,1.0,0.0,10.899999618530273,13.699999809265137,12.299999713897705,22.713446990372134,0.8035713738324728,0.7903787813129072,9.374721412277315,-0.06993503380933852,-0.18951951853584592,0.1195844847265074,12.133333444595337,12.590384630056528,12.402745172575298,12.472680206384636,0.9905213822798111,0.9526067306077355,0.03791465167207564,-0.20537251856179925,25.601199966294065,0.222500133514405,-40.45840047773604,-36.68116103525107,-3.7772394424849693,12.149999618530273,12.674999713897705,12.41249966621399,12.275000095367432,81.47333847108456,23.45833410639852,22.86013197785785,19.68004639490879,85.38260730221468,12.275000095367432,13.75,0.0,68.0,-68.0,10.987119648742675,13.102500212942747,0.0,0.0,56.628973270007904,1.0,0.8821983941930464,0.9092957991888886,-2.883656968564192,53.64636940489887,90.0,73.66110291195582,-10.0,0.08749994109658665,2.334624343616045,-0.5607057396816724,-1.5211456552184992,0.9604399155368268,19.027798581594315,17.235093187353584,1.7927053942407305,12.235621846394507,6.910564346459802,6.68224517293976,176.84209723221628
2023-04-13 00:00:00+05:30,13.199999809265137,13.399999618530273,12.75,12.949999809265137,7147769,0.0,0.0,-755552789.955981,878364639,-0.15501226215948471,2080928.5133774797,2.2734353143277066,-0.4173485130240654,135382444.03853947,12.218617759821813,79.07363750339988,406.80318929015885,12.352500057220459,13.535071139912038,11.16992897452888,19.147072693196645,0.7526274152944552,0.0,0.0,12.219999917348225,13.009999974568682,11.429999860127769,12.92962459187789,0.9620252145837491,0.0,0.0,10.899999618530273,13.699999809265137,12.299999713897705,22.66747765848556,0.7321428753891758,0.7763408650346438,8.850888247691172,-0.021099020400910717,-0.15583541890885888,0.13473639850794816,12.166666746139526,12.553846175854023,12.486938193604503,12.508037214005414,1.0426540999814056,0.9383887532602327,0.10426534672117282,-0.1729749194609207,25.32732738543854,-0.05249986648559535,-29.344082418568394,-39.15315590945537,9.809073490886977,12.149999618530273,12.649999618530273,12.399999618530273,12.275000095367432,90.73666923554228,22.316702183477876,21.480159363223724,18.492042532726007,94.83904908838988,12.275000095367432,13.75,0.0,64.0,-64.0,11.08363484753418,13.102500212942747,0.0,0.0,54.45922504184875,0.9046594230554968,0.8869275926976384,0.8837747936945769,-1.0104724170913493,50.63377186028299,82.00000762939453,78.54545840218658,-17.99999237060547,0.18544110129861302,3.1872479079767366,-0.16868370344538042,-1.2506532648638755,1.0819695614184952,16.01731685611411,16.99153792110569,-0.9742210649915783,12.289906218032982,-1.5209111411935483,-1.5325956197682622,172.63157493189763
2023-04-17 00:00:00+05:30,12.850000381469727,13.050000190734863,12.550000190734863,12.800000190734863,4984954,0.0,0.0,-755552789.955981,873379685,-0.14876277791866602,1676832.8402677027,-2.7582964509830328,-0.793865644593194,135324703.40460864,12.221998345560655,74.40697582020064,402.09119515045506,12.387500047683716,13.579504420551892,11.19549567481554,19.245277388976703,0.6730279487392308,0.0,0.0,12.379999955495197,13.139999993642169,11.619999917348228,12.277868188676756,0.7763159303673905,0.0,0.0,10.899999618530273,13.699999809265137,12.299999713897705,22.60343233062932,0.6785715867061897,0.7487067785311795,8.646869831551603,0.005437476607847103,-0.12358083980551769,0.1290183164133648,12.208333412806192,12.517307721651518,12.535101577778406,12.529664101170559,0.9952607359093266,0.9857820269366436,0.009478708972682992,-0.14018817213327356,25.114959350165936,-0.7874996662139893,-15.95537835554508,-38.333503497808564,22.378125142263485,12.299999713897705,12.449999809265137,12.374999761581421,12.275000095367432,95.36833461777114,20.89075994389586,20.4571525990052,19.51637138321887,54.82080653698135,12.275000095367432,13.600000381469727,0.0,60.0,-60.0,11.176289438374024,13.102500212942747,0.0,0.0,52.8244759361432,0.8328271611945394,0.9124955280833454,0.8938738383246765,0.030508415273836277,46.43667294783989,76.0000228881836,82.6666768391927,-23.999977111816406,0.1658823321847347,4.065040587370328,0.0433968266343159,-0.9918432465642372,1.0352400731985532,11.336954553246645,15.860621247533881,-4.523666694287236,12.364849388267494,-1.1582982296490463,-1.165058759025328,169.4736882259971
2023-04-18 00:00:00+05:30,12.850000381469727,13.0,12.5,12.550000190734863,5221243,0.0,0.0,-759729780.3724887,868158442,-0.15086754077746384,1250812.3273723167,-0.47881501334896004,-0.8587492938472183,135222726.00378448,12.227412972711699,73.40945024913103,402.09119515045506,12.377500057220459,13.56049390416653,11.194506210274389,19.115230724736964,0.572908297012583,0.0,0.0,12.516666634877522,13.221666653951008,11.811666615804038,11.26498036001074,0.5236408191173864,0.0,0.0,10.899999618530273,13.5,12.199999809265137,21.005860387397107,0.6346155115838401,0.7238361006780616,8.415166077742848,0.006223193904077107,-0.09762003306359875,0.10384322696767585,12.287500063578287,12.48461543596708,12.5373936720794,12.531170478175323,0.9951923808755281,1.000000091699457,-0.004807710823928835,-0.11215187688809754,24.91162624149607,-1.377500057220459,-7.799348422272062,-35.16300590033726,27.3636574780652,12.399999618530273,12.349999904632568,12.374999761581421,12.275000095367432,97.68416730888558,19.47405329615932,19.459110908944442,19.052098691292706,39.0934553289238,12.275000095367432,13.125,0.0,56.00000000000001,-56.00000000000001,11.265237845580273,13.102500212942747,0.0,0.0,50.12388436227606,0.71416087752051,0.817215820590182,0.8722129804570552,0.10998652164509208,42.79462073629612,66.0000228881836,74.66668446858723,-33.999977111816406,0.10264704928678547,8.18965325882835,0.049661712885604864,-0.7835422546742689,0.8332039675598737,7.660230491754515,14.220543096378009,-6.560312604623494,12.382695802471174,-1.9531249708961695,-1.972450505094292,164.2105303312603
2023-04-19 00:00:00+05:30,12.600000381469727,13.0,12.600000381469727,12.850000381469727,9208809,0.0,0.0,-757427567.1447225,877367251,-0.08691977900668009,1466788.3458106895,0.21718397265472902,-0.5649461231658076,135442857.03282467,12.268222363265833,77.42697614946033,402.09119515045506,12.372500085830689,13.546584648850558,11.19841552281082,18.9789380460698,0.7033500442297174,0.0,0.0,12.644999980926514,13.329999923706055,11.960000038146973,10.83432097766362,0.6496353413632253,0.0,0.0,10.899999618530273,13.399999618530273,12.149999618530273,20.20610210270328,0.7800003051757812,0.6964524715367691,8.095865693544829,0.030699503936620687,-0.07195612566355486,0.10265562960017555,12.441666762034098,12.45961545063899,12.585487011985604,12.554787508048983,1.0144231324717863,0.9615384968074834,0.052884635664302904,-0.08362021609415447,24.7472454313498,-1.2724997043609623,0.6713112612942252,-30.178007170944415,30.84931843223864,12.724999904632568,12.299999713897705,12.512499809265137,12.275000095367432,98.8420836544428,18.158539980403962,18.580516782054715,18.191881485407976,63.33403038986416,12.599999904632568,13.025000095367432,16.0,52.0,-36.0,11.350628316498273,13.102500212942747,0.0,0.0,53.2148751412989,0.8499816333011018,0.7989898906720504,0.8429004131151925,1.084319277819625,42.834898703350284,78.00003051757812,73.33335876464842,-21.999969482421875,0.13014708967769728,16.818185286088426,0.24452428141009133,-0.5779289474573969,0.8224532288674882,8.8924490959595,13.154924296294308,-4.262475200334807,12.421779389410728,2.3904397304817637,2.362316025179867,170.52632382041529
2023-04-20 00:00:00+05:30,11.75,12.399999618530273,11.399999618530273,11.949999809265137,21248918,0.0,0.0,-755302667.2389035,856118333,-0.052247911996915024,-1474758.3262663244,-4.235512472703738,-0.1592363200570259,133954605.06465304,12.228684530627865,68.35856330682137,402.09119515045506,12.322500085830688,13.478992486042547,11.16600768561883,18.770418213129947,0.3389525618597611,0.0,0.0,12.631666628519694,13.306666533152262,11.956666723887126,10.687424304067008,-0.004938455973278143,0.0,1.0,10.899999618530273,13.399999618530273,12.149999618530273,20.288090749333268,0.4200000762939453,0.7718073006770376,7.572494279703876,-0.022268669221569226,-0.062018634375157734,0.03974996515358851,12.512500047683716,12.411538527562069,12.48771975002861,12.50998841925018,0.9724771356594645,0.9495412695539316,0.022935866105532887,-0.06984849543390012,24.76066791553604,-0.7224997043609616,0.2688174310017874,-25.137240571838042,25.406058002839828,12.399999618530273,12.299999713897705,12.34999966621399,12.275000095367432,97.81432337579108,18.667760143298175,16.063700648680335,26.937743381867456,-69.03661933111286,12.650000095367432,13.025000095367432,12.0,48.0,-36.0,11.350628316498273,13.399999618530273,0.0,1.0,44.3375399691831,0.4599039984608043,0.6746821697608053,0.7636292936743457,-0.8828499594375159,44.358195661408736,42.00000762939453,62.00002034505207,-57.99999237060547,-0.04602941344766087,7.657652239493559,-0.17800711299862226,-0.49794458056564195,0.3199374675670197,20.418115568295633,14.607562550694574,5.810553017601059,12.415573114748115,-7.003895295617502,-7.261257861114512,151.57894335295023
2023-04-21 00:00:00+05:30,11.949999809265137,12.199999809265137,11.800000190734863,11.850000381469727,5081953,0.0,0.0,-759114125.9307377,851036380,-0.06071828907331445,-1336677.4785258735,0.7871012274370198,0.5303887043388492,133912078.50396731,12.265358822962579,72.41925193011258,398.72643447443875,12.295000123977662,13.468839822893417,11.121160425061907,19.09458620706375,0.31045122987450074,0.0,0.0,12.588333320617675,13.24333324432373,11.933333396911621,10.406459807245012,-0.06361299629654002,0.0,1.0,10.899999618530273,13.399999618530273,12.149999618530273,20.333468684758365,0.38000030517578126,0.7346265324623612,6.6694997174316235,-0.07149133850899858,-0.06391317520192591,-0.007578163307072672,12.53333338101705,12.365384688744179,12.389609077942628,12.461100416451627,1.0666668301536923,0.8952380589076451,0.17142877124604727,-0.06801353911582736,24.676660642103947,-0.04500012397766184,0.5925085017676055,-20.38319592267635,20.975704424443954,12.399999618530273,12.299999713897705,12.34999966621399,12.275000095367432,91.76918333019978,19.14060743741423,15.442286227030241,25.895673276709154,-56.580542258466444,12.650000095367432,13.025000095367432,8.0,44.0,-36.0,11.350628316498273,13.359999618530274,0.0,0.0,43.46982542152141,0.38631330353562426,0.5653996450991767,0.6796905685106772,-2.721555847408277,44.66045355012329,38.000030517578125,52.66668955485025,-61.999969482421875,-0.23749995792613454,2.1551723429195686,-0.5737160934407762,-0.5130988831406689,-0.06061721030010736,14.686338010303334,14.623317642616326,0.0630203676870078,12.399659406229697,-0.836815308715555,-0.8403362643765622,149.47369224146794
2023-04-24 00:00:00+05:30,11.949999809265137,12.149999618530273,11.850000381469727,11.850000381469727,4027725,0.0,0.0,-763141850.9307377,855064105,-0.08415237545593088,-1145723.5530221774,0.0,0.4631033254383356,133912078.50396731,12.36306656826849,69.44806901764065,398.72643447443875,12.262500143051147,13.44777420757898,11.077226078523314,19.33168686158179,0.32598971245281394,0.0,0.0,12.518333339691162,13.143333244323731,11.893333435058594,9.985353284225422,-0.03466644816077393,0.0,1.0,10.899999618530273,13.399999618530273,12.149999618530273,20.387359599067466,0.38000030517578126,0.6911638029221797,5.9594078664838674,-0.10924139178537295,-0.07297881851861532,-0.036262573266757636,12.50000007947286,12.342307787675123,12.306592355408336,12.415833747193709,1.0769232800726554,0.9179486903605036,0.15897458971215173,-0.07414565069502063,24.495050704086914,0.1874996662139896,0.4466106560301969,-15.322523097664591,15.769133753694788,12.399999618530273,12.299999713897705,12.34999966621399,12.275000095367432,73.50012688719714,19.57967992480771,14.974410289333825,25.111076861483244,-50.64191936835142,12.650000095367432,13.025000095367432,4.0,40.0,-36.0,11.350628316498273,13.320799618530275,0.0,0.0,43.46982542152141,0.13276525540145306,0.3263275191326272,0.5221364446642028,-4.192427013586726,38.16898523318979,29.545483116278486,36.51517375441704,-70.45451688372151,-0.37397059272317357,-3.2653030084103953,-0.8798554652849171,-0.5864501995695186,-0.2934052657153985,8.829063470590595,13.464466808211181,-4.635403337620586,12.369595462714809,0.0,0.0,149.47369224146794
2023-04-25 00:00:00+05:30,11.899999618530273,12.0,11.699999809265137,11.800000190734863,4157693,0.0,0.0,-764527739.7861099,850906412,-0.10437573000981346,-1011746.6801642958,-1.0823323708719517,0.358317979891464,133894535.42917196,12.428466921879549,63.97692039572738,398.72643447443875,12.210000133514404,13.379444248975695,11.040556018053113,19.15551355730722,0.32470306303699903,0.0,0.0,12.433333333333334,13.018333180745444,11.848333485921223,9.410185213063432,-0.041310519481478805,0.0,1.0,10.899999618530273,13.399999618530273,12.149999618530273,20.47502025112939,0.3600002288818359,0.6520474417034481,5.93971525786372,-0.1415613474105495,-0.08669532429700215,-0.05486602311354734,12.445833444595337,12.330769318800707,12.228655099304726,12.370216446715276,1.0427808124795688,0.9251336036600697,0.11764720881949908,-0.08600955714607128,24.132049308860452,0.5399998664855961,0.6582297248295591,-10.10219245546647,10.760422180296029,12.399999618530273,12.299999713897705,12.34999966621399,12.275000095367432,36.75006344359857,20.196093028089575,14.501247544194197,25.897524285815095,-59.94229191931121,12.650000095367432,13.025000095367432,0.0,36.0,-36.0,11.350628316498273,13.282383618530275,0.0,0.0,42.98203221917443,0.0,0.1730261863123591,0.35491778351472086,-5.539320163143587,37.85887708443621,20.000028610229492,29.18184741469536,-79.99997138977051,-0.5194117826573983,-5.22088055010693,-1.1443724369765491,-0.6980346470509248,-0.44633778992562434,3.9747277436727644,11.566518995303499,-7.591791251630735,12.343853860461167,-0.42194252426397405,-0.4228352137087388,148.42105664704977
2023-04-26 00:00:00+05:30,11.899999618530273,11.949999809265137,11.75,11.850000381469727,4634269,0.0,0.0,-764527717.6881722,855540681,-0.08737252161914903,-834109.3924384445,0.0,0.03333888894736851,133914172.23681359,12.441710329875763,61.868676834315835,398.72643447443875,12.175000143051147,13.3435460336219,11.006454252480394,19.19582549225181,0.3609383832488254,0.0,0.0,12.376666673024497,12.91666644414266,11.83666690190633,8.726093792202041,0.012345819643392668,0.0,0.0,10.899999618530273,13.399999618530273,12.149999618530273,20.53388066222627,0.38000030517578126,0.606842678459617,6.338297338028705,-0.1612813960336421,-0.10161253864433015,-0.05966885738931196,12.370833476384481,12.296153948857235,12.170400527330111,12.331681923363753,1.0295859156843443,1.0059170702759876,0.023668845408356676,-0.1002789400510093,23.79556331465545,0.37500004768371653,1.1907832634902422,-5.474505373107994,6.665288636598236,12.399999618530273,12.199999809265137,12.299999713897705,12.275000095367432,18.375031721799285,20.768476623994164,14.1795729949243,25.32305133605974,-51.773038324675355,12.6875,13.025000095367432,0.0,32.0,-32.0,11.350628316498273,13.244735938530276,0.0,0.0,43.66284460140003,0.04988754473912112,0.060884266713524725,0.1867459907195035,-6.48415323591801,36.101087031084695,22.500038146972656,24.015183291160202,-77.49996185302734,-0.6454412460327141,-7.058820537492341,-1.3078621151270244,-0.8200001406661448,-0.48786197446087964,0.4118930524281036,9.33559380672842,-8.923700754300317,12.331275526545083,0.4237304231073047,0.4228352137087388,149.47369224146794
2023-04-27 00:00:00+05:30,11.899999618530273,13.5,11.800000190734863,12.699999809265137,56875390,0.0,0.0,-761182125.280077,912416071,-0.036022070242478305,6191341.800144304,2.3911926962810113,-0.0019714114094904834,137993838.68401793,12.52626630431072,74.13593327750178,398.72643447443875,12.19500012397766,13.384915847439757,11.005084400515564,19.514812814515658,0.7121997698367092,0.0,0.0,12.350000031789143,12.944999821980796,11.755000241597495,9.63562410785602,0.7941175637753217,0.0,0.0,10.899999618530273,13.5,12.199999809265137,21.32021611346799,0.69230766409248,0.716158391540169,6.32025808613194,-0.10708738979131915,-0.10270750887372795,-0.0043798809175912,12.383333444595337,12.28653856424185,12.251877339935499,12.358964729726818,0.9633508423291625,0.8586385923566243,0.10471224997253814,-0.10206860861605102,23.918825067765553,0.10500006675720286,0.2832838730157593,-2.1825757851541994,2.4658596581699586,12.449999809265137,12.199999809265137,12.324999809265137,12.275000095367432,10.228386065763814,20.192444134547028,27.17536945904369,21.048942383320714,61.12074041179368,12.674999952316284,13.025000095367432,100.0,28.000000000000004,72.0,11.399999618530273,13.244735938530276,1.0,0.0,53.76889846578408,0.79042374451752,0.280103763085547,0.17133807203714346,-4.3699010472306306,41.89818043681608,61.904759742235505,34.80160883314587,-38.095240257764495,-0.4542646912967445,1.195216065741671,-0.866475405773621,-0.8292951936876402,-0.03718021208598088,36.77075942643581,14.822626930669898,21.94813249576591,12.340666848765782,7.17299072095039,6.927407867337454,167.36841703716075
2023-04-28 00:00:00+05:30,12.800000190734863,12.949999809265137,12.5,12.600000381469727,10946678,0.0,0.0,-767263592.4364817,901469393,-0.0438641385898132,5150484.180657889,0.3083117989241408,-0.1415864396942441,137907644.86097062,12.531838347281827,74.85634854831383,395.5868741678898,12.245000123977661,13.414572495376346,11.075427752578976,19.10285601563165,0.6517649810193117,0.0,0.0,12.315000057220459,12.889999866485596,11.740000247955322,9.338202299528309,0.747826451119614,0.0,0.0,10.899999618530273,13.5,12.199999809265137,21.233159290692953,0.6538463513526401,0.6895425333126658,6.405061828914798,-0.07138449150775017,-0.0964429054005324,0.025058413892782225,12.408333460489908,12.27307704778818,12.305434730940764,12.376819222448514,1.0106383388859501,0.9414892375819932,0.0691491013039569,-0.09676222024603269,23.964901778435323,0.9049994945526123,-1.803638712320025,-0.6101602692403044,-1.1934784430797207,12.449999809265137,12.199999809265137,12.324999809265137,12.275000095367432,29.291965895485465,19.65755682291754,25.927858576356854,20.082670895022616,57.66453770549869,12.575000047683716,13.025000095367432,96.0,24.0,72.0,11.441999626159667,13.244735938530276,0.0,0.0,52.574026158523615,0.7028676905410509,0.5143929932658974,0.2851270076883229,-2.9808921229517273,38.58314539961786,57.142883093173964,47.18256032746069,-42.857116906826036,-0.2813235254848703,2.4390259031121184,-0.5767595876190565,-0.7787880724739236,0.20202848485486702,31.16350588478455,18.090802721492828,13.07270316329172,12.34583388120074,-0.7873970810807207,-0.7905134213245013,165.26316592567846
2023-05-02 00:00:00+05:30,12.649999618530273,14.100000381469727,12.550000190734863,13.600000381469727,35555062,0.0,0.0,-754647277.2911793,937024455,0.030519694853845765,9493995.29770676,2.6156632935109685,-0.06234966187105696,140729475.09299895,12.691894990922655,78.99183996564383,395.5868741678898,12.375000143051148,13.540117986843153,11.209882299259142,18.830187156745147,1.0256979991104074,1.0,0.0,12.376666736602782,13.056666564941406,11.69666690826416,10.988416232095673,1.3995102600656497,1.0,0.0,10.899999618530273,14.100000381469727,12.5,25.858591724835883,0.8437500372528941,0.7755882990548855,6.351640687064921,0.03717344294812541,-0.06971963573080084,0.10689307867892625,12.445833524068197,12.31923092328585,12.504598677175988,12.467425234227862,1.0048781608840347,0.853658429928145,0.1512197309558897,-0.07103451964197802,24.24516361639098,0.5749996662139889,2.872881813531891,0.5756430902934682,2.297238723238423,12.75,12.5,12.625,12.275000095367432,52.084538418645245,20.504192187398306,32.95082537155187,17.160515421621277,149.61579271053046,12.525000095367432,13.025000095367432,100.0,20.0,80.0,11.483159633636474,13.244735938530276,0.0,0.0,61.7322363679437,1.0,0.8310971450195236,0.5418646337903225,1.390005037591562,45.90493504319006,81.48148671426088,66.84304318322343,-18.51851328573911,-0.014117591521319639,3.422059133030971,0.29816455482780885,-0.5633975470135771,0.8615621018413859,38.09462213746152,22.09156660468657,16.00305553277495,12.395164968663178,7.93650769622718,7.637297655844355,186.3157975046258
2023-05-03 00:00:00+05:30,13.449999809265137,13.550000190734863,13.050000190734863,13.100000381469727,10901024,0.0,0.0,-763368088.174358,926123431,0.030507551845799362,7359065.683748653,-0.1146685640148652,0.17741873062858457,140328702.16306385,12.729294307029221,76.39487251415974,381.0432394961259,12.475000143051147,13.522616380352469,11.427383905749826,16.795450505623712,0.7982963685388226,0.0,0.0,12.43166675567627,13.111666584014893,11.751666927337647,10.939801423298878,0.9914219077277789,0.0,0.0,11.199999809265137,14.100000381469727,12.650000095367432,23.2464973062141,0.6551724818316857,0.7530294882228833,6.324574763432884,0.08191628683294994,-0.039392451218050684,0.12130873805100062,12.458333571751913,12.342307861034687,12.596198939375025,12.514282652542075,1.0738917292936374,0.8719210526686677,0.2019706766249697,-0.040385993231808665,24.442804519816754,0.3250000476837158,5.05060377561148,1.0622311474398296,3.98837262817165,12.75,12.5,12.625,12.275000095367432,70.11121598437462,21.290353597273306,31.21517065429169,16.256600900321676,115.44068819820302,12.5,12.925000190734863,96.0,16.0,80.0,11.587833263549804,13.244735938530276,0.0,0.0,55.917903173027966,0.6899056058919031,0.7975910988109846,0.7143604123654684,3.1669086120528607,44.88544283961534,62.96297342852178,67.19578107865219,-37.03702657147822,0.27808834244223135,1.158305593929594,0.6545823608699614,-0.31980156543686944,0.9743839263068308,31.438457391805645,23.960944762110387,7.4775126296952585,12.41113766135919,-3.6764704851130703,-3.745756146431889,175.78948171515214
2023-05-04 00:00:00+05:30,13.199999809265137,14.800000190734863,13.149999618530273,14.25,48014337,0.0,0.0,-747363309.174358,974137768,0.06955080676868078,14195837.61949656,2.319619479842339,0.16020592221824054,144543699.69177303,12.99685661623447,80.21757612492902,381.0432394961259,12.607500123977662,13.83398892651743,11.381011321437894,19.456494792447575,1.1695943218646228,1.0,0.0,12.556666723887124,13.361666647593182,11.751666800181072,12.821872896804162,1.551759898508507,1.0,0.0,11.399999618530273,14.800000190734863,13.099999904632568,26.96807883220461,0.8382352652434295,0.8477265203271086,6.324574763432884,0.20777556386953933,0.010041151799467317,0.197734412070072,12.579166889190674,12.396154000208927,12.850629871778867,12.642854307909328,1.0654206390474237,0.8130840030296543,0.25233663601776934,0.010385244150154073,24.801754194172908,-0.05749993324279856,14.634341597276123,2.6584004992480894,11.975941098028034,13.25,12.849999904632568,13.049999952316284,12.450000286102295,85.0556079921873,23.065193796840255,37.52754654712537,13.831465699432439,219.27196961085562,12.5,12.875,100.0,12.0,88.0,11.688319948266601,13.244735938530276,0.0,0.0,64.25656820341831,1.0,0.8966352019639677,0.8417744819314917,7.868820621157462,49.83472814774682,83.82352652434295,76.08932888904187,-16.176473475657048,0.6817648158353915,11.328123341081689,1.6434229075910145,0.07284332916870734,1.570579578422307,40.630915006059354,27.29493881090018,13.335976195159173,12.520508614293604,8.778622786583856,8.414464738772764,200.0
2023-05-05 00:00:00+05:30,14.149999618530273,14.649999618530273,13.649999618530273,14.0,18746958,0.0,0.0,-752987382.2715641,955390810,0.027740357411767655,11498326.602425624,0.9334832557778445,0.06449506089325038,144214805.69177303,13.08207959164634,81.31471624126635,374.35827038215876,12.69500012397766,14.049953885539678,11.340046362415643,21.346258343122823,0.9815662028635982,0.0,0.0,12.775000063578288,13.579999987284342,11.970000139872234,12.602738468880654,1.2608695978392543,1.0,0.0,11.399999618530273,14.800000190734863,13.099999904632568,26.782201961407186,0.7647058658533883,0.8629538682943977,6.328891476791201,0.28407242691678825,0.0648474068229315,0.21922502009385675,12.700000206629435,12.451923223642202,13.02745604535135,12.743383618434562,1.063348489707739,0.8325791394387596,0.23076935026897938,0.06848642687918777,25.145186302284568,0.15500025749206614,23.787606372222946,5.23563359596535,18.551972776257596,13.25,12.849999904632568,13.049999952316284,12.450000286102295,92.52780399609365,24.713259696438136,34.28731872483189,12.637220295563054,195.06513337863026,12.5,12.875,96.0,8.0,88.0,11.875020762814696,13.244735938530276,0.0,0.0,61.53161172232445,0.8719146456067484,0.8539400838328838,0.8493887948692785,10.5763501754697,48.748694485331264,76.47058658533884,74.41902884606783,-23.52941341466117,0.9398529641768505,11.553783165163699,2.2291758250599116,0.5041098283469482,1.7250659967129636,35.6333570388293,28.96262245648601,6.670734582343293,12.722294659091117,-1.7543859649122862,-1.7699577099401065,194.73684210526315
2023-05-08 00:00:00+05:30,14.149999618530273,14.350000381469727,13.649999618530273,13.850000381469727,10034045,0.0,0.0,-757287671.6483796,945356765,0.003293122233842315,9640693.813176878,-1.0464358831539857,0.1867708157381823,144107298.34017906,13.123423294377053,79.35632675612572,370.3472991142318,12.765000152587891,14.204131754655199,11.325868550520584,22.54808593598877,0.8769635199877607,0.0,0.0,12.975000063578289,13.81000010172526,12.140000025431315,12.870906112607654,1.0239522622257808,1.0,0.0,11.399999618530273,14.800000190734863,13.099999904632568,26.63533514737402,0.7205883384163231,0.8466585577589033,6.3333775653689255,0.32864609731985794,0.11760714492231679,0.21103895239754117,12.783333539962769,12.511538615593544,13.1540013278311,12.825355230511242,1.0800000508626302,0.8311110602484809,0.24888899061414926,0.12642014743309576,25.3007166583107,-0.8150003433227546,33.09930089658345,8.863710289360155,24.235590607223294,13.25,12.849999904632568,13.049999952316284,12.450000286102295,96.26390199804683,26.2436066032076,32.19197084522288,11.864941396680159,146.5454250883673,12.5,12.800000190734863,92.0,4.0,88.0,12.050519528489906,13.244735938530276,0.0,0.0,59.89051226939551,0.794775503575902,0.8888967163942167,0.8798240007303559,12.158510115481015,47.05049653421822,72.0588338416323,77.45098231710469,-27.94116615836769,1.1419118011699005,7.782100936292926,2.562471693088204,0.9157822012951994,1.6466894917930048,28.08515001009943,28.787127967208697,-0.7019779571092677,12.867026417106532,-1.0714258466448134,-1.07720694389708,191.57895539936268
2023-05-09 00:00:00+05:30,13.949999809265137,14.199999809265137,13.449999809265137,13.649999618530273,7918999,0.0,0.0,-760983208.5428574,937437766,-0.020683015678666893,8037193.862477787,-1.6574082538859707,0.10258558427125299,143992944.1309304,13.153306465275888,78.29682450175909,364.9993034221514,12.810000133514404,14.299832199541777,11.32016806748703,23.260453559708754,0.781910795240071,0.0,0.0,13.15666669209798,14.0366668065389,12.276666577657064,13.377250257003995,0.7803027626568639,0.0,0.0,11.399999618530273,14.800000190734863,13.099999904632568,26.54176843690481,0.6617645945103711,0.8369927019830129,6.315928941412196,0.34386875717530074,0.16285946737291357,0.18100928980238717,12.925000190734863,12.590384740095873,13.230308757169434,12.886439999994133,1.0652174742325493,0.8434782442839249,0.22173922994862438,0.17824382121369378,25.37469603330144,-0.959999752044677,41.23781621173104,13.372553232349208,27.86526297938183,13.275000095367432,12.849999904632568,13.0625,12.450000286102295,98.13195099902342,27.237366781358396,30.071532693132262,12.839907769649834,106.80074342024508,12.4375,12.800000190734863,88.0,0.0,88.0,12.215488368224603,13.244735938530276,0.0,0.0,57.6814940795603,0.6909415966238902,0.7858772486021802,0.8429046829430934,12.738797631410753,45.24182466983744,66.1764594510371,71.56862662600274,-33.823540548962896,1.2161764116848222,14.225940053547816,2.6684542602569623,1.266316613087552,1.4021376471694103,20.712637978200473,27.172229969407056,-6.459591991206583,12.945497804394039,-1.444048790114394,-1.4545766491819379,187.36841302168997
2023-05-10 00:00:00+05:30,13.75,13.800000190734863,13.300000190734863,13.550000190734863,6227469,0.0,0.0,-760983208.5428574,931210297,-0.0070855074194721085,6800059.976893296,-2.207956543262387,-0.0706387382942553,143947321.9071929,13.176101551782475,75.40615178886222,362.3253310772446,12.860000133514404,14.37842023607218,11.341580030956628,23.61462032337973,0.727209866379586,0.0,0.0,13.328333377838135,14.228333473205566,12.428333282470703,13.505065785102868,0.6231482163378168,0.0,0.0,11.399999618530273,14.800000190734863,13.099999904632568,26.43857338184515,0.6323530030497938,0.8032934317847115,6.422056237884565,0.3438994479253683,0.19906746348340454,0.14483198444196377,13.066666841506958,12.688461670508751,13.279492054641038,12.93559260671567,1.0476191459157185,0.8831168520193908,0.16450229389632764,0.22171422619801734,25.292421778827737,-1.0099997520446777,49.83863301039095,18.77786987089373,31.06076313949722,13.300000190734863,12.849999904632568,13.075000047683716,12.450000286102295,99.06597549951171,27.839755597774907,28.71365711269469,13.614765733749723,72.86422985554205,12.237499952316284,12.775000095367432,84.0,0.0,84.0,12.37055907757522,13.244735938530276,0.0,0.0,56.55821542051216,0.638142388223761,0.707953162807851,0.7942423759347491,12.86942570676872,46.286016875298614,63.23530030497938,67.15686453254959,-36.76469969502062,1.2544117029975457,14.345989489785063,2.658551937905255,1.5447636780510927,1.1137882598541622,13.543713832110807,24.446526741947807,-10.902812909837,13.002382758522177,-0.7325965610992302,-0.735293228238465,185.26316191020763
2023-05-11 00:00:00+05:30,13.649999618530273,14.100000381469727,13.449999809265137,13.550000190734863,8679529,0.0,0.0,-766992105.3985387,939889826,-0.017958872483225446,5828622.837337112,1.6850000357985735,0.35225501231305273,143947321.9071929,13.311169176767587,82.65525138431474,362.3253310772446,12.922500133514404,14.446466877397548,11.398533389631261,23.586252321727546,0.705877214755211,0.0,0.0,13.513333384195963,14.458333555857342,12.568333212534586,13.986188970466296,0.5194004232160276,0.0,0.0,11.399999618530273,14.800000190734863,13.099999904632568,26.310702550404425,0.6323530030497938,0.7879641458266993,6.084262483295801,0.3400044113571852,0.22725485305816068,0.1127495582990245,13.208333492279053,12.782692432403564,13.321108690963165,12.98110427960598,1.1813954198083212,0.8325581217921058,0.34883729801621544,0.25718847341233786,25.238509278679697,-1.122499942779541,61.59440525533331,25.590216691151237,36.00418856418207,13.650000095367432,13.0,13.325000047683716,12.450000286102295,99.53298774975585,28.695421860223966,29.75061683969918,12.805257714005425,79.74651163734967,12.200000047683716,12.725000381469727,80.0,0.0,80.0,12.516325544364799,13.244735938530276,0.0,0.0,56.55821542051216,0.638142388223761,0.6557421243571374,0.716524178589056,12.974790572033152,41.059886415255235,59.6774243167232,63.02972802424656,-40.3225756832768,1.1938235114602485,14.345989489785063,2.619225637770668,1.759656069995008,0.8595695677756601,8.70513560235843,21.298248514029932,-12.593112911671502,13.052518263429171,0.0,0.0,185.26316191020763
2023-05-12 00:00:00+05:30,13.600000381469727,13.699999809265137,13.350000381469727,13.399999618530273,4538536,0.0,0.0,-770233934.4936093,935351290,-0.06134156132180039,4898707.718150221,-1.9279313185761344,0.15832411616925593,143897079.62030077,13.344460044933431,80.64352161691872,358.3143343081843,12.935000133514404,14.470284988179287,11.39971527884952,23.738459046273714,0.6514375275711842,0.0,0.0,13.595000044504804,14.405000178019204,12.784999910990397,11.916147566940412,0.3796293865233915,0.0,0.0,11.399999618530273,14.800000190734863,13.099999904632568,26.285276668805253,0.5882351951203298,0.7441676740235703,5.707790266856881,0.32111219277197733,0.24602632100092403,0.0750858717710533,13.34166677792867,12.851923172290508,13.33324575674272,13.012133563970743,1.1355140924099734,0.8504673405311681,0.28504675187880524,0.28286076954973566,25.03647950973448,-1.084999752044677,69.90043871291988,33.55733640506678,36.3431023078531,13.675000190734863,13.099999904632568,13.387500047683716,12.450000286102295,99.76649387487792,29.264015261443713,28.75904602109316,13.330731159994963,51.79551294569209,12.137500047683716,12.725000381469727,76.0,0.0,76.0,12.653346023147003,13.244735938530276,0.0,0.0,54.70493028146439,0.5510295534046924,0.6091047766174048,0.6576000212607976,12.550480705803748,42.013746412796685,54.83869677651968,59.250473799407416,-45.16130322348032,1.0423530157874623,13.559316965534455,2.467790475661147,1.9012829511282359,0.566507524532911,2.174250568977323,17.47344892501941,-15.299198356042089,13.063977817096186,-1.1070152774400377,-1.1131882913108182,182.10525512695312
2023-05-15 00:00:00+05:30,13.449999809265137,13.5,13.149999618530273,13.199999809265137,4639986,0.0,0.0,-773548206.595625,930711304,-0.06389429090244833,4066321.4277012036,-1.508629043920772,0.050564898746343685,143827826.16198653,13.36745945700164,79.03990765466817,358.3143343081843,12.947500133514405,14.487134685133212,11.407865581895598,23.782730808914792,0.5819998731144505,0.0,0.0,13.655000019073487,14.455000209808352,12.854999828338624,11.717322440386864,0.21562493667007934,0.0,0.0,11.399999618530273,14.800000190734863,13.099999904632568,26.259899881396727,0.5294117317067766,0.7047509447681859,5.4291954877216835,0.2866967980670072,0.25416041641414067,0.03253638165286654,13.454166730244955,12.888461626493013,13.312746380207706,13.026049582140699,1.1116278793310228,0.8651163087786023,0.24651157055242046,0.29716306035811824,24.845965686056243,-0.24750032424926793,78.04036475257936,41.909278953849835,36.13108579872953,13.925000190734863,13.099999904632568,13.512500047683716,12.849999904632568,99.88324693743897,29.338433454012176,27.76255572789099,14.848810493702471,29.684886860140487,12.337499856948853,12.700000286102295,72.0,36.0,36.0,12.782145273202275,13.244735938530276,0.0,0.0,52.24667732059605,0.4354804780834281,0.5415508065706273,0.6021325691817231,11.50992957533077,34.89102440872136,48.38709081993216,54.30107063772501,-51.61290918006784,0.883823574290556,11.392399867821549,2.2009496913022764,1.961216299163044,0.2397333921392324,-3.419099710702996,13.29493919787493,-16.714038908577926,13.067554724618512,-1.4925359325276832,-1.5037863346261116,177.89473282663442
2023-05-16 00:00:00+05:30,13.25,13.449999809265137,13.100000381469727,13.149999618530273,5533638,0.0,0.0,-777500826.7070416,925177666,-0.07777689109291588,3445892.2301070765,-0.31624532096481545,0.10528540231113911,143806865.33172473,13.391623736826771,78.4318611564411,358.3143343081843,12.965000104904174,14.505486884531386,11.424513325276962,23.763775814309536,0.5600457972352311,0.0,0.0,13.636666647593183,14.316666762034098,12.956666533152262,9.973113401007499,0.14215665650068737,0.0,0.0,11.399999618530273,14.800000190734863,13.099999904632568,26.224454644767004,0.5147057957302886,0.6692757930709083,5.119011805284227,0.2524773505550133,0.25382380324231524,-0.0013464526873019356,13.491666714350382,12.915384696080135,13.287708416872716,13.035231066317703,1.1203704742083642,0.8564815546586504,0.26388891954971383,0.3018858215719328,24.663648792974346,-0.36499972343444753,79.97133623191893,50.23380478232844,29.737531449590485,13.950000286102295,13.099999904632568,13.525000095367432,12.849999904632568,99.94162346871948,29.292538306577626,26.763865200342075,14.828547473705312,22.52027648400833,12.337499856948853,12.650000095367432,68.0,32.0,36.0,12.90321656825423,13.244735938530276,0.0,0.0,51.622133643680186,0.38649101037269956,0.4576670139536067,0.5361075323805461,10.472466608972114,32.640041883230076,45.90162396655324,49.709137187668354,-54.09837603344676,0.7583824522355034,3.5433056379799677,1.936884350346504,1.956349909399736,-0.019465559053231996,-7.5721267752927925,9.121526003241385,-16.69365277853418,13.069746547611965,-0.37878932922231767,-0.37950855280457496,176.84209723221628
2023-05-17 00:00:00+05:30,13.199999809265137,13.300000190734863,12.899999618530273,13.050000190734863,5696545,0.0,0.0,-778924952.7708399,919481121,-0.06790723418927028,2872243.162890237,-1.2288181069377608,0.017512680387013337,143763545.84450528,13.414619554873328,76.1952715457847,358.3143343081843,12.990000104904174,14.518921141247239,11.46107906856111,23.539969576533622,0.5196217085135408,0.0,0.0,13.621666622161865,14.291666793823245,12.951666450500488,9.837271609207011,0.07338336943298109,0.0,0.0,11.399999618530273,14.800000190734863,13.099999904632568,26.173984178190825,0.48529420426971137,0.6423482709842765,4.9283619215167915,0.21481284501002662,0.24602161159585753,-0.03120876658583091,13.52916669845581,12.926923164954552,13.251137920543815,13.036325075533789,1.0954545545183916,0.8681818469496773,0.22727270756871432,0.2978791747912411,24.47937522097127,0.6100002765655521,84.56959297600079,58.004388268853404,26.565204707147387,13.774999618530273,13.099999904632568,13.437499761581421,12.849999904632568,79.34735428076351,28.785382185622986,25.629158058243217,16.319716008155496,5.770534177695733,12.337499856948853,12.300000190734863,64.0,28.000000000000004,36.0,12.90321656825423,14.800000190734863,0.0,1.0,50.32641510588576,0.0,0.2739904961520426,0.4244027722254254,9.247153726527833,32.67306401558698,41.666666666666664,45.31846048438401,-58.333333333333336,0.6588235770954807,3.5714269495335245,1.647802151030902,1.8946403577259692,-0.24683820669506717,-10.932735410694413,5.110673720454226,-16.04340913114864,13.069628472231576,-0.7604519444585844,-0.7633581230267694,174.73684612073396
2023-05-18 00:00:00+05:30,13.149999618530273,13.649999618530273,13.100000381469727,13.399999618530273,11938735,0.0,0.0,-777839628.280831,931419856,-0.07152151621105755,3058858.4851346365,1.2668833225937675,-0.06279513201921837,144083741.27420095,13.637285498074235,71.02746964262174,358.3143343081843,13.017500066757203,14.55511981152086,11.479880321993544,23.62388687349084,0.6243804110462511,0.0,0.0,13.553333282470703,14.113333320617675,12.99333324432373,8.263650372580333,0.3630949522362468,0.0,0.0,11.399999618530273,14.800000190734863,13.099999904632568,26.11869064542718,0.5882351951203298,0.6381133866653899,5.09840513291166,0.2107757896634741,0.23897244720938088,-0.028196657545906778,13.512499968210856,12.95961545063899,13.27403972023404,13.063263930570566,1.1161616672460961,0.9696970485130243,0.14646461873307182,0.2930433376525124,24.347482368790946,0.08250031471252406,83.62470724601876,64.65295503260849,18.97175221341027,13.625,13.099999904632568,13.362499952316284,12.849999904632568,69.16587536610223,28.79772409053725,27.725408575738808,15.273664413638466,33.494843669895346,12.337499856948853,12.275000095367432,60.0,24.0,36.0,12.90321656825423,14.762000179290771,0.0,0.0,54.619762120905584,0.308205300039402,0.23156543680403385,0.3210743156365609,9.280821516380062,35.74923380760187,39.130414951953476,42.23290186172445,-60.869585048046524,0.5538235608269186,-1.4705938038939925,1.6135002001315915,1.8384123262070937,-0.22491212607550226,-8.761533476248138,2.3362322811137535,-11.097765757361891,13.121103671122082,2.681987913256134,2.646653010457456,182.10525512695312
2023-05-19 00:00:00+05:30,13.5,13.600000381469727,13.050000190734863,13.100000381469727,7424343,0.0,0.0,-783914086.0541184,923995513,-0.10535446408773659,2303693.3821617155,-0.37040115442439,-0.11127462868697056,143917525.05785152,13.67800274742507,66.6964268303133,350.29239177233046,13.075000095367432,14.532566343180116,11.617433847554748,22.295468255164455,0.5085760376723223,0.0,0.0,13.468333339691162,13.983333396911622,12.953333282470703,7.647569216344752,0.14239522592542006,0.0,0.0,11.699999809265137,14.800000190734863,13.25,23.70937176947386,0.4516130322348032,0.6293020670723373,5.421825198377155,0.18127928819153283,0.22743381540581128,-0.04615452721427846,13.512499968210856,12.990384688744179,13.247264437347223,13.06598514915569,1.0400000534057565,0.9199999885559093,0.12000006484984727,0.28266736041442514,24.149452084557176,1.1749999046325676,81.77037108208755,70.06085171988673,11.709519362200822,13.549999713897705,13.099999904632568,13.324999809265137,12.849999904632568,34.582937683051114,28.68758365915795,26.07546440913831,14.905729382723857,14.662510055768456,12.337499856948853,12.275000095367432,56.00000000000001,20.0,36.00000000000001,12.90321656825423,14.72476016807556,0.0,0.0,50.584037893642844,0.018493894930897672,0.10889973165676654,0.2048185548709475,8.198369075378768,31.417909825936125,24.44445292154948,35.080511513389865,-75.55554707845052,0.47411770540125353,0.0,1.3874138545400605,1.7482126318736873,-0.36079877733362675,-10.437816705258863,-0.21857751616076948,-10.219239189098094,13.117672462024084,-2.2388003403051693,-2.264241916204357,175.78948171515214
2023-05-22 00:00:00+05:30,13.050000190734863,13.199999809265137,12.850000381469727,12.949999809265137,5497542,0.0,0.0,-786270188.3223792,918497971,-0.09984268486393216,1856789.4067502182,-1.9099425724390293,-0.4345321905405419,143854575.86535493,13.713720062092731,57.029382671994355,346.2813950032702,13.130000066757201,14.477367698046626,11.782632435467777,20.523497706610332,0.43320299029307785,0.0,0.0,13.373333326975503,13.853333250681558,12.893333403269452,7.1784634686079345,0.059027515627676275,0.0,0.0,11.699999809265137,14.800000190734863,13.25,23.610056098311606,0.403225756832768,0.6013718031446446,5.944819299461692,0.1441377751451558,0.2107746073536802,-0.0666368322085244,13.40416661898295,12.982692388387827,13.201531417642286,13.05739364249713,1.0170455191992518,1.0852273792521003,-0.06818186005284854,0.26621244926939036,23.968769227361893,0.8699999332427986,78.75935716561729,74.2299118258741,4.529445339743191,13.475000381469727,13.099999904632568,13.287500143051147,12.849999904632568,17.291468841525557,28.096222071345437,25.053696444915346,16.560794203116778,-22.534911480333506,12.41249966621399,12.275000095367432,52.0,16.0,36.0,12.90321656825423,14.688264957084655,0.0,0.0,48.64851327770183,0.0,0.10889973165676654,0.14978830003918883,6.743853961330262,31.410543721550425,5.128176285981035,22.901014719827987,-94.87182371401896,0.36338245728436647,-9.12280835603413,1.1038786077187646,1.6193458270427028,-0.5154672193239382,-13.338922196738404,-2.8426464522762966,-10.496275744462107,13.09041034369144,-1.14504250256946,-1.1516485909945917,172.63157493189763
2023-05-23 00:00:00+05:30,13.0,13.149999618530273,12.899999618530273,12.949999809265137,4931331,0.0,0.0,-789228979.3977653,923429302,-0.09559502677678275,1591533.7772144729,-2.4173856825019702e-06,-0.42634175149560016,143854575.86535493,13.725181083386623,59.25221292412361,346.2813950032702,13.185000038146972,14.402415220452172,11.967584855841773,18.46666937858114,0.4034839419215809,0.0,0.0,13.29666665395101,13.726666577657065,12.866666730244955,6.467785271254939,0.09689894628579973,0.0,0.0,11.699999809265137,14.800000190734863,13.25,23.51156899886822,0.403225756832768,0.5662346228301801,6.34981140394033,0.11339570338351912,0.191298826559648,-0.07790312317612888,13.316666603088379,12.982692388387827,13.162834247122724,13.049438543739205,0.9705882352941176,1.035294252283433,-0.06470601698931533,0.2459222507337402,23.804847420879202,0.6650003433227543,72.22322053740133,76.71708821776413,-4.493867680362797,13.475000381469727,13.099999904632568,13.287500143051147,12.849999904632568,8.645734420762778,27.5471005969481,24.32061514203438,16.07621865883105,-33.8056642784916,12.399999618530273,12.275000095367432,48.0,12.0,36.0,12.90321656825423,14.614734374060058,0.0,0.0,48.64851327770183,0.0,0.006164631643632557,0.07465469831905507,5.533138279496841,32.35837864891487,5.128176285981035,11.56693516450384,-94.87182371401896,0.26632354119244717,-7.500001362391881,0.868969979079472,1.469270657450057,-0.6003006783705849,-16.212437760361123,-5.516604713893262,-10.695833046467861,13.071643461981521,0.0,0.0,172.63157493189763
2023-05-24 00:00:00+05:30,12.899999618530273,13.100000381469727,12.649999618530273,12.75,4885735,0.0,0.0,-791943272.0181187,918543567,-0.10019558914726645,1224579.5135952623,-1.3815719186417188,-0.6907125656730327,143779120.56940806,13.53066544941744,37.61495326395971,340.93342481232315,13.232500028610229,14.294232019699512,12.170768037520945,16.047337824200923,0.272776918911896,0.0,0.0,13.224999968210856,13.649999968210855,12.799999968210857,6.427221187471882,-0.05882349201277303,0.0,1.0,11.75,14.800000190734863,13.275000095367432,23.049311801552257,0.32786883195540434,0.5546112368411074,6.783387564345557,0.07206337515728656,0.16745173627917573,-0.09538836112188917,13.224999904632568,12.980769304128794,13.099321286026921,13.027257910869634,0.9241379147052219,1.2275861243430666,-0.3034482096378447,0.2204487083634531,23.714392102360698,0.41749958992004466,67.73954144048218,77.39988112722511,-9.66033968674293,13.174999713897705,13.099999904632568,13.137499809265137,12.849999904632568,4.322867210381389,26.414863906729884,23.015187586657564,18.195297102937857,-75.14124887377537,12.374999761581421,12.275000095367432,44.0,8.0,36.0,12.90321656825423,14.544145014356445,0.0,0.0,45.93084956331787,0.0,0.0,0.03835478776679955,3.746840027588178,30.03514420620298,5.000019073486328,5.085457215149456,-94.99998092651367,0.18088238379534616,-7.942240802689403,0.5531737810852627,1.2860512821770982,-0.7328775010918355,-18.601125681288856,-8.13350890737238,-10.467616773916475,13.02380342613782,-1.5444000942922531,-1.556450181255098,168.42105263157893
2023-05-25 00:00:00+05:30,12.75,12.899999618530273,12.600000381469727,12.75,4303135,0.0,0.0,-791943272.0181187,922846702,-0.10031707322488809,1049639.5830816536,-0.8714554535836863,-0.8196367591988566,143779120.56940806,13.378549886569484,22.581220170510647,340.93342481232315,13.277500009536743,14.162641257260468,12.392358761813018,13.332950436271293,0.20202495313980165,0.0,0.0,13.1299999554952,13.519999821980795,12.740000089009602,5.940592045811438,0.01282040309463495,0.0,0.0,11.800000190734863,14.800000190734863,13.300000190734863,22.594614933874674,0.3166666030883789,0.5291500368630513,7.09226024181932,0.03885926187283317,0.14173324139790722,-0.10287397952507404,13.149999936421713,12.988461604485146,13.045579549715088,13.006720287842255,0.8320611609521192,1.2595419480551815,-0.42748078710306225,0.19221882884717847,23.652908937442234,0.2725001811981205,60.048125214215545,76.30517962736907,-16.257054413153526,13.125,13.099999904632568,13.112499952316284,12.849999904632568,2.1614336051906946,25.2410684577517,22.161178189319077,18.138567356922906,-108.21896346234443,12.374999761581421,12.275000095367432,40.0,4.0,36.0,12.90321656825423,14.430496290606875,0.0,0.0,45.93084956331787,0.0,0.0,0.0020548772145440376,2.244666813502521,32.34906679788043,8.571406773158483,6.2332007108752725,-91.42859322684151,0.03235296642079,-6.593403983019147,0.2987629549407318,1.0885936167298251,-0.7898306617890933,-21.101276843420607,-10.727062494582025,-10.374214348838581,12.983078936854358,0.0,0.0,168.42105263157893
2023-05-26 00:00:00+05:30,12.75,12.850000381469727,12.600000381469727,12.649999618530273,3563179,0.0,0.0,-794081201.1660374,919283523,-0.14955702141597885,848788.3198921432,-0.1754024884118468,-0.7574200881458466,143751173.96083984,13.283517535969132,24.458410234457816,338.25942696628294,13.275,14.166908111921337,12.383091888078663,13.437410349097355,0.14962737017641922,0.0,0.0,13.051666641235352,13.431666564941406,12.671666717529297,5.823009951931889,-0.02850934651211071,0.0,1.0,12.5,14.800000190734863,13.650000095367432,17.325801813445295,0.0652172200395982,0.5012350331767461,7.319217506016542,0.004424564203691972,0.11427150595906417,-0.1098469417553722,13.074999888737997,12.980769267449013,12.984721098763577,12.980296534559885,0.8196722080360983,1.2377049090624552,-0.4180327010263569,0.16149889713807886,23.455146724688696,0.2750001907348629,50.717335584618425,73.26928749759564,-22.551951912977216,13.125,13.099999904632568,13.112499952316284,12.849999904632568,1.0807168025953473,24.15111554084339,21.446979881606705,17.554007546971782,-118.50441653431072,12.512499809265137,12.275000095367432,36.0,0.0,36.0,12.90321656825423,14.284056617875903,0.0,0.0,44.48964211669337,0.0,0.0,0.0,0.5712030897050002,31.100337249213453,3.124953433854616,5.565459760166466,-96.87504656614539,-0.0986764402950513,-6.642070550080041,0.0340867729170256,0.8776922479672653,-0.8436054750502398,-23.914530465750193,-13.364556088815657,-10.549974376934536,12.935996140123107,-0.7843167174096166,-0.7874086586615814,166.3157814427426
2023-05-29 00:00:00+05:30,12.699999809265137,13.0,12.649999618530273,12.800000190734863,4284124,0.0,0.0,-794693208.8746384,923567647,-0.1285878284314397,819335.8529640394,0.8169660326159545,-0.5806790676814234,143801974.045486,13.212591905064258,30.736911884781605,338.25942696628294,13.284999990463257,14.150505708313348,12.419494272613166,13.029818870476499,0.21981710246055375,0.0,0.0,13.004999987284345,13.384999910990397,12.625000063578288,5.843905022339099,0.23026337143681314,0.0,0.0,12.550000190734863,14.800000190734863,13.675000190734863,16.93639444196598,0.1111111111111111,0.48611156800604416,7.381935049630711,-0.010638752303714583,0.08928945430650843,-0.09992820661022302,13.012499888737997,13.013461589813232,12.956302497528391,12.966941249832105,0.8508771210679547,1.201754325791554,-0.3508772047235993,0.13241480927075946,23.344486495598506,0.11499962806701625,42.61326844946584,69.11839107732308,-26.50512262785724,13.125,13.25,13.1875,12.849999904632568,0.5403584012976737,23.4649261614103,22.43906886039977,16.74059645381763,-99.29079387845931,12.34999966621399,12.275000095367432,32.0,8.0,24.0,12.90321656825423,14.14933211896341,0.0,0.0,47.16756806585147,0.2218925039226252,0.07396416797420839,0.024654722658069315,-0.2418937906233185,28.734117560484936,13.333320617675781,8.343226941562952,-86.66667938232422,-0.14529414176940847,-5.535055272639999,-0.08204519553794024,0.6857447592662242,-0.7677899548041645,-25.391716569200533,-15.769988184892632,-9.6217283843079,12.928385783517092,1.1857753101024882,1.1788000808913512,169.4736882259971
2023-05-30 00:00:00+05:30,12.850000381469727,12.899999618530273,12.600000381469727,12.699999809265137,2371960,0.0,0.0,-795483867.2348231,921195687,-0.22670476452098343,668402.601850472,-0.9485777820548217,-0.490723441880883,143783443.03757223,13.171232197323892,32.35190190892118,335.6167651515711,13.239999961853027,14.128594430924855,12.351405492781199,13.42287721498548,0.19614927203410268,0.0,0.0,12.954999987284342,13.32999989191691,12.580000082651775,5.789269085305114,0.15999967617450433,0.0,0.0,12.600000381469727,14.800000190734863,13.700000286102295,16.6163128066749,0.04545428930233082,0.46750033491149445,7.455210894641379,-0.030296495071448604,0.06537226443091702,-0.09566875950236563,12.954166571299234,13.046153875497671,12.916871314718659,12.947167809790107,0.8636363399915418,1.1545455507010634,-0.2909092107095216,0.10391050246450084,23.303248846175954,-0.040000152587889914,33.54864043060996,63.44939635005743,-29.90075591944747,13.125,13.25,13.1875,12.849999904632568,0.2701792006488368,22.681543455571042,21.518650734311613,16.737555267968947,-103.21102334176602,12.34999966621399,12.275000095367432,28.000000000000004,4.0,24.000000000000004,12.90321656825423,14.025385579963915,0.0,0.0,45.58859694472171,0.09105921639309293,0.10431724010523936,0.05942713602648244,-1.3494820383775898,31.058016215803796,6.666628519694011,7.708300857074793,-93.33337148030598,-0.20029406547546458,-5.223879322333246,-0.23400094535377583,0.5017956183422243,-0.7357965636960001,-28.819430445863652,-18.379876637086838,-10.439553808776814,12.913952447068146,-0.7812529685906622,-0.784320738068045,167.36841703716075
2023-05-31 00:00:00+05:30,12.649999618530273,13.550000190734863,12.600000381469727,13.449999809265137,11731352,0.0,0.0,-786222283.467857,932927039,-0.12629315115065048,1829847.0873004044,2.6318382553715467,-0.4230921404828135,144476239.42592975,13.11895825462106,34.630571434198245,335.6167651515711,13.257499933242798,14.148159882466738,12.366839984018858,13.436318366340485,0.6080658651992099,0.0,0.0,12.966666666666669,13.396666495005288,12.536666838328042,6.632388097767963,1.0620155064548642,1.0,0.0,12.600000381469727,14.800000190734863,13.700000286102295,16.594379184183143,0.3863634097674465,0.5157502823468587,7.338703097897975,0.014476458544388393,0.0551931032536113,-0.040716644709222906,12.974999904632568,13.107692315028263,12.998891083110424,12.984414624566035,0.8448276060514929,1.0862069220662052,-0.2413793160147123,0.08814536558880554,23.551616351331145,-0.10750031471252441,31.693073147500183,57.67921478355535,-25.98614163605517,13.100000381469727,13.25,13.175000190734863,12.849999904632568,5.5121380743694655,23.20488079889686,27.274421007666465,14.68355872982762,-17.21508608218633,12.34999966621399,12.275000095367432,24.0,0.0,24.0,12.90321656825423,13.91135476408438,0.0,0.0,57.169200058790686,1.0,0.4376505734385727,0.20531066050600666,0.9512433087845211,46.069216043720836,77.27271545031225,32.42422152922734,-22.72728454968776,-0.1779410782982307,1.8939394213060816,0.11149103723936436,0.4237347021216523,-0.31224366488228794,-20.255275054708214,-18.754956320611115,-1.5003187340970996,12.931168521604821,5.90551189971551,5.737711342076501,183.1578907213713
2023-06-01 00:00:00+05:30,13.449999809265137,14.050000190734863,13.149999618530273,13.850000381469727,9293984,0.0,0.0,-781058952.4579102,942221023,-0.23689100661677343,2099525.9202661044,5.083933403419217,0.07775533965971164,144752640.83639663,13.160674264238695,43.83772898281817,345.5979473081392,13.237499952316284,14.052898767578217,12.422101137054351,12.319528886861375,0.8755833450387632,0.0,0.0,12.996666685740156,13.46166664759318,12.531666723887124,7.155680346303295,1.417563188961386,1.0,0.0,12.600000381469727,14.649999618530273,13.625,15.486302129896062,0.609756324491296,0.5541753113326318,7.163457234838201,0.08129888712531752,0.06041426002795254,0.02088462709736498,13.03333330154419,13.186538476210375,13.129830975165701,13.048532088040384,0.9606297675272214,0.9370077782284995,0.023621989298721946,0.08742053752435762,23.982378413502982,-0.1874997615814209,28.276402055572298,51.73544044727589,-23.459038391703594,13.325000286102295,13.275000095367432,13.300000190734863,12.849999904632568,21.715635021038757,24.40176800791615,30.421280726267742,13.049707827417015,79.4809617967491,12.34999966621399,12.275000095367432,20.0,0.0,20.0,12.600000381469727,13.91135476408438,1.0,0.0,61.83465958407453,1.0,0.6970197387976977,0.4129958507805031,4.460554858168667,53.61810788917872,86.20690789149158,56.715417287165934,-13.79309210850842,-0.030735217823702143,5.323199872592008,0.6230500609323858,0.463597773883799,0.15945228704858677,-16.203679801902382,-18.24470101686937,2.041021214966989,12.964529881581283,2.9739819916506427,2.9306168309470415,191.57895539936268
2023-06-02 00:00:00+05:30,13.850000381469727,14.300000190734863,13.550000190734863,13.800000190734863,9468347,0.0,0.0,-784215068.1245768,932752676,-0.23486082590926977,1731962.3379503938,2.574369259773867,0.36939807563790017,144718458.9488223,13.229668771807535,52.22132134684512,345.5979473081392,13.227499961853027,14.00946880253286,12.445531121173195,11.823380728557375,0.86606332573566,0.0,0.0,13.060000006357829,13.544999949137368,12.575000063578289,7.427257925626857,1.2628868780232072,1.0,0.0,12.600000381469727,14.350000381469727,13.475000381469727,13.23001326816745,0.6857141767229352,0.5737577801993685,6.888128270788804,0.12873753946343314,0.07407891591504867,0.054658623548384466,13.09583330154419,13.261538468874418,13.23293393140711,13.104196391943677,1.0518519156917876,0.874073999768575,0.17777791592321257,0.0958386997749789,24.051690459295138,0.1724996566772461,27.848592503964774,46.07868881820339,-18.230096314238615,13.450000286102295,13.300000190734863,13.375000238418579,12.849999904632568,49.1390611153401,25.818180313220463,30.685671764656234,11.864898942170273,124.86349379438568,12.299999713897705,12.275000095367432,16.0,0.0,16.0,12.600000381469727,13.91135476408438,0.0,0.0,60.94105793509785,0.9484807870238716,0.9828269290079573,0.7058324137480758,7.0389389673433405,53.28279804737663,70.58823199420615,78.02261844533665,-29.411768005793853,0.18426473280962874,5.747126352783344,0.9824146068398336,0.567361140475006,0.41505346636482765,-12.692578490691556,-17.134276511633807,4.441698020942251,13.033040500949172,-0.3610121975285985,-0.36166541917617145,190.5263198049445
2023-06-05 00:00:00+05:30,13.800000190734863,14.050000190734863,13.600000381469727,13.649999618530273,7121425,0.0,0.0,-789753977.7125576,925631251,-0.24964500212647764,1331936.6003986131,-0.6318951335047076,0.34685166045647925,144641051.86113042,13.270786934804216,51.166016916338826,341.8414336028889,13.217499923706054,13.972003139230205,12.462996708181903,11.416731150055433,0.7866122277051949,0.0,0.0,13.136666679382325,13.631666660308838,12.641666698455811,7.536158037767733,1.018518140331158,1.0,0.0,12.600000381469727,14.300000190734863,13.450000286102295,12.861734965597593,0.617646679333707,0.5613819831059453,6.583236423037037,0.15247162269248982,0.08975745727053691,0.0627141654219529,13.116666634877523,13.298076923076923,13.297097883272212,13.144626260579722,1.0656934083000302,0.9051093975910324,0.16058401070899786,0.10754102299945885,24.12108504113644,-0.11749954223632741,26.31966442280967,40.97829369435988,-14.658629271550208,13.450000286102295,13.650000095367432,13.550000190734863,12.849999904632568,74.56953055767005,27.13342031100304,28.985236466504738,11.207409898912474,106.43093741727705,12.324999809265137,12.275000095367432,12.0,0.0,12.0,12.668000373840332,13.91135476408438,0.0,0.0,58.22267831841381,0.7917568389623495,0.913412541995407,0.8644197366003539,8.428295270347572,50.26548042751272,61.764667933370696,72.8532692730228,-38.235332066629304,0.3541177665486046,1.8656716949027814,1.1599540349788942,0.6858797193757836,0.47407431560311053,-12.241421159876925,-16.155705441282432,3.914284281405507,13.083632665394811,-1.0869606531259235,-1.0929112300057664,187.36841302168997
2023-06-06 00:00:00+05:30,13.699999809265137,13.800000190734863,13.5,13.550000190734863,3555029,0.0,0.0,-792123993.278849,922076222,-0.24776668496300186,1090874.1052279414,-1.4767837505431443,0.32913982877038045,144615007.84093034,13.29620958819708,52.27835642109276,339.3371150159018,13.212499952316284,13.956727868811578,12.46827203582099,11.265512494701257,0.7267452153689221,0.0,0.0,13.198333390553794,13.698333390553794,12.698333390553792,7.5767141987465925,0.8516668001810699,0.0,0.0,12.600000381469727,14.300000190734863,13.450000286102295,12.866602197921747,0.5588234799130922,0.5352438038688371,6.213601230682491,0.16135197146442515,0.10407636010931456,0.057275611355110584,13.15416661898295,13.334615377279428,13.336005930574158,13.174653959109733,1.081481521250622,0.9185184787493782,0.16296304250124372,0.11920025614370167,23.87935459977576,-0.2625001430511471,24.468944002768698,36.17044953461394,-11.701505531845239,13.450000286102295,13.675000190734863,13.562500238418579,12.849999904632568,87.28476527883504,28.0256465191399,27.87618500363887,12.054010039636069,78.75556591796702,12.324999809265137,12.275000095367432,8.0,0.0,8.0,12.733280366516114,13.91135476408438,0.0,0.0,56.41595623865245,0.6875930880085632,0.8092769046649281,0.9018387918894306,9.082909562734736,49.569627259129724,55.882347991309224,62.74508263962867,-44.117652008690776,0.5076471945818728,3.435112947795578,1.2247150624617116,0.7936467879929692,0.4310682744687424,-15.656767614100337,-16.055917875846013,0.39915026174567636,13.111663233182796,-0.7325965610992302,-0.735293228238465,185.26316191020763
2023-06-07 00:00:00+05:30,13.550000190734863,14.050000190734863,13.550000190734863,13.699999809265137,8755992,0.0,0.0,-795626403.4394325,930832214,-0.27019728047164054,1122662.8701745393,0.8565568319810688,0.2998307937266163,144711937.3937987,13.331526278798147,50.66733229330814,339.3371150159018,13.219999933242798,13.98052615419369,12.459473712291906,11.50569175175992,0.8155708921003347,0.0,0.0,13.291666730244955,13.796666653951007,12.7866668065389,7.598744897160792,0.9042902383267115,0.0,0.0,12.600000381469727,14.300000190734863,13.450000286102295,12.859302706880843,0.6470585595364918,0.5317194234819533,6.012585142632336,0.17843652230565787,0.11894839254858322,0.059488129757074654,13.21666661898295,13.338461509117714,13.392004988834309,13.21356846652865,1.0676691481321605,0.939849534563884,0.12781961356827654,0.13233025861960815,23.763189070024783,-0.2700001239776615,24.860916696195275,32.26075969927834,-7.399843003083063,13.450000286102295,13.700000286102295,13.575000286102295,12.849999904632568,93.64238263941752,29.19563430797168,29.297930221649835,11.279381833129754,104.5415657727081,12.625,12.275000095367432,4.0,64.0,-60.0,12.795949159484865,13.91135476408438,0.0,0.0,58.496428665225054,0.8075394893589866,0.7622964721099664,0.8283286395901003,10.22732443162381,47.590159984864385,64.70585595364918,60.78429062610968,-35.29414404635082,0.6232354108025042,5.7915058768063385,1.3504037365656085,0.9049981777074971,0.4454055588581114,-12.525736914462623,-15.349881683569336,2.824144769106713,13.187012555860486,1.1070082392533154,1.100925750974291,188.42104861610815
2023-06-08 00:00:00+05:30,13.75,15.050000190734863,13.699999809265137,14.399999618530273,59553530,0.0,0.0,-793420751.4224896,990385744,-0.14757314790036632,6917633.83744469,1.3034491185542731,0.4193915275108065,147754817.70193368,13.785485552809092,75.2652952744507,339.3371150159018,13.262499904632568,14.17237624785073,12.352623561414406,13.721038262180778,1.1250847834302722,1.0,0.0,13.455000050862632,14.065000089009601,12.845000012715658,9.06726177392861,1.2745897611238828,1.0,0.0,12.600000381469727,15.050000190734863,13.825000286102295,18.473137243223324,0.7346936233437693,0.6135475192807307,5.612415019791362,0.2456288301448044,0.14428448006782746,0.10134435007697695,13.337499936421713,13.388461479773888,13.547081085710612,13.301452255565808,1.0872482731773907,0.8053691481358355,0.2818791250415552,0.15609567474304795,23.728815111693333,-0.512499904632568,31.54714372499176,30.13073838154205,1.4164053434497106,13.825000286102295,13.825000286102295,13.825000286102295,12.974999904632568,96.82119131970876,31.29207874901109,36.34742946550718,9.50356944661359,200.5208002348607,12.625,12.275000095367432,100.0,60.0,40.0,12.856111200734865,13.91135476408438,0.0,0.0,66.52662845933158,1.0,0.8317108591225165,0.8010947452991367,13.930523549530008,49.590811819615176,73.46936233437692,64.68585542644509,-26.530637665623075,0.705441301009234,11.19690988896948,1.8466316716809958,1.093324876502197,0.7533067951787988,27.076879529744254,-6.864529440906619,33.94140897065087,13.421249200917487,5.109487730005191,4.983236117917489,203.15788670590052
2023-06-09 00:00:00+05:30,14.5,14.600000381469727,13.899999618530273,14.050000190734863,14347438,0.0,0.0,-801619270.6680796,976038306,-0.16615021954765602,5212029.704905432,-0.6098656454722553,0.5122541651512903,147406095.8114228,13.85315491778582,70.42405290277065,331.0893511803752,13.294999933242797,14.266545124351907,12.323454742133688,14.615196630123476,0.8885564276377933,0.0,0.0,13.603333377838135,14.258333492279053,12.948333263397217,9.62999429989728,0.8409669731721993,0.0,0.0,12.600000381469727,15.050000190734863,13.825000286102295,18.427979101670854,0.5918367029179712,0.622192843646603,5.096713100236562,0.2675530049508268,0.1689381850444273,0.09861481990639948,13.445833285649618,13.380769179417538,13.624453255714343,13.356900250763516,1.134615267052,0.8205127734874667,0.31410249356453335,0.1803284038297356,23.69776533000376,-0.5449999332427975,39.150159844258894,29.74594853651905,9.404211307739843,13.825000286102295,13.825000286102295,13.825000286102295,12.974999904632568,98.41059565985438,33.238777158547684,33.41018578369398,8.735583932308408,140.99395984830255,13.049999952316284,12.450000286102295,96.0,56.00000000000001,39.99999999999999,12.987744540134866,13.91135476408438,0.0,0.0,60.249664816694334,0.7151623391220117,0.8409006094936661,0.8116359802420495,15.062333148292254,42.165585642765606,59.183670291797114,65.7862961932744,-40.816329708202886,0.7042647922740262,10.19607992733226,2.003107007821914,1.2752813027661405,0.7278257050557737,24.14927299650122,-0.6617689534250513,24.81104194992627,13.500581119460573,-2.4305516463002053,-2.4605770735811383,195.7894776996813
2023-06-12 00:00:00+05:30,14.149999618530273,14.600000381469727,13.850000381469727,14.149999618530273,13230643,0.0,0.0,-804265426.1858917,989268949,-0.1555396707723458,4656462.136971135,-0.1417143059313525,0.5021318873980282,147500263.54888928,13.909372774333699,75.05167128630426,333.44584550192155,13.342499923706054,14.381381509666829,12.303618337745279,15.57251777254966,0.8886389487197572,0.0,0.0,13.741666730244955,14.4366668065389,13.046666653951007,10.115222409873677,0.7937646355830165,0.0,0.0,12.600000381469727,15.050000190734863,13.825000286102295,18.36237454206121,0.632652799073262,0.6349735592819428,4.499676429752724,0.2896581902218358,0.193082186079909,0.0965760041419268,13.56249992052714,13.386538395514854,13.705306542301408,13.415648352079572,1.1144579074641896,0.8253011369864494,0.28915677047774024,0.2049128819663074,23.739833967153338,-0.6925003051757805,47.769775787594035,31.32607468729506,16.443701100298977,13.825000286102295,13.825000286102295,13.825000286102295,12.974999904632568,99.20529782992719,34.88182558991391,30.560636908875434,8.559117666132154,122.28797762428107,13.049999952316284,12.450000286102295,92.0,52.0,40.0,13.111479879170865,13.91135476408438,0.0,0.0,61.37111788424606,0.7660519231202504,0.8270714207474207,0.8332276297878676,16.321491913742392,38.376433615198025,63.2652799073262,65.3061041778334,-36.7347200926738,0.7188236236572259,10.980389164943322,2.1591069072478755,1.4520464236624875,0.707060483585388,21.014999940986904,3.6735848254573398,17.341415115529564,13.580019128110854,0.7117396899492867,0.7092187775064929,197.89472881116365
2023-06-13 00:00:00+05:30,14.25,14.350000381469727,13.949999809265137,14.050000190734863,7526795,0.0,0.0,-808028814.7132658,981742154,-0.15303694541417515,3883728.2326704934,-0.39857811135318444,0.5723457307757808,147447070.95430097,13.952221335481562,73.5792031894938,331.0893511803753,13.387499952316285,14.466330333525164,12.308669571107405,16.11698054231884,0.807045597694522,0.0,0.0,13.880000082651772,14.585000292460126,13.174999872843426,10.158504403606027,0.6205674166602736,0.0,0.0,12.600000381469727,15.050000190734863,13.825000286102295,18.30065223523113,0.5918367029179712,0.6114762605742075,3.8697307507374425,0.2956989572029425,0.21360554030451573,0.08209341689842675,13.679166634877523,13.394230695871206,13.758336334368092,13.46263737716515,1.1575757624798673,0.8484848659995263,0.30909089648034094,0.2267111850368211,23.724914875758206,-0.5874997615814213,56.76833779844781,34.11221520406702,22.65612259438079,14.099999904632568,13.825000286102295,13.962500095367432,12.974999904632568,99.6026489149636,36.407513419039695,29.13347407214944,8.159412166384499,96.25423552835562,13.049999952316284,12.450000286102295,88.0,48.0,40.0,13.227791097864705,13.91135476408438,0.0,0.0,59.56148488232062,0.6839339341271694,0.7217160654564773,0.7965626985658546,16.80907411748884,37.594242322762,59.183670291797114,60.54420683030679,-40.816329708202886,0.7511765592238486,11.067198532984996,2.196441521217058,1.6009254431734017,0.5955160780436564,15.151289108709335,5.969125682107739,9.182163426601596,13.63750813276076,-0.7067097561222146,-0.7092187775064929,195.7894776996813
2023-06-14 00:00:00+05:30,14.100000381469727,14.649999618530273,14.0,14.149999618530273,13200845,0.0,0.0,-815136973.9398354,994942999,-0.17494958568199487,3517492.3346341234,0.861685348751654,0.6961415023711621,147541026.60757464,14.007721357747359,77.40895946176195,331.0893511803753,13.442499923706055,14.558418798172102,12.326581049240009,16.602847398914346,0.8170031939654877,0.0,0.0,13.98666671117147,14.661666901906333,13.311666520436603,9.652052267689012,0.6209873045968971,0.0,0.0,12.600000381469727,15.050000190734863,13.825000286102295,18.22577513981997,0.632652799073262,0.6153285963698141,3.268707893984503,0.3050391254914455,0.23189225734190172,0.0731468681495438,13.791666587193808,13.413461465101976,13.818592224239197,13.513553098747751,1.1627906280443414,0.7965116594984006,0.3662789685459408,0.24669491988538592,23.78844944103462,-0.7425001144409187,62.76559599059637,37.94434786351414,24.821248127082228,14.275000095367432,13.825000286102295,14.050000190734863,12.974999904632568,99.8013244574818,38.11131552571097,30.41934885570071,7.542972175496655,103.26793319804662,13.0625,12.450000286102295,84.0,44.0,40.0,13.337123643436914,13.91135476408438,0.0,0.0,60.8060849049883,0.7404117121371132,0.7301325231281778,0.7596400031106917,17.573155812327197,37.4010335608001,63.2652799073262,61.90474336881649,-36.7347200926738,0.7833823680877678,10.546870372491027,2.2572829163612957,1.7321969378109807,0.525085978550315,13.603782084591135,7.496056962604419,6.107725121986716,13.671123542753127,0.7117396899492867,0.7092187775064929,197.89472881116365
2023-06-15 00:00:00+05:30,14.199999809265137,14.550000190734863,14.050000190734863,14.100000381469727,10301274,0.0,0.0,-823377985.2805871,984641725,-0.22176186928760175,2941414.023864728,-0.12134236275179865,0.7000029399183084,147504626.90053317,14.0476871858245,74.21232603260101,329.9194419645325,13.477499961853027,14.629226942917676,12.32577298078838,17.09110716860721,0.7702465210293433,0.0,0.0,14.041666730244955,14.67666686375936,13.406666596730549,9.044512246493518,0.5459319991807913,0.0,0.0,12.600000381469727,15.050000190734863,13.825000286102295,18.178444193653593,0.6122449456230432,0.6037957367328326,2.6759802975225884,0.3048921486814109,0.24649223560980357,0.05839991307160733,13.90833330154419,13.434615318591778,13.86188578689005,13.556993638208638,1.1638417616398626,0.8079096550512026,0.35593210658866004,0.26331578815827594,23.83222837982633,-0.027500152587890625,65.43808290409507,42.120957907973064,23.317124996122004,14.275000095367432,13.825000286102295,14.050000190734863,12.974999904632568,99.9006622287409,39.693417481905726,28.627672510258424,7.098696892508998,88.34598388327345,13.075000047683716,12.450000286102295,80.0,40.0,40.0,13.439896236274791,13.91135476408438,0.0,0.0,59.81481052512684,0.6794436989207198,0.7012631150616674,0.7177039012154407,17.928331920403316,36.16560499536982,61.22449456230433,61.22448158714254,-38.77550543769567,0.7198529916651104,11.02362671835031,2.2489657870909645,1.8355507076669775,0.41341507942398703,10.509564497447736,8.098758469573083,2.410806027874653,13.680251457625033,-0.35335150818710526,-0.35397726915422645,196.84211329409948
2023-06-16 00:00:00+05:30,14.199999809265137,15.5,14.149999618530273,15.399999618530273,46149346,0.0,0.0,-784065603.57767,1030791071,-0.0006207877144411911,11091799.819147367,1.5357740612127637,0.7513463705323663,151759528.52944997,14.278480192761522,79.53273845871466,329.9194419645325,13.592499923706054,15.00114284274352,12.183857004668589,20.726767363532826,1.1415748343303693,1.0,0.0,14.155000019073487,14.850000190734864,13.45999984741211,9.819854054749314,1.395682943847807,1.0,0.0,12.600000381469727,15.5,14.050000190734863,21.335292512840244,0.965517105302101,0.6834161249125768,2.2299159315836365,0.4050060843515233,0.2781950053581475,0.1268110789933758,14.070833285649618,13.505769142737755,14.098518684065468,13.693512599713944,1.1464647150638052,0.7424243343763062,0.40404038068749903,0.2956627102664813,24.137603378997095,0.2575004577636726,79.19031456069597,47.99547458996042,31.194839970735543,14.5,14.050000190734863,14.275000095367432,13.349999904632568,99.95033111437044,41.87850894188733,34.544181715105296,6.02808594807585,161.23184541270362,13.325000047683716,12.450000286102295,100.0,36.0,64.0,13.536502473542395,13.91135476408438,0.0,0.0,72.4091684818601,1.0,0.806618470352611,0.7460047028474852,22.898309563527043,47.46875028772968,96.5517105302101,73.68049499994686,-3.448289469789896,0.7730882504407113,14.498140051436017,2.9576493350580026,2.0599704331451827,0.89767890191282,26.3483066531629,11.748668106291046,14.599638546871855,13.922483087341798,9.21985249567092,8.819266021010908,224.21051828484786
2023-06-19 00:00:00+05:30,15.5,17.600000381469727,15.199999809265137,17.0,166073299,0.0,0.0,-701028987.0734621,1196864370,0.2106547926081692,47466877.238117166,2.2761043530952563,0.9816808087573717,169013901.79788873,15.301877441683612,89.64136580317656,329.9194419645325,13.794999933242797,15.80991926971316,11.780080596772436,29.21231382705362,1.2953172141301614,1.0,0.0,14.43833335240682,15.328333600362143,13.548333104451498,12.328296157630446,1.9391381651175525,1.0,0.0,12.600000381469727,17.600000381469727,15.100000381469727,36.24501648565538,0.8799999237060547,0.8550745696417781,1.4702769571870415,0.6064628326507453,0.3438485708166671,0.2626142618340782,14.333333253860474,13.644230695871206,14.544900424978472,13.938437592327727,1.2124999821186093,0.6041667295826706,0.6083332525359387,0.3599631635303164,24.798506275106607,0.005000257492065785,103.1739838384102,56.740479016142814,46.43350482226738,15.575000286102295,15.100000381469727,15.33750033378601,14.5,99.97516555718522,44.70386743963261,46.07756511175869,4.715213535563716,275.9043558993988,13.387500047683716,12.450000286102295,100.0,32.0,68.0,13.693582275659004,13.91135476408438,0.0,0.0,80.50675801335426,1.0,0.8931478996402399,0.8003431616848392,31.40329230562108,54.67945224168613,87.99999237060547,81.92539915437328,-12.000007629394531,1.1176470223595114,22.743678929747464,4.35101013749609,2.5181783740153643,1.8328317634807254,59.74802433000368,21.348539351033573,38.39948497897011,14.716236193950843,10.38961312404516,9.884585940739443,257.89473684210526
2023-06-20 00:00:00+05:30,16.899999618530273,17.100000381469727,16.049999237060547,16.25,54626600,0.0,0.0,-734845397.0370772,1142237770,0.1196969224428773,34833044.775529005,0.33637440342959174,0.8177191050472322,166603904.7390652,15.510491293766963,77.11292074554665,315.3641724660973,13.959999942779541,16.199106895014015,11.720892990545067,32.07889629530544,1.0113645989386968,1.0,0.0,14.723333326975503,15.68833367029826,13.758332983652753,13.108449315002849,1.2910187201425098,1.0,0.0,12.600000381469727,17.600000381469727,15.100000381469727,35.816619057983054,0.7299999237060547,0.8745672271185182,1.8846687555066504,0.6975589991797584,0.4145906564892854,0.282968342690473,14.537499904632568,13.761538395514854,14.807223436520246,14.109664437340488,1.2809916287121468,0.7024794658605572,0.5785121628515896,0.4305968305745452,25.35331740451486,-0.31000032424926793,122.83773574866639,67.62679224419516,55.21094350447123,15.650000095367432,15.100000381469727,15.375000238418579,14.5,99.98758277859261,47.327414616110374,41.78939253274731,4.276395873685404,213.64879418916823,13.512500047683716,12.849999904632568,96.0,28.000000000000004,68.0,14.084224086240077,13.91135476408438,0.0,0.0,70.11836001744696,0.5687815584943983,0.8562605194981328,0.852008963163661,33.4428931009418,51.762694731651045,69.66291797716497,84.73820695932683,-30.33708202283503,1.5063234469469844,17.75362156088979,4.943838333487967,3.0033103659098854,1.940527967578082,54.97704631339514,28.07424074350589,26.902805569889253,14.934426811945762,-4.411764705882348,-4.512043528046972,242.10526315789474
2023-06-21 00:00:00+05:30,16.399999618530273,18.149999618530273,16.299999237060547,17.899999618530273,116357650,0.0,0.0,-649935754.0660163,1258595420,0.25097828844350784,57284049.53803615,1.0334512103296882,0.5283989483979801,178418678.77679315,15.968105358383925,82.25739968000723,315.3641724660973,14.217499923706054,16.96709525748046,11.46790458993165,38.67902723445448,1.1696439380716444,1.0,0.0,15.09166660308838,16.191666984558104,13.991666221618653,14.577586563496176,1.7765145643357154,1.0,0.0,12.600000381469727,18.149999618530273,15.375,39.0363936475678,0.9549549487627663,0.9771104662596937,1.8846687555066504,0.8926051505119705,0.5101935552938224,0.38241159521814816,14.891666571299234,13.944230703207163,15.28303515682948,14.39043000631751,1.2328244741615457,0.6793895291528723,0.5534349450086734,0.5252910067747786,25.95645849714266,-0.6674997329711907,149.21334168566435,80.70081423982545,68.5125274458389,16.0,15.375,15.6875,14.774999618530273,99.9937913892963,50.00053780947652,43.85781158218577,3.6199054623117144,239.14371531683045,13.525000095367432,12.849999904632568,100.0,24.0,76.0,14.435801715763041,13.91135476408438,0.0,0.0,77.1148136299695,0.8592016814090971,0.8093277466344985,0.8529120552576236,38.49235108187676,58.39158170078874,94.62365547292201,84.0955219402308,-5.376344527077995,1.9907351493835446,31.13553200566028,6.202769132820284,3.6432021192919652,2.5595670135283184,58.212023169462256,34.101797228697166,24.11022594076509,15.513750610726662,10.153843806340145,9.670778275980485,276.84209723221625
2023-06-22 00:00:00+05:30,18.149999618530273,19.299999237060547,17.799999237060547,18.25,204694561,0.0,0.0,-731813370.2399411,1463289981,0.0784773207581465,59335353.0947136,0.9709587319702673,0.4138696249834372,182421090.84168574,16.695567284351203,87.59687866800681,315.3641724660973,14.492499923706054,17.66728726577491,11.3177125816372,43.812832275758126,1.091771931698166,1.0,0.0,15.498333231608072,16.613333574930827,14.383332888285318,14.388648465097747,1.7339309063313058,1.0,0.0,12.600000381469727,19.299999237060547,15.949999809265137,46.2308013859729,0.8432836691928127,1.0293994196337244,1.8821973982744853,1.063167206624403,0.6207882855599385,0.4423789210644644,15.28333322207133,14.144230695871206,15.739491286548024,14.67632407992362,1.2996389809664541,0.6317691929506609,0.6678697880157932,0.6351466918263273,26.459998654800994,-0.7925001144409176,173.6878123363523,95.6494422945025,78.03837004184979,16.574999809265137,15.949999809265137,16.262499809265137,15.34999942779541,99.99689569464815,52.672324616098805,47.645601485836956,3.201986215960511,228.35248643153756,13.437499761581421,12.849999904632568,100.0,20.0,80.0,14.88150546409511,13.91135476408438,0.0,0.0,78.2767127740477,0.9074316720480273,0.7784716373171743,0.8146866344832683,42.49771056693309,55.76278205515356,81.896562496917,82.06104531566798,-18.103437503083,2.711323205162497,34.68634496757331,7.24409736957741,4.363381169349054,2.8807162002283553,64.96306665829684,40.2740511146171,24.689015543679737,16.018741725231024,1.9553094353555345,1.9364388492949303,284.2105263157895
2023-06-23 00:00:00+05:30,18.25,18.299999237060547,17.200000762939453,17.549999237060547,34148848,0.0,0.0,-744231197.7445847,1429141133,0.06256330162764269,47443985.55925403,-2.5769476617912286,0.27493730153440005,181111270.58669925,16.76810871236459,84.08541977962618,303.2679992425336,14.737499904632568,18.05862526210745,11.416374547157684,45.07040378579986,0.9234256509014127,0.0,0.0,15.848333199818928,17.003333314259848,14.693333085378011,14.575666726316866,1.2366518911841469,1.0,0.0,12.600000381469727,19.299999237060547,15.949999809265137,45.4622486781815,0.7388059255353886,1.0364593250824614,2.108216024246999,1.1288420648640507,0.722399041420761,0.40644302344328975,15.604166507720947,14.303846065814678,16.018030971242258,14.889188906378207,1.2413794260104327,0.7000001907348508,0.541379235275582,0.7378750000560864,26.82008520186257,-0.3375002861022942,193.35231499480207,111.82527998419226,81.52703501060981,16.624999523162842,15.949999809265137,16.28749966621399,15.34999942779541,99.99844784732407,53.960663687836835,43.664450491492524,7.492116733686563,148.11569219983699,13.362499952316284,12.849999904632568,96.0,16.0,80.0,15.50009459231027,13.91135476408438,0.0,0.0,70.56072242325166,0.5871438533628586,0.7845924022733276,0.7907972620749999,42.32704824246565,55.2546045145658,69.82758223797795,82.11593340260565,-30.172417762022054,3.1860291256624116,28.1021859955918,7.58162228958274,5.007029393395792,2.5745928961869486,53.88194287665124,42.99562946702393,10.886313409627306,16.23877711937516,-3.835620618846314,-3.9111173588960213,269.4736681486431
2023-06-26 00:00:00+05:30,17.899999618530273,18.649999618530273,17.549999237060547,18.049999237060547,14586637,0.0,0.0,-745557260.252319,1443727770,0.06087996435851974,41708175.979360595,2.639398677633077,0.5689503321184158,181526844.3084689,16.80790705515178,84.72967847560062,311.9081135566733,14.999999856948852,18.492563110119058,11.507436603778647,46.567510486371795,0.9366419673778571,0.0,0.0,16.23666645685832,17.426666609446208,15.046666304270426,14.658183140606903,1.2619044318014492,1.0,0.0,12.600000381469727,19.299999237060547,15.949999809265137,44.666659463246596,0.813432803953849,1.0428134307211878,2.0482255213877494,1.2073184687285714,0.8193829268823231,0.38793554184624834,15.90833314259847,14.494230637183556,16.33064147367584,15.123323004947268,1.2581699651952534,0.6764707495642706,0.5816992156309828,0.8362047112125912,27.133891717016787,-0.9499996662139889,215.54035828411227,129.46661559371057,86.0737426904017,16.649999618530273,15.949999809265137,16.299999713897705,15.34999942779541,99.99922392366204,55.267870382165015,42.68646735332533,6.873594677364315,139.13400985192126,13.324999809265137,12.849999904632568,92.0,12.0,80.0,16.03208124257531,13.91135476408438,0.0,0.0,72.63563874170957,0.6423897549577693,0.712321760122885,0.7584619332377954,43.00653921380394,55.86501461386184,78.26086595964281,76.66167023151257,-21.739134040357182,3.4002937092500574,25.347220244598923,7.983156005684883,5.6022547158536105,2.3809012898312725,42.28364062608805,42.85323169883676,-0.5695910727487075,16.521766551822942,2.849002972855663,2.809173607123494,279.99998393811677
2023-06-27 00:00:00+05:30,18.149999618530273,18.200000762939453,17.299999237060547,17.5,7945227,0.0,0.0,-749971267.7687179,1435782543,0.05600387049929844,35125598.155412965,-3.9646446737470584,0.22457879599497815,181284746.30442575,16.851764723424296,83.66119352808539,302.4040009948879,15.239999866485595,18.72706140283198,11.752938330139212,45.761962820154714,0.8240550976743518,0.0,0.0,16.59166644414266,17.831666692097983,15.351666196187338,14.947265871452933,0.866263457348142,0.0,0.0,12.600000381469727,19.299999237060547,15.949999809265137,43.96324746908194,0.7313433515651222,1.0285322402369597,2.306031576359099,1.2111696326890655,0.8977402680436717,0.31342936464539384,16.1958331267039,14.669230644519512,16.510542785418018,15.299373152728952,1.232484073337907,0.7292994698422113,0.5031846034956957,0.9167863013876889,27.412875014584028,-1.090000247955322,235.34534391465672,148.64214314082835,86.70320077382837,16.674999713897705,15.949999809265137,16.31249976158142,15.34999942779541,99.99961196183102,55.999695391223106,39.7919200933744,8.291093321499538,102.89787319603424,13.287500143051147,12.849999904632568,88.0,8.0,80.0,16.48958976180324,13.91135476408438,0.0,0.0,67.03839984644081,0.356973858366258,0.5288358222289619,0.675249994875058,41.408811311964655,50.79239856157051,67.85715319672515,71.98186713144862,-32.14284680327485,3.5117643412421753,24.555158451458283,7.91646573097035,6.065096918876959,1.8513688120933907,31.13946069704168,40.51047749847774,-9.37101680143606,16.63463163235252,-3.0470873147256383,-3.094476158130677,268.42105263157896
2023-06-28 00:00:00+05:30,17.700000762939453,17.75,16.850000381469727,16.950000762939453,8396572,0.0,0.0,-756501926.9710897,1427385971,0.03672198987617451,29447925.819793407,-4.82339288792282,-0.21305277589624275,181020854.4076301,17.06226339696,81.51428385995882,302.4040009948879,15.41499991416931,18.876372281267933,11.953627547070688,44.9091454605454,0.721732984200253,0.0,0.0,16.883333174387616,18.148333422342937,15.618332926432291,14.985195575887298,0.5263508203494809,0.0,0.0,13.149999618530273,19.299999237060547,16.22499942779541,39.89620274261083,0.6178864032705914,1.015678978066291,2.9903429154267465,1.156509840440302,0.9494941825229979,0.20701565791730414,16.429166555404663,14.823076835045448,16.5781517050367,15.421641864596397,1.2000001125648232,0.8163935781518182,0.38360653441300496,0.971711143744653,27.605663769322724,-1.3649997234344475,248.30567131425184,168.96076407529026,79.34490723896158,16.72499942779541,15.949999809265137,16.337499618530273,15.34999942779541,99.99980598091551,55.844855314060965,37.083855186536525,11.129612781142932,72.37979279201538,13.287500143051147,12.849999904632568,84.0,4.0,80.0,16.48958976180324,19.299999237060547,0.0,1.0,61.90140343555923,0.1117158290846856,0.37035981413623764,0.5371724654960279,38.257177248778476,43.772591784733336,56.880752888408885,67.66625734825894,-43.119247111591115,3.423088020436902,19.787994486886134,7.499265322036249,6.351930599508818,1.1473347225274306,21.256441934268825,36.65967038563596,-15.403228451367138,16.658528096478626,-3.1428527832031206,-3.193300209183292,256.84212132504115
2023-06-30 00:00:00+05:30,17.0,17.149999618530273,16.25,16.350000381469727,8187399,0.0,0.0,-762869896.2593708,1419198572,0.02250487290552361,24539301.770787943,-6.595502606392732,-0.6405982731048482,180731034.80278465,17.115258458481016,81.97149495638325,291.6994282640346,15.53999991416931,18.946405517002642,12.13359431133598,43.84048419108914,0.6188937199120805,0.0,0.0,17.1183331489563,18.423333358764648,15.813332939147951,15.246814026258319,0.20561967664380298,0.0,0.0,13.5,19.299999237060547,16.399999618530273,37.32303261966,0.4913794407521532,1.004111042112689,4.03263960878356,1.0526423392684396,0.9701238138720863,0.08251852539635329,16.6208332379659,14.961538388178898,16.54305150141101,15.490409162142571,1.1456311842227092,0.8284791210147835,0.31715206320792566,0.9964665907706574,27.7826259605459,-1.3900002956390374,254.29184745190145,188.4164899520908,65.87535749981063,17.249999523162842,15.949999809265137,16.59999966621399,15.34999942779541,49.999902990457755,54.68999428555774,34.55154811386882,14.922019275308681,41.94537874315951,13.137499809265137,12.849999904632568,80.0,0.0,80.0,16.48958976180324,19.25099925994873,0.0,0.0,56.78901243192378,0.0,0.15622989581698118,0.3518085107273934,33.88138895192025,43.076213664751194,45.87156926529265,56.869825116808876,-54.12843073470735,2.9597057903514177,16.370107896878007,6.79544567383682,6.440633614374419,0.35481205946240113,12.42581587432175,31.812899483373123,-19.387083609051373,16.643188512461418,-3.539825100076721,-3.603995816289185,244.21053434673107
2023-07-03 00:00:00+05:30,16.700000762939453,16.950000762939453,16.399999618530273,16.649999618530273,7527964,0.0,0.0,-763554270.8627645,1426726536,0.025624616750103725,21356313.440192416,-0.18264990110796658,-0.6435222441888921,180869162.22810134,17.16555515948986,81.87782002527061,297.05169761501196,15.682499885559082,19.02364852410479,12.341351247013373,42.60989845913965,0.6447854970906521,0.0,0.0,17.283333174387614,18.508333460489908,16.058332888285317,14.175509709176218,0.24149656818755558,0.0,0.0,13.5,19.299999237060547,16.399999618530273,36.98389465573254,0.5431034539457458,0.9636999760483927,4.640804705797333,0.9832003063862764,0.9727391123749244,0.010461194011352037,16.829166571299236,15.111538373506987,16.5595050578909,15.576304751504622,1.1568628330956627,0.8366014440747347,0.32026138902092804,1.0022545515307657,27.90975408568236,-1.5824995040893555,258.61764845771955,205.68800824312518,52.92964021459437,17.674999237060547,15.949999809265137,16.812499523162842,15.34999942779541,24.999951495228878,53.61762333051903,32.936792937059074,14.224643638366159,40.38359611524922,13.112499952316284,12.849999904632568,76.0,0.0,76.0,16.48958976180324,19.13095928955078,0.0,0.0,58.62882965596832,0.07757133652217774,0.06309572186895444,0.1965618106073909,31.082313903579777,36.52387227374148,50.46729155217375,51.07320456862508,-49.53270844782625,2.646176405513989,17.667844999275477,6.312153762215665,6.414937643942668,-0.10278388172700303,4.450036091040577,26.340326804906613,-21.890290713866037,16.643372173278067,1.8348576762148072,1.8182272840614022,250.52630775853206
2023-07-04 00:00:00+05:30,16.799999237060547,17.600000381469727,16.5,16.600000381469727,18787507,0.0,0.0,-778925855.6530741,1407939029,0.013238071129202446,18171217.08926926,2.195608725793941,-0.4582231843926689,180812744.1477535,17.190814869851483,83.06038238825937,297.05169761501196,15.829999923706055,19.057754428736946,12.602245418675164,40.78022135928377,0.6192780393557692,0.0,0.0,17.313333193461098,18.40833346048991,16.21833292643229,12.649213814499568,0.1742773342298168,0.0,0.0,13.5,19.299999237060547,16.399999618530273,36.63928783963427,0.534482894697899,0.9773300165905262,5.191701842094987,0.9136010502442939,0.9609114999487984,-0.04731044970450449,17.03749990463257,15.263461479773888,16.565735107672257,15.652134057427963,1.150000146031371,0.7875001557171252,0.36249999031424573,0.9924460500261925,28.052626816904766,-0.43000030517578125,254.16548647410008,220.27998054595116,33.885505928148916,17.774999618530273,15.949999809265137,16.862499713897705,15.34999942779541,12.499975747614439,53.068371442963794,35.146190654459915,13.022998692813651,45.21958284125194,13.112499952316284,12.849999904632568,72.0,4.0,68.0,16.48958976180324,19.01572091796875,0.0,0.0,58.18418471826687,0.05882398398924658,0.04546510683714144,0.0882635748410255,28.773134487580766,33.7122541440333,49.0566180328683,48.465159616778216,-50.9433819671317,2.3251471435322486,17.7304959742094,5.83691046148899,6.299332207451933,-0.46242174596294294,0.1734012094126703,21.106941685807826,-20.933540476395155,16.642897095792794,-0.3002957249614635,-0.30074751727564575,249.47369224146794
2023-07-05 00:00:00+05:30,16.75,17.25,16.549999237060547,16.700000762939453,13614581,0.0,0.0,-786705563.2291473,1421553610,0.006543897209971226,15769823.689880868,-0.7712357433884114,-0.5748604052598163,180894760.00692603,17.23823459070962,81.24797746058988,298.8411724580903,15.987499952316284,19.058472867254142,12.916527037378428,38.41717496915998,0.6160057138826289,0.0,0.0,17.349999872843426,18.41000010172526,16.289999643961586,12.21902290087011,0.1933967124754139,0.0,0.0,13.550000190734863,19.299999237060547,16.424999713897705,35.9655922656789,0.5478262773308592,0.9495970912254188,5.647200367293665,0.8566375489369751,0.9400567097464338,-0.08341916080945877,17.145833333333332,15.413461501781757,16.58639136232875,15.729753813391776,1.1495327858035287,0.8286605773727755,0.32087220843075315,0.9720948729851733,28.156366147691248,1.0125000476837158,256.80052142217414,232.2341116277856,24.566409794388534,17.774999618530273,15.949999809265137,16.862499713897705,15.499999523162842,6.249987873807219,52.55835183309108,33.22282570370335,12.31031891804757,37.59635505152409,13.1875,12.849999904632568,68.0,0.0,68.0,16.48958976180324,18.90509208125,0.0,0.0,58.856276648738856,0.08716107564766254,0.07451879871969562,0.06102654247526365,27.12532016398915,32.64513577191921,50.47621054444277,50.0000400431616,-49.52378945555723,2.0433823697707236,8.441566081890901,5.445969206508897,6.128659607263326,-0.6826904007544288,-4.7544426253132475,15.934664823583612,-20.68910744889686,16.643654452609194,0.6024119227211244,0.6006046765104411,251.57896343030427
2023-07-06 00:00:00+05:30,16.75,17.049999237060547,16.600000381469727,16.75,10020079,0.0,0.0,-790045589.5624807,1431573689,0.0067297359706683735,13588562.634938803,-0.3368219785377074,-0.5902518063873813,180924759.78431517,17.275588766394375,81.1043570865809,299.73589281393254,16.13999996185303,19.0395860558152,13.240413867890858,35.93043495434147,0.6051874333749183,0.0,0.0,17.284999910990397,18.204999987284346,16.36499983469645,10.64506891560907,0.20923920292183645,0.0,0.0,13.699999809265137,19.299999237060547,16.499999523162842,34.69640298036578,0.5446429468539388,0.899637267661959,6.033755287972344,0.8062343169780952,0.9132922311927663,-0.10705791421467103,17.125,15.569230739886944,16.61156192197048,15.805327604992385,1.150000146031371,0.8343752125277989,0.315624933503572,0.9443612637838334,27.95035344637466,0.11000003814697124,250.9399788772186,240.81768568788186,10.122293189336744,17.449999809265137,15.949999809265137,16.699999809265137,15.499999523162842,3.1249939369036097,52.084762195352134,32.01008529706613,11.860952530502674,31.5658179889374,13.1875,12.849999904632568,64.0,0.0,64.0,16.48958976180324,18.798888398,0.0,0.0,59.20929374743865,0.1020451672864642,0.08267674230779111,0.06755354928820921,25.890496827454662,30.831777796299146,50.485448039930624,50.00609220574722,-49.514551960069376,1.846911710851332,-1.4705882352941175,5.101028824758003,5.923133450762261,-0.8221046260042586,-9.978702264684507,10.751991405929989,-20.730693670614496,16.6502572891377,0.2993966154271277,0.29894931633696054,252.6315789473684
2023-07-07 00:00:00+05:30,16.75,16.899999618530273,16.299999237060547,16.450000762939453,11145629,0.0,0.0,-795618350.9160138,1420428060,-0.0028143002114821365,11169670.80186756,-1.2112399821730109,-0.7864670952006508,180725137.08601308,17.41781456040315,78.72201849725496,299.73589281393254,16.242500019073486,19.031635069543466,13.453364968603506,34.34366688865277,0.5371980452920346,0.0,0.0,17.09499994913737,17.92500006357829,16.264999834696454,9.710443017378305,0.11144632694877087,0.0,0.0,13.850000381469727,19.299999237060547,16.574999809265137,33.553940890816776,0.4770643903535035,0.8696735790427358,6.584428584638148,0.7336251867949048,0.8773588223131941,-0.14373363551828922,17.141666730244953,15.684615391951342,16.58670635904263,15.853081172247725,1.1348684811113217,0.9013159261020443,0.2335525550092774,0.9070517803966859,27.602151722786303,1.6574995994567878,243.60853446273057,246.40171007320725,-2.7931756104766805,17.449999809265137,16.22499942779541,16.837499618530273,15.499999523162842,1.5624969684518049,51.05742716568577,30.415837380226595,13.760458570956244,14.357228319537795,13.175000190734863,12.849999904632568,60.0,0.0,60.0,16.48958976180324,18.69693286208,0.0,0.0,56.099086047387075,0.0,0.06306874764470892,0.07342142955739837,23.95462187957813,29.400332458612798,30.487832393343723,43.81649699257236,-69.51216760665628,1.7305881303899415,1.23077392578125,4.6276504789440125,5.664036856398612,-1.0363863774545994,-14.118268006786023,5.777939523386786,-19.89620753017281,16.624669789982622,-1.791040221257001,-1.8072734680397495,246.31580553556742
2023-07-10 00:00:00+05:30,16.549999237060547,16.700000762939453,16.100000381469727,16.200000762939453,9412933,0.0,0.0,-801893629.6083841,1411015127,-0.00035358523116620305,9237827.36588648,-1.2748352681146349,-1.0401056395727861,180582083.39963868,17.65962508975635,71.00807240403695,295.1806362955071,16.350000047683714,18.952306609766048,13.747693485601381,31.832496079423546,0.4711795514544924,0.0,0.0,16.960000038146973,17.740000343322755,16.17999973297119,9.198116785629495,0.012821168040284076,0.0,0.0,13.850000381469727,19.299999237060547,16.574999809265137,33.333326236674324,0.4311928210882109,0.8427062592854349,7.2365304547894524,0.6484342707050015,0.8315739119915556,-0.18313964128655413,17.00000015894572,15.77500002200787,16.527213190411373,15.878778919706372,1.0597016423123895,1.0597015711426725,7.11697170086012e-08,0.8600151679701292,27.23277765806413,1.8999999523162856,233.73944678360087,248.42383101759484,-14.684384233993967,17.15000057220459,16.399999618530273,16.77500009536743,15.524999618530273,0.7812484842259024,49.72089256735184,28.86750918364585,14.756811404204992,-4.603259543931933,13.300000190734863,12.849999904632568,56.00000000000001,8.0,48.00000000000001,16.48958976180324,18.5990555475968,0.0,0.0,53.57354496303194,0.0,0.03401505576215474,0.05992018190488474,21.59962825309451,27.95910532506656,4.6154315655048075,28.529570666259705,-95.3845684344952,1.5763234867769143,-9.497200512959582,4.083653245529236,5.347960134224737,-1.2643068886955007,-18.206619855092924,0.9810276476908446,-19.18764750278377,16.582628209717413,-1.5197567684205215,-1.5314234257312709,241.0526476408306
2023-07-11 00:00:00+05:30,16.299999237060547,16.450000762939453,15.800000190734863,15.899999618530273,9417099,0.0,0.0,-808413178.8160855,1401598028,-0.005371895678057442,7514546.245472048,-1.8981452711195594,-1.1997141877548683,180407692.02038163,17.765075893722848,77.31558974642059,295.1806362955071,16.437500047683717,18.848697705000376,14.026302390367055,29.337766087567957,0.38854077816424054,0.0,0.0,16.756666787465413,17.491667111714683,16.021666463216146,8.77263161667779,-0.0827665244978929,0.0,1.0,13.949999809265137,19.299999237060547,16.624999523162842,32.547524941600244,0.3644859846403159,0.8234356905773502,7.925948923504639,0.5503679714144027,0.7753327238761251,-0.22496475246172232,16.804166793823242,15.85576923076923,16.43071879473736,15.880350823322956,0.9730771157868374,1.0423077772354876,-0.0692306614486502,0.8031097096581054,26.964502161182114,1.1124991893768303,213.85003686170148,246.0354635672665,-32.18542670556502,16.77500009536743,16.399999618530273,16.587499856948853,15.549999713897705,0.3906242421129512,47.92095995202215,27.249191562166303,16.516934039305035,-33.110932195633424,13.375000238418579,12.849999904632568,52.0,4.0,48.0,16.48958976180324,18.449112237629176,0.0,0.0,50.628055422521655,0.0,0.0,0.03236126780228771,18.7455038359473,28.327035844180955,2.8571272869456936,12.653463748598062,-97.1428727130543,1.300147048164817,-12.8767144190122,3.4657167057423894,4.971511448528268,-1.5057947427858789,-21.67202360905026,-3.549582603657376,-18.122441005392883,16.4194085955186,-1.8518588288927051,-1.869220409898631,234.73683407432154
2023-07-12 00:00:00+05:30,16.0,16.600000381469727,15.850000381469727,16.0,9714111,0.0,0.0,-814241655.2977902,1411312139,-0.008023731244806397,6579813.182638794,0.7720719731782585,-1.2183841332656846,180468787.29264233,17.82212859878035,70.82834062349744,295.1806362955071,16.535000038146972,18.69696657235755,14.373033503936394,26.15018481067827,0.37627004634872335,0.0,0.0,16.60500014623006,17.325000317891437,15.884999974568686,8.672088712084014,0.0798611097313738,0.0,0.0,14.0,19.299999237060547,16.649999618530273,32.05321575345156,0.37735854488711734,0.8160921215196151,8.583571632203327,0.47524063947873074,0.7153143069966462,-0.24007366751791548,16.675000190734863,15.946153860825758,16.364454364777764,15.889213725299033,0.9578060728846922,1.1265822642189405,-0.16877619133424826,0.7420658103026967,26.833532556958712,1.514999198913575,199.07431361482423,240.5653127117745,-41.490999096950276,16.700000286102295,16.399999618530273,16.549999952316284,15.899999618530273,0.1953121210564756,46.415920406406315,26.77709230358069,15.441286149893715,-38.64107683160115,13.550000190734863,12.849999904632568,48.0,0.0,48.0,16.48958976180324,18.23718327387763,0.0,0.0,51.58362604518552,0.03456119443757082,0.01152039814585694,0.015178484636003712,16.612652963848483,23.207246885529877,5.7142818217364235,4.395613558062294,-94.28571817826358,1.0666177777683021,-8.831904868618995,2.9909638557007123,4.575401929962757,-1.5844380742620445,-24.45434564713846,-7.730535212353593,-16.723810434784866,16.348247300893572,0.6289332318799801,0.6269637005402284,236.84210526315786
2023-07-13 00:00:00+05:30,16.100000381469727,16.25,15.600000381469727,15.75,5186570,0.0,0.0,-817034428.4422176,1406125569,-0.002476144645087333,5454605.22797611,-3.7597103584193485,-1.5562890682935142,180387747.13639233,16.997195868483637,30.227832537233212,290.5684388533898,16.61500005722046,18.521331322898916,14.708668791542001,22.94711115393604,0.2731244110627835,0.0,0.0,16.47333345413208,17.16833362579346,15.778333282470703,8.43788142328956,-0.020383651419087333,0.0,1.0,14.050000190734863,19.299999237060547,16.674999713897705,31.59794780767495,0.32380954629980657,0.799482871220681,9.234469740640485,0.3910213265436209,0.6504557109060412,-0.2594343843624203,16.483333587646484,16.030769238105187,16.269922924042724,15.878901597499103,0.7954547365834724,1.272727249082457,-0.4772725124989846,0.6763890223583873,26.71436439254774,0.8849999427795403,180.82553645268504,232.40238926741716,-51.57685281473212,16.600000381469727,16.424999713897705,16.512500047683716,15.924999713897705,0.0976560605282378,44.542982582039194,25.242777897295674,16.760336739497134,-77.91376662769545,13.562500238418579,12.849999904632568,44.0,0.0,44.0,16.48958976180324,18.04220862722621,0.0,0.0,49.02882504284873,0.0,0.01152039814585694,0.007680265430571113,14.073506518627802,24.667247406577975,4.918021509895077,4.496476872859051,-95.08197849010492,0.7932354955112242,-12.742378583253078,2.462521252762256,4.1528257945226565,-1.6903045417604003,-28.67177262452789,-11.918782694788453,-16.752989929739435,16.262458635087743,-1.5625,-1.5748356968138921,231.57894736842107
2023-07-14 00:00:00+05:30,15.850000381469727,15.949999809265137,15.600000381469727,15.800000190734863,4757395,0.0,0.0,-816354796.8813908,1410882964,0.00923192682822597,4709357.432179678,-1.1035440098595561,-1.451045950298395,180402850.03527492,16.786628595241286,37.09284439745568,291.4908818606406,16.700000047683716,18.27257729019273,15.127422805174701,18.833260335554662,0.21384558016593164,0.0,0.0,16.39333346684774,17.03333361943563,15.753333314259844,7.808053851672893,0.036458488553727325,0.0,0.0,14.149999618530273,19.299999237060547,16.72499942779541,30.838320980990513,0.32038848435399947,0.7545345268781538,9.76337720897533,0.324570070068539,0.5852785827385407,-0.2607085126700017,16.34166693687439,16.11153848354633,16.19762711891844,15.873057048849901,0.8390244574152398,1.2243902207555593,-0.38536576334031947,0.6099654225387248,26.295536796360576,0.2500007152557373,166.2068131469182,222.13451867732815,-55.92770553040995,16.600000381469727,16.499999523162842,16.549999952316284,15.949999809265137,0.0488280302641189,42.80382603084116,24.431011063447073,16.221351468358826,-103.77484641986258,13.575000286102295,12.849999904632568,40.0,0.0,40.0,16.48958976180324,17.79798780265056,0.0,0.0,49.5668196252596,0.022789800829276195,0.01911699842228234,0.01405259823799856,12.080345758867043,26.624050364639995,6.557372435866168,5.729891922499209,-93.44262756413383,0.5385297550874597,-9.71428462437221,2.044786137097996,3.7312178630377244,-1.6864317259397286,-32.52179553223292,-16.039385262277346,-16.482410269955576,16.232678175178762,0.3174615284753157,0.316958683310542,232.63158296283925
2023-07-17 00:00:00+05:30,15.899999618530273,16.299999237060547,15.800000190734863,16.100000381469727,7032476,0.0,0.0,-814948280.2199363,1417915440,-0.04279553565216366,4337984.104916631,1.9552081941703534,-1.4999166991171609,180536378.1438743,16.603796094022734,32.73670503069262,291.4908818606406,16.735000085830688,18.21894714341315,15.251053028248226,17.73465252430923,0.2860436795516626,0.0,0.0,16.333333460489907,16.96833340326945,15.698333517710367,7.775509442889875,0.3162731495700382,0.0,0.0,15.199999809265137,19.299999237060547,17.249999523162842,24.499548292604,0.2195123653196519,0.7290809788229068,9.990454242188067,0.29273995476840753,0.5267708571445141,-0.23403090237610658,16.27083357175191,16.176923128274773,16.182607620849407,15.889867666080999,0.8134716915384584,1.238342073370855,-0.42487038183239656,0.5486606001188984,25.92714890835644,-0.3849997043609612,151.06503361173495,210.678912803732,-59.61387919199706,16.425000190734863,16.574999809265137,16.5,15.949999809265137,0.02441401513205945,41.63639194343666,26.579229308728365,15.45664306874337,-85.49473903306391,13.825000286102295,12.974999904632568,36.0,4.0,32.0,16.48958976180324,17.578189060532477,0.0,0.0,52.786786276951354,0.20866462840383568,0.0771514764110373,0.03592962432639201,11.158780477662637,28.472619829607655,19.230766409247998,10.235386785003067,-80.769233590752,0.3736766450545357,-5.014751287375873,1.842305807198755,3.353435451869931,-1.511129644671176,-34.67475862708558,-19.76645993523899,-14.90829869184659,16.22413428905391,1.8987353614766667,1.8809343579441418,238.94737645199427
2023-07-18 00:00:00+05:30,16.149999618530273,16.200000762939453,15.800000190734863,15.949999809265137,4452692,0.0,0.0,-816061466.4899735,1413462748,-0.2054105457542376,3622856.897378427,-0.44916027055120106,-1.2488106703174569,180494893.27853107,16.51599967877873,33.811152426674425,288.7751180075018,16.682500076293945,18.199165484893307,15.165834667694583,18.182711244276437,0.2585161951754176,0.0,0.0,16.241666793823242,16.806666755676268,15.676666831970214,6.957413534279598,0.24188760685794897,0.0,0.0,15.600000381469727,19.299999237060547,17.449999809265137,22.17892305511551,0.0945944692027538,0.6961729381610751,10.054303712279987,0.252499904773142,0.4719166666702397,-0.2194167618970977,16.237500190734863,16.250000036679783,16.146821803682595,15.894321898909453,0.8306012734418889,1.2131148463646246,-0.3825135729227357,0.49046784675961863,25.56582710375451,-0.032500457763671164,131.4778392889105,196.75417034448049,-65.27633105556998,16.324999809265137,16.574999809265137,16.449999809265137,15.949999809265137,0.012207007566029725,40.55234600513247,25.54185065441991,14.853375329090984,-87.4753222655268,13.825000286102295,12.974999904632568,32.0,0.0,32.0,16.48958976180324,17.380370192626202,0.0,0.0,51.03235369092642,0.15564314987681496,0.12903252636997561,0.07510033373443158,9.909007562794365,29.525704082359137,16.279046041629886,14.022394962248002,-83.72095395837012,0.2530883957357979,-2.4464866230702387,1.5886170317870973,3.000471767853364,-1.4118547360662668,-37.808674600878476,-23.37490286836689,-14.433771732511588,16.203239324723196,-0.931680550624292,-0.9360478411634343,235.7894696687397
2023-07-19 00:00:00+05:30,15.949999809265137,16.149999618530273,15.75,16.0,6347044,0.0,0.0,-814474697.9237002,1419809792,-0.15560713288454808,3150642.1135533047,-0.31511122272143705,-0.9267905513745008,180514790.04432404,16.443629391271607,34.514098966529545,288.7751180075018,16.670000076293945,18.20473098732404,15.13526916526385,18.413088230426634,0.2817206679429399,0.0,0.0,16.155000114440917,16.689999961853026,15.620000267028809,6.62333449238262,0.3551400386461032,0.0,0.0,15.600000381469727,19.299999237060547,17.449999809265137,22.195553921157508,0.10810803844597433,0.6665556061979949,9.944683306532461,0.2220839274876294,0.42195011883371764,-0.19986619134608824,16.18333355585734,16.32115389750554,16.12423383388527,15.902149906397641,0.8670520613588569,1.1791908916491423,-0.31213883029028533,0.43657713719204877,25.307924175683738,-0.06999969482421875,113.85986975381748,181.52304710854705,-67.66317735472957,16.25,16.624999523162842,16.43749976158142,15.949999809265137,0.006103503783014863,39.429754709236775,24.511583305477895,14.758450948497181,-83.45505079673327,13.825000286102295,12.974999904632568,28.000000000000004,0.0,28.000000000000004,16.48958976180324,17.202333211510556,0.0,0.0,51.60969581210238,0.25351197907912143,0.20593991911992404,0.13737464063364546,8.994018869532109,33.60746637946663,19.999980926513672,18.503264459130502,-80.00001907348633,0.11352947179008943,-3.9039017022370968,1.396565425397494,2.67969049936219,-1.2831250739646962,-39.35175820885342,-26.570273936464197,-12.781484272389221,16.18510768195807,0.31348082340301175,0.3129904967226427,236.84210526315786
2023-07-20 00:00:00+05:30,15.399999618530273,15.550000190734863,15.199999809265137,15.300000190734863,14196660,0.0,0.0,-820558958.6763936,1405613132,-0.4165890521710522,1280884.7698739765,-1.4175880283659528,-0.5569395100868737,179893686.33856142,16.31697223295378,33.19390783054112,288.7751180075018,16.540000104904173,18.07642425257043,15.003575957237917,18.57828461815669,0.09646562570212083,0.0,0.0,16.010000133514403,16.535000133514405,15.485000133514404,6.558400944682016,-0.17619042169480084,0.0,1.0,15.199999809265137,19.299999237060547,17.249999523162842,24.78838816076999,0.024390340347802745,0.6799000646516817,9.823822585160922,0.13988243426002356,0.36553658191897886,-0.2256541476589553,16.075000206629436,16.369230820582462,15.997428658015977,15.857546223755953,0.8654971236402473,1.1286550125065182,-0.2631578888662709,0.37826910421781174,25.04301551699794,0.16000065803527974,92.12347323010162,164.69137363825493,-72.5679004081533,15.950000286102295,16.649999618530273,16.299999952316284,15.949999809265137,0.0030517518915074314,37.21015795815218,22.552273542270925,19.07421392744877,-134.3341714388056,13.962500095367432,12.974999904632568,24.0,0.0,24.0,16.48958976180324,17.042099928506474,0.0,0.0,43.82020053098305,0.0,0.13638504298531215,0.1571191628250704,5.924050245934233,32.86224336311023,4.166681567824308,13.481902845322606,-95.83331843217569,-0.04867645151474953,-7.831326270245327,0.8821190383822924,2.3201762071662104,-1.438057168783918,-35.81055862905011,-28.41833087498138,-7.392227754068728,16.02831183587814,-4.3749988079071045,-4.473588137506068,222.10526717336558
2023-07-21 00:00:00+05:30,15.300000190734863,15.5,15.199999809265137,15.25,5581772,0.0,0.0,-824280134.0950723,1400031360,-0.4393572058238236,1058031.2792293343,-0.1343665305322264,-0.5534906979028923,179875445.18423727,16.253609976528043,27.8702927730848,287.83140488332805,16.390000104904175,17.810774290838385,14.969225918969967,17.337085745461206,0.09881024156045409,0.0,0.0,15.886666806538898,16.381666787465413,15.391666825612385,6.231640493936386,-0.1430978091627602,0.0,1.0,15.199999809265137,18.649999618530273,16.924999713897705,21.04941907982561,0.014492809709897785,0.6419100772599998,9.835934155452504,0.06989683393179646,0.3064086323215424,-0.23651179838974595,15.954166809717814,16.41153852756207,15.882439633705827,15.81254279977403,0.8484848484848485,1.121212236809008,-0.27272738832415955,0.31827112183974865,24.804163424419453,0.3599998950958252,74.20247419121053,146.96504335021154,-72.76256915900102,15.900000095367432,16.674999713897705,16.28749990463257,15.949999809265137,0.0015258759457537157,35.14910383214505,21.84702819390484,18.477733017403974,-129.56325076871437,14.050000190734863,12.974999904632568,20.0,0.0,20.0,16.48958976180324,16.821047914197514,0.0,0.0,43.3172819976512,0.0,0.08450399302637383,0.14227631837720317,3.2359231072931123,33.1126311225007,2.083340783912154,8.750001092750031,-97.91665921608785,-0.17558824595283085,-8.682638902372307,0.4420341169466768,1.9445477891223037,-1.502513672175627,-37.784360413198165,-30.291536782624735,-7.4928236305734295,15.908125788094871,-0.32679862818002503,-0.32733378112999034,221.0526315789474
2023-07-24 00:00:00+05:30,15.100000381469727,15.350000381469727,14.800000190734863,14.899999618530273,7667837,0.0,0.0,-829159683.6531935,1392363523,-0.4616225905817665,523491.685761189,-1.9725229245700584,-0.8512143872146066,179699461.84816858,16.071161130769582,14.165091783105524,287.83140488332805,16.25750012397766,17.714646307513515,14.800353940441806,17.925833276012185,0.03419206638783195,0.0,0.0,15.755000082651772,16.2450000445048,15.265000120798746,6.220247023579238,-0.37244952110624113,0.0,1.0,14.800000190734863,18.649999618530273,16.72499990463257,23.68137412539318,0.025973881209814077,0.6327190886074862,9.980996810644493,-0.013651992584277295,0.2423965073403785,-0.2560484999246558,15.800000111262003,16.442307728987473,15.731295015986511,15.744947008570788,0.7727272670975541,1.2337662643275635,-0.4610389972300094,0.25481788774168745,24.445741793527848,0.1925006389617927,56.294330488586716,129.4588537531988,-73.16452326461209,15.700000286102295,16.72499942779541,16.212499856948853,15.949999809265137,0.0007629379728768578,32.81712074448951,20.576601696273656,21.632392404668842,-147.770602784442,14.050000190734863,12.974999904632568,16.0,0.0,16.0,16.48958976180324,16.62652214160563,0.0,0.0,39.86799585137268,0.0,0.0,0.07362967867056182,-0.11906980074839908,33.34155673065864,4.081609615529088,3.443877322421836,-95.91839038447091,-0.4073528373942654,-11.04477839683419,-0.08670713579947782,1.5382968041379477,-1.6250039399374254,-37.98689742867787,-31.830608911835363,-6.156288516842508,15.74288061687924,-2.2950844686539407,-2.3218315704002457,213.6842024953742
2023-07-25 00:00:00+05:30,15.0,15.25,14.899999618530273,15.050000190734863,5566360,0.0,0.0,-829954864.9385271,1397929883,-0.4823880562666323,567986.7570948392,-2.998246381298265e-06,-0.7961263339901758,179755499.2445762,15.926652285319488,20.10018304862703,290.729047603886,16.10750017166138,17.404525869590785,14.810474473731974,16.10461814815087,0.09233653480623882,0.0,0.0,15.656666723887124,16.116666666666667,15.196666781107584,5.876090369576902,-0.15942022675751968,0.0,1.0,14.800000190734863,18.200000762939453,16.500000476837158,21.10818274698117,0.07352939939004123,0.6044472178937103,10.090865577060958,-0.06698903902261044,0.1805193980677807,-0.24750843709039114,15.683333396911621,16.428846212533806,15.626480427486259,15.69346946650887,0.7687074909371738,1.2108843961093718,-0.442176905172198,0.19321835373620674,23.774787640285926,0.09250059127807475,41.86115297637062,111.9907247933706,-70.12957181699998,15.549999713897705,17.049999713897705,16.299999713897705,15.949999809265137,0.0003814689864384289,30.65170787738079,19.78801444122798,20.80334253539144,-134.3547565142557,14.275000095367432,13.349999904632568,12.0,96.0,-84.0,16.48958976180324,16.370809068483723,0.0,0.0,41.999607286031775,0.11021036158554093,0.03673678719518031,0.04041359340718454,-2.396335844438262,32.91907371003234,11.111115820615904,5.758688740019035,-88.88888417938409,-0.6342647271997794,-8.510641381602122,-0.4268593325750591,1.1452655767953464,-1.5721249093704055,-39.38670298199213,-33.34182772586672,-6.044875256125408,15.679446196360653,1.006715275469161,1.0016816518879423,216.8421092786287
2023-07-26 00:00:00+05:30,15.149999618530273,15.25,15.0,15.0,4125368,0.0,0.0,-834080232.9385271,1393804515,-0.4914685317072758,457378.76510250487,0.30300442733147254,-0.750424447856663,179741793.65093914,15.809734967116535,25.152498952793266,289.76316669703334,15.982500171661377,17.197932536192884,14.767067807129868,15.209539827649682,0.09582277042619176,0.0,0.0,15.550000031789144,15.959999974568685,15.140000089009604,5.273311150371324,-0.1707318396930639,0.0,1.0,14.800000190734863,17.75,16.27500009536743,18.457686704710888,0.06779654989705165,0.5690024961043393,10.126697848838214,-0.1120025346209772,0.12201501153002912,-0.23401754615100634,15.583333333333334,16.351923135610726,15.530098823257605,15.642101357878582,0.7692307076703019,1.1888110936722847,-0.4195803860019828,0.1345198720711787,23.209792522233055,-0.08250055313110316,25.996718324235708,94.78752277909847,-68.79080445486275,15.549999713897705,17.049999713897705,16.299999713897705,15.949999809265137,0.00019073449321921446,28.640967357922694,19.22136241691761,20.207615450437387,-124.99345182662438,15.33750033378601,14.5,8.0,92.0,-84.0,16.48958976180324,16.150895825598884,0.0,0.0,41.471868043751144,0.09881481607269349,0.06967505921941147,0.035470615471530416,-4.447517856688251,28.51946893539793,9.523803036227372,8.238842824124108,-90.47619696377262,-0.8382352716782506,-7.4074117680579405,-0.7160325333435075,0.7730059547675756,-1.489038488111083,-41.4912616660183,-34.97171451389704,-6.5195471521212625,15.595616470917298,-0.3322271767520979,-0.3327802766087462,215.78947368421052
2023-07-27 00:00:00+05:30,15.0,15.199999809265137,15.0,15.050000190734863,3693183,0.0,0.0,-835926815.6332843,1397497698,-0.47721363530533956,418418.92071911204,-0.13538495939942743,-0.6735776605156927,179754104.3079004,15.697194737001588,28.310215111559216,290.729047603886,15.887500143051147,17.082437620523418,14.692562665578876,15.042485812280681,0.149563275022597,0.0,0.0,15.471666685740152,15.836666647593182,15.106666723887125,4.718301774034981,-0.07762539599261552,0.0,1.0,14.800000190734863,17.600000381469727,16.200000286102295,17.62391921651389,0.0892857082036081,0.532102227420419,9.959968767196317,-0.14200451698704875,0.06921110582661355,-0.2112156228136623,15.512500047683716,16.30576929679284,15.456237495177184,15.598242012164233,0.8000000847710503,1.1851851851851851,-0.3851851004141348,0.08062955610467792,22.566705010198742,0.1124998569488529,13.207664122195856,77.7876173319071,-64.57995320971125,15.549999713897705,17.049999713897705,16.299999713897705,15.949999809265137,9.536724660960723e-05,26.773851161283034,18.758567944856953,19.72107487536562,-113.57709098304255,15.375000238418579,14.5,4.0,88.0,-84.0,16.48958976180324,15.96177043671792,0.0,0.0,42.25329085109487,0.174038630651655,0.12768793610329646,0.0780332608392959,-5.988611580962919,27.104968077286408,13.157890774207635,11.264269877016957,-86.84210922579237,-0.9145588173585786,-5.345908479172532,-0.9103879583116292,0.43632717215173467,-1.3467151304633638,-43.53900239876787,-36.685172090871205,-6.853830307896665,15.550874594535872,0.3333346048990826,0.3327802766087462,216.8421092786287
2023-07-28 00:00:00+05:30,15.100000381469727,15.199999809265137,14.699999809265137,14.850000381469727,4675365,0.0,0.0,-837796950.9322231,1392822333,-0.4598934903783454,225063.0594385395,-1.6041538507414035,-0.6971004164176048,179691973.27159512,15.592911872031317,30.02693265712925,290.729047603886,15.812500143051148,17.06863525999385,14.556365026108447,15.8878748531707,0.11688048180515681,0.0,0.0,15.385000006357831,15.765000025431315,15.004999987284345,4.939876748995131,-0.20394683951929501,0.0,1.0,14.699999809265137,17.600000381469727,16.15000009536743,18.339924401385723,0.05172432503713574,0.528892004678377,9.720800862980596,-0.17984645927236542,0.01939959280681776,-0.19924605207918317,15.416666746139526,16.18846163382897,15.362970246914497,15.542816706186862,0.7819547599823893,1.1578949179911746,-0.37594015800878533,0.0296094512093719,22.069431298901094,-0.06250014305114782,0.9929938480157108,61.11294624704939,-60.119952399033686,15.450000286102295,16.999999523162842,16.22499990463257,15.949999809265137,4.7683623304803615e-05,25.67939755355957,17.61660671263016,22.173128500443806,-117.46942519581435,15.6875,14.774999618530273,0.0,100.0,-100.0,16.48958976180324,15.799122602280292,0.0,0.0,39.95534941335666,0.006761744645305014,0.09320506378988451,0.09685601970419731,-7.945257795446545,24.345593707132775,7.894764580546555,10.19215279699384,-92.10523541945345,-1.0151470661163327,-7.187497615814209,-1.1571033916959017,0.11764105938220742,-1.2747444510781092,-44.36863014291667,-38.2218637012803,-6.146766441636373,15.468147418686465,-1.328902370302032,-1.3378112931392128,212.63158697831003
2023-07-31 00:00:00+05:30,14.800000190734863,15.0,14.550000190734863,14.600000381469727,10250914,0.0,0.0,-845769874.3879884,1382571419,-0.4963344389080359,-173192.87762410898,-0.7682225982524171,-0.6163916540699518,179519398.96626392,15.450423086357238,30.033114780436208,290.729047603886,15.71000018119812,17.009846527263154,14.410153835133087,16.548011853248756,0.07302653383276923,0.0,0.0,15.250000031789146,15.625000127156573,14.874999936421712,4.918034027353835,-0.366665980021335,0.0,1.0,14.550000190734863,17.600000381469727,16.075000286102295,19.414386731740034,0.016393504133787054,0.521002785137053,9.426058107376702,-0.22738819229621754,-0.029957964213789302,-0.19743022808242824,15.320833444595337,16.048077033116268,15.245590267615302,15.47297845991152,0.7984495470711548,1.1550389350546197,-0.35658938798346496,-0.020485492207087157,21.730250388841185,0.09000000953674281,-13.857385854401722,44.96458789779249,-58.82197375219421,15.349999904632568,16.59999990463257,15.974999904632568,15.949999809265137,2.3841811652401808e-05,24.96102942299545,16.635076886705157,22.794928416160186,-123.74098589728018,16.262499809265137,15.34999942779541,4.0,100.0,-96.0,16.48958976180324,15.623262955397868,0.0,0.0,37.229740521398995,0.0,0.06026679176565334,0.09371993055294459,-10.41302605089394,24.873371781818378,2.4390334674524943,7.830562940735547,-97.56096653254751,-1.0913235664367669,-7.301584879557292,-1.4695825557138262,-0.1998036636369993,-1.269778892076827,-40.114848391045065,-38.600460639233255,-1.5143877518118103,15.236882829076098,-1.683501640255558,-1.6978336094551683,207.3684290835732
2023-08-01 00:00:00+05:30,14.699999809265137,15.800000190734863,14.649999618530273,15.399999618530273,31275301,0.0,0.0,-836251324.8161871,1413846720,-0.3218120753283068,3425865.6675849003,1.6546604560156384,-0.5533496195815675,181233112.41044948,15.345713828856512,43.201548729806504,290.729047603886,15.650000143051148,16.889355016984457,14.410645269117838,15.83840080006137,0.39914086361420703,0.0,0.0,15.179999987284344,15.630000082651772,14.729999891916913,5.928855016394942,0.7444439829132689,0.0,0.0,14.550000190734863,17.25,15.900000095367432,17.252394789682988,0.31481462512649433,0.5889024875498614,8.907513415345878,-0.1982270674377542,-0.0636117848585823,-0.1346152825791719,15.287500063578287,15.965384740095873,15.269345552371451,15.467572619809205,0.8115941387994454,1.0434784351390078,-0.23188429633956242,-0.05792214916676101,21.73934836314386,0.4500002384185784,-21.396579605485794,29.93609352453657,-51.332673130022364,15.175000190734863,16.59999990463257,15.887500047683716,15.949999809265137,1.1920905826200904e-05,23.820734763553016,23.536192078471323,19.65070805085844,-51.22063302544266,16.28749966621399,15.34999942779541,0.0,96.0,-96.0,14.550000190734863,15.623262955397868,1.0,0.0,49.17733083379407,0.7679858052825322,0.2582491833092791,0.1372403462882721,-9.225871121870847,35.69074939022912,48.57142234334801,19.635073463782337,-51.42857765665199,-1.0929411888122562,-2.53164916060666,-1.2815654550985347,-0.4161560219293064,-0.8654094331692284,-20.846177521213985,-35.049604015629406,14.203426494415421,15.242739824112405,5.4794466860145,5.334592980646802,224.21051828484786
2023-08-02 00:00:00+05:30,15.149999618530273,15.75,15.100000381469727,15.449999809265137,12424877,0.0,0.0,-835295579.0697883,1426271597,-0.2746072646378221,3025205.7464809455,1.0462889063001368,-0.2100639578158899,181273453.07507583,15.332495204570087,51.158620234960324,291.6729767072911,15.587500095367432,16.731123829840502,14.443876360894363,14.673600352540841,0.43988394873351866,0.0,0.0,15.126666673024497,15.601666768391928,14.651666577657064,6.280300949772408,0.8403506013935951,0.0,0.0,14.550000190734863,17.049999237060547,15.799999713897705,16.03848616539016,0.3599999847412051,0.5950122006479026,8.301223984067912,-0.16913241516879296,-0.08471591092062443,-0.08441650424816853,15.233333349227905,15.86538476210374,15.29713851497048,15.466270930139274,0.9130435443630719,1.0000001382136958,-0.08695659385062393,-0.08457946061384344,21.82163067678134,0.3624997138977051,-30.320309454226734,16.331228781833417,-46.65153823606015,15.175000190734863,16.375000476837158,15.77500033378601,15.949999809265137,5.960452913100452e-06,22.761889722642188,21.783449992833678,18.18731826807268,-26.90437277300184,16.299999713897705,15.34999942779541,0.0,92.0,-92.0,14.550000190734863,15.623262955397868,0.0,0.0,49.82019926843353,0.8093091030821811,0.5257649694549045,0.28142698150994544,-8.072269466084519,40.013156505842154,51.42857765665199,34.14634448915081,-48.57142234334801,-1.0652941030614507,-4.03727053915295,-1.0935565265393288,-0.5516361228513109,-0.5419204036880179,-18.98582347349174,-31.836847907201875,12.851024433710133,15.25018185818092,0.32467657125587746,0.3241506349634271,225.26315387926604
2023-08-03 00:00:00+05:30,15.550000190734863,15.699999809265137,15.149999618530273,15.300000190734863,9640942,0.0,0.0,-839677807.1967657,1416630655,-0.28109959682436986,2386442.4080875977,-2.720279076061125e-06,-0.13123957998871277,181179851.93332013,15.31945904977581,49.17538252579573,288.84120740102577,15.515000104904175,16.531415514547323,14.498584695261025,13.102357754053354,0.3942361990336242,0.0,0.0,15.129999987284345,15.625000063578288,14.634999910990398,6.543292487904242,0.6717173507560932,0.0,0.0,14.550000190734863,16.899999618530273,15.724999904632568,15.146628500844114,0.31914901388022576,0.5905109996565987,7.718481815609586,-0.15637580629189252,-0.09904788999487804,-0.057327916297014475,15.179166714350382,15.780769384824312,15.297578772780387,15.45395457907228,0.9225351781604803,0.9647888638769497,-0.04225368571646948,-0.10458412487195004,21.914534237330127,0.4849998950958252,-34.752105946383736,4.225164322100723,-38.97727026848446,15.175000190734863,16.15000009536743,15.662500143051147,15.949999809265137,2.980226456550226e-06,21.778676470367845,20.399155696374347,17.031550887117586,-26.93604975607544,16.31249976158142,15.34999942779541,0.0,88.0,-88.0,14.575000190734864,15.623262955397868,0.0,0.0,47.86415705208618,0.6835755771234218,0.7536234951627118,0.5125458826422983,-7.647568460654504,38.17152659103059,42.857166212444966,47.619055404148305,-57.142833787555034,-1.033382362477921,-4.075232766790991,-1.0118821398870705,-0.6436853262584629,-0.3681968136286077,-19.149385115981442,-29.29935534895779,10.149970232976347,15.25038921856616,-0.9708713293337445,-0.9756150133735542,222.10526717336558
2023-08-04 00:00:00+05:30,15.350000381469727,15.5,15.199999809265137,15.300000190734863,5096314,0.0,0.0,-841376567.7296085,1421726969,-0.26835269421734764,2045522.064075084,-0.4414947172528887,-0.3024326450903729,181179851.93332013,15.277985175885155,44.00519157943305,288.84120740102577,15.457500076293945,16.381770068402652,14.533230084185236,11.958854763665105,0.41479768525225663,0.0,0.0,15.131666660308838,15.626666736602782,14.636666584014893,6.542571778855742,0.6700338429100204,0.0,0.0,14.550000190734863,16.700000762939453,15.625000476837158,13.909109245303455,0.348837116462233,0.5614599187644251,7.508043833958339,-0.1445992516870067,-0.10815816233330378,-0.03644108935370294,15.120833396911621,15.717307824354906,15.297951298619537,15.442550550306544,0.8985507606934179,1.043478284906723,-0.14492752421330513,-0.11908364144570549,21.935086926260265,-0.15749988555908168,-38.507953127499235,-6.308422746353271,-32.19953038114596,15.175000190734863,16.075000286102295,15.625000238418579,15.949999809265137,1.490113228275113e-06,20.865692736113097,19.665079979897282,16.418660427028662,-28.406036065911476,16.337499618530273,15.34999942779541,8.0,84.0,-76.0,14.599500190734863,15.623262955397868,0.0,0.0,47.86415705208618,0.7395305698594428,0.7441384166883486,0.6745089604353214,-7.298451461063619,38.691710972816466,45.45452969133908,46.58009118681199,-54.54547030866092,-0.9688235226799478,-4.3749988079071045,-0.9363689710190803,-0.7022220552105863,-0.234146915808494,-22.32950798830426,-27.905385876827086,5.575877888522825,15.250700432198348,0.0,0.0,222.10526717336558
2023-08-07 00:00:00+05:30,15.350000381469727,15.399999618530273,15.100000381469727,15.199999809265137,4774428,0.0,0.0,-842968053.8479662,1416952541,-0.24762020379366487,1685098.25187868,-0.6283453242126168,-0.3152315774947598,181148646.40290526,15.251221819470027,43.96815719346717,286.9533491942154,15.40750002861023,16.271950618759437,14.543049438461022,11.221166166399568,0.37998144618694896,0.0,0.0,15.153333314259848,15.623333295186361,14.683333333333334,6.203255365395104,0.5496452094671316,0.0,0.0,14.550000190734863,16.600000381469727,15.575000286102295,13.305209715581451,0.31707295514800327,0.5353138505940374,7.461250088586279,-0.14170199002905903,-0.11486692787245484,-0.026835062156604195,15.112500031789144,15.673077033116268,15.282881838718861,15.42458382874792,0.8823530401738156,1.044117960550416,-0.1617649203766005,-0.1302909996097787,21.961376309773456,-0.1575000286102295,-41.85718559517146,-15.610460365413502,-26.246725229757956,15.175000190734863,16.075000286102295,15.625000238418579,15.949999809265137,7.450566141375565e-07,19.748837933933157,18.931419465403096,17.049705401061967,-39.92468182361926,16.59999966621399,15.34999942779541,4.0,80.0,-76.0,14.623510190734864,15.623262955397868,0.0,0.0,46.453970804736414,0.6414644619445282,0.6881902029757976,0.7286507049422858,-7.370462950766808,38.797190164329834,40.62499068677092,42.97889553018498,-59.37500931322908,-0.8400000095367428,-0.653597256360057,-0.9186762612353839,-0.7455128964155459,-0.17316336481983807,-25.216744136551295,-27.36765752877193,2.150913392220634,15.249322204948909,-0.6535972563600612,-0.6557425560836272,219.99999598452916
2023-08-08 00:00:00+05:30,15.25,16.149999618530273,15.149999618530273,15.550000190734863,21681851,0.0,0.0,-847304399.2350569,1438634392,-0.2183165020594961,2528463.661748836,1.8448591798286662,-0.16094797731260954,181647900.10133913,15.275271085639586,55.162871514463234,286.9533491942154,15.390000057220458,16.227615671235366,14.552384443205549,10.88519312411475,0.5955092830394385,0.0,0.0,15.20833330154419,15.74333324432373,14.673333358764648,7.035615700574105,0.8193148838629553,0.0,0.0,14.550000190734863,16.600000381469727,15.575000286102295,13.320339071558832,0.48780483266273755,0.5817824655346336,7.364657550442707,-0.10989695983759518,-0.11387293426548291,0.003975974427887732,15.137500047683716,15.630769362816444,15.323976969798247,15.433873929635842,0.9054054263040402,0.932432557824241,-0.027027131520200753,-0.1342157486681192,22.12593097560115,-0.49000043869018484,-43.48542165704977,-23.33069814111189,-20.15472351593788,15.349999904632568,16.075000286102295,15.712500095367432,15.949999809265137,3.7252830706877824e-07,20.1890639619194,25.553568043064605,15.03599859245956,36.04040012835806,16.812499523162842,15.34999942779541,0.0,76.0,-76.0,14.647039990734864,15.623262955397868,0.0,0.0,51.80591241984562,1.0,0.7936650106013237,0.7419978767551564,-5.934460912777973,39.24707030374311,62.500022351749784,49.526514243286584,-37.499977648250216,-0.7277941787944116,1.9672143654745133,-0.7120503921350105,-0.7388203955594389,0.026770003424428368,-14.92475708379227,-24.879077439775998,9.954320355983727,15.263227996868713,2.302634117510882,2.2765235587266286,227.36842506810237
2023-08-09 00:00:00+05:30,15.550000190734863,15.899999618530273,15.399999618530273,15.5,8637393,0.0,0.0,-852486821.8554411,1429996999,-0.21599538183412678,2105558.667577292,0.0,-0.05969168957218433,181620127.02788866,15.288180128289094,57.44600510118589,286.030666106387,15.36500005722046,16.156896469818513,14.573103644622405,10.30779576503703,0.5852383851169582,0.0,0.0,15.25999994277954,15.819999885559081,14.7,7.339448818864669,0.7142857872710017,0.0,0.0,14.550000190734863,16.299999237060547,15.424999713897705,11.389515390878948,0.5428573296995597,0.5736042189811703,6.992338681007452,-0.08771472108709233,-0.10864129162980479,0.020926570542712464,15.18750007947286,15.58846165583684,15.351057435983133,15.438772157070225,1.0211268428582347,0.9436621553390521,0.07746468751918267,-0.1334407165617576,22.27872628996753,-0.3149998664855964,-45.63721189446098,-29.869017698518203,-15.76819419594278,15.349999904632568,15.900000095367432,15.625,15.949999809265137,1.8626415353438912e-07,20.597845273620916,24.025619787932207,14.136937147310135,42.253468252382426,16.862499713897705,15.34999942779541,0.0,72.0,-72.0,14.707158375846682,15.623262955397868,0.0,0.0,51.02135646344534,0.9461754456611557,0.8625466358685614,0.7814672831485607,-4.940807615810416,40.1312514507894,59.37500931322908,54.16667411724992,-40.62499068677092,-0.636470769433414,4.02684830087875,-0.568145706113832,-0.7046854576703176,0.13653975155648568,-15.870131155606288,-23.077288182942056,7.207157027335768,15.27417825715921,-0.3215446310068537,-0.32206269659496023,226.3157894736842
2023-08-10 00:00:00+05:30,15.5,16.75,15.5,16.399999618530273,39319168,0.0,0.0,-835186411.9339567,1469316167,-0.0859479740215446,6860084.029484498,1.5100789437791722,0.05776870145005843,183903174.5247227,15.503476335557655,69.95503370314694,286.030666106387,15.397500038146973,16.296096032150405,14.498904044143538,11.671972616037428,1.0578144055132919,1.0,0.0,15.373333263397218,16.038333225250245,14.70833330154419,8.651343862249362,1.2719296346064761,1.0,0.0,14.550000190734863,16.75,15.650000095367432,14.28803249757873,0.8409089037209341,0.6412437970830533,6.569970474314867,0.0024589651225497278,-0.0864212402793339,0.08888020540188363,15.300000031789144,15.57692315028264,15.512433156375,15.50997419125245,1.0310560220333145,0.8385093962399877,0.19254662579332682,-0.11805729578681166,22.674277956186415,-0.39750003814697266,-40.2067203626309,-34.44676372192338,-5.7599566407075145,15.650000095367432,15.799999713897705,15.724999904632568,15.949999809265137,50.00000009313208,22.15705747256544,30.123174583396345,12.176689187974944,161.08855833551485,16.862499713897705,15.499999523162842,0.0,68.0,-68.0,14.764872025554025,15.623262955397868,0.0,0.0,62.13661130792816,1.0,0.9820584818870519,0.8794233761189788,-0.3156089836449494,43.26141020555004,84.09089037209341,68.65530734569074,-15.909109627906593,-0.42514720524058447,8.970095752068506,0.01585408906699904,-0.5605775483228543,0.5764316373898534,2.3306301020475586,-17.995704525944134,20.32633462799169,15.411890698630126,5.806449151808213,5.644128764460232,245.26314986379526
2023-08-11 00:00:00+05:30,16.5,16.5,15.800000190734863,15.899999618530273,13735746,0.0,0.0,-844997680.4636412,1455580421,-0.13009103526442714,4898947.310986713,0.12740525333543862,0.20776357130045106,183484401.77107945,15.569049795351818,67.1869624895415,277.31021876615654,15.402500009536743,16.31105636589217,14.493943653181317,11.79751801062006,0.7737857731738261,0.0,0.0,15.488333257039386,16.17333319981893,14.803333314259845,8.845366785586345,0.8004864203495082,0.0,0.0,14.550000190734863,16.75,15.650000095367432,14.28339430548915,0.6136361567441903,0.6471193983012616,5.9257977252447676,0.033193802293949304,-0.06249823176467727,0.09569203405862657,15.375,15.544230827918419,15.57205876593735,15.5388649636434,1.1158537677467766,0.8536586557237563,0.26219511202302026,-0.09950140571595704,23.026492770614134,-0.3524998188018795,-35.46649201001957,-36.84777551699203,1.3812835069724585,15.699999809265137,15.724999904632568,15.712499856948853,15.949999809265137,75.00000004656604,23.60489737158536,27.79856189272551,11.237011129198132,121.38728921159908,16.699999809265137,15.499999523162842,0.0,64.0,-64.0,14.883979704020783,15.623262955397868,0.0,0.0,54.70847834270973,0.701763700912765,0.8826463821913069,0.9090838333156399,1.2787512165969237,39.7696690095269,61.36361567441903,68.27650511991384,-38.63638432558097,-0.218088346369127,5.999997456868489,0.21361793394571302,-0.40573845186914087,0.6193563858148539,1.3220546373158921,-14.13215269329213,15.454207330608023,15.446228412634637,-3.0487805587205763,-3.0962226335424337,234.73683407432154
2023-08-14 00:00:00+05:30,16.0,16.0,15.550000190734863,15.600000381469727,7335942,0.0,0.0,-850703406.220577,1448244479,-0.16217009574578964,3884700.9803999797,-2.300317102758259,0.04345542097817412,183345988.11976367,15.591008398140591,63.29682691679864,272.0779636683649,15.377500009536742,16.233931313429387,14.521068705644097,11.138758619561147,0.6298997192896133,0.0,0.0,15.58833325703939,16.27333319981893,14.903333314259848,8.788623279787881,0.5085161499306089,0.0,0.0,14.550000190734863,16.75,15.650000095367432,14.306615561051872,0.47727285534883457,0.6274074393976491,5.427437496935843,0.03296396290723891,-0.04340579283029404,0.07636975573753295,15.420833349227905,15.5115385055542,15.576357476019254,15.543393513112015,1.0722893324381815,0.9036145298172081,0.16867480262097334,-0.08315579762572092,23.277790004254555,-0.5274996280670159,-31.467926008040088,-37.96681400616473,6.498887998124644,15.925000190734863,15.650000095367432,15.787500143051147,16.22499942779541,87.50000002328302,24.230445383007787,26.388729643237586,13.48467223561858,61.08834085796113,16.837499618530273,15.499999523162842,92.0,60.0,32.0,14.995940921779535,15.623262955397868,0.0,0.0,50.785577516020496,0.5442609435286085,0.7486748814804578,0.8711265818529387,1.3088735663391857,38.51121184116198,47.72728553488346,64.39393052713194,-52.27271446511654,-0.04470599398893427,3.6544862708603585,0.2120770015854732,-0.28217536117821806,0.4942523627636913,-3.0396956949540352,-11.913661293624513,8.873965598670477,15.456046959867965,-1.886787699736292,-1.9048146525700194,228.42106066252055
2023-08-16 00:00:00+05:30,15.699999809265137,16.100000381469727,15.649999618530273,15.800000190734863,11118126,0.0,0.0,-854409432.51235,1459362605,-0.16882623466202948,3647404.137397948,0.40474476884439264,0.050722588229096977,183488528.0572644,15.618090291981883,64.78439381226731,272.0779636683649,15.37000002861023,16.208689277328933,14.531310779891527,10.913327874528807,0.7563524945512065,0.0,0.0,15.644999949137368,16.259999910990395,15.029999987284342,7.861936258899591,0.626016464399828,0.0,0.0,14.550000190734863,16.75,15.650000095367432,14.313596650422797,0.5681818674418595,0.6146666954578841,4.986316193012883,0.048362632355811286,-0.02505210779307298,0.07341474014888427,15.5,15.496153868161715,15.610764047513964,15.562401415158153,1.0643276321444302,0.888889000429767,0.17543863171466312,-0.06633148347759012,23.4496513779308,-0.7699996471405033,-30.33245905641998,-37.96816396196398,7.635704905543999,15.925000190734863,15.650000095367432,15.787500143051147,16.399999618530273,93.7500000116415,24.95402732244068,26.023210593091118,12.713163074357588,92.10528878294011,16.77500009536743,15.524999618530273,88.0,56.00000000000001,31.999999999999993,15.101184466472763,15.623262955397868,0.0,0.0,53.195137709525454,0.6410037344699806,0.629009459637118,0.753443574436294,2.1058821131610452,39.14736325744998,56.818186744185944,55.30302931782946,-43.181813255814056,0.05544114112854004,6.397304948561314,0.3107658713179376,-0.16358711467898696,0.47435298599692455,-4.429313991897456,-10.416791833279103,5.987477841381646,15.464541792732813,1.2820500280416924,1.2739013396068977,232.63158296283925
2023-08-17 00:00:00+05:30,15.899999618530273,16.299999237060547,15.699999809265137,16.100000381469727,10330555,0.0,0.0,-850965881.3390354,1469693160,-0.15788293634382633,3569084.756397812,0.7259981905367543,0.1122499560816814,183684677.9580862,15.65101065847874,66.74282577447246,277.2440041753218,15.375000047683717,16.22969283775403,14.520307257613403,11.11795495830356,0.9241291971857901,0.0,0.0,15.704999923706055,16.314999866485596,15.094999980926513,7.768225988448071,0.8237708973904181,0.0,0.0,14.550000190734863,16.75,15.650000095367432,14.308941804501474,0.7045456023255784,0.6131999686916367,4.637121783078298,0.08380761500398926,-0.0032801632336605345,0.0870877782376498,15.625,15.503846205197847,15.68603117581485,15.602223560810861,1.067039271038886,0.8659219907013003,0.2011172803375858,-0.04602135226959332,23.584937929399597,0.024999570846556907,-27.74198610016576,-37.18926175682865,9.447275656662889,15.925000190734863,15.650000095367432,15.787500143051147,16.399999618530273,96.87500000582075,25.906385678768938,26.526482081097136,11.83789574367372,128.3783551576724,16.587499856948853,15.549999713897705,84.0,52.0,32.0,15.200113398484397,15.623262955397868,0.0,0.0,56.62562086229476,0.778736136993411,0.6546669383306667,0.6774504264827472,3.873206673010627,42.048480421355485,70.45456023255784,58.3333441705424,-29.54543976744216,0.16367643580717228,10.273972334300725,0.537151737874686,-0.023439344168252385,0.5605910820429383,-5.991828632566758,-9.531799193136633,3.5399705605698752,15.490432257086798,1.8987353614766667,1.8809343579441418,238.94737645199427
2023-08-18 00:00:00+05:30,16.299999237060547,17.450000762939453,16.200000762939453,16.950000762939453,70136133,0.0,0.0,-836938654.7390354,1539829293,-0.05705867708201442,11575749.76331405,1.4703570122988734,0.33185787487027263,187387518.85201722,15.997802933539635,77.49586153969351,277.2440041753218,15.457500076293945,16.552157648970514,14.362842503617376,14.163449034755192,1.1817203497693645,1.0,0.0,15.85333334604899,16.533333269755044,15.173333422342935,8.578636541135063,1.3063731911273886,1.0,0.0,14.550000190734863,17.450000762939453,16.000000476837158,18.7611228069933,0.8275862409158429,0.6868800099694458,4.146954740530182,0.1784291262557982,0.03306169466423122,0.14536743159156698,15.754166762034098,15.540384696080135,15.880488035372482,15.702058909116683,1.1326532985508138,0.7499999756715693,0.3826533228792445,-0.013509610970209952,23.875474993122086,-0.0075002670288082385,-19.112603606336393,-35.034222921143886,15.921619314807494,16.27500057220459,16.000000476837158,16.137500524520874,16.399999618530273,98.43750000291038,27.98219828111303,34.913027997521965,10.14541192804458,227.27284263077237,16.549999952316284,15.899999618530273,100.0,48.0,52.0,15.293106594575333,15.623262955397868,0.0,0.0,64.55294701419803,1.0,0.8065799571544638,0.6967521183740827,8.328294169523934,46.637066568125235,82.75862409158428,70.01045702277601,-17.241375908415712,0.3000000897575834,10.0649427454798,1.1363422293123706,0.20851697052787221,0.9278252587844984,21.101870173635174,-3.4050653197822722,24.506935493417444,15.663542600026789,5.279505349875846,5.144858315344658,256.84212132504115
2023-08-21 00:00:00+05:30,17.149999618530273,17.399999618530273,16.899999618530273,17.0,23969619,0.0,0.0,-851320389.5642993,1563798912,-0.08852439184801009,10093280.177502327,0.6779391353505041,0.43515514155619556,187458224.61064187,16.144576655182203,82.30325877840706,278.06182058030305,15.545000076293945,16.8236322157353,14.266367936852587,16.450718985730536,1.0689673670887683,1.0,0.0,16.029999987284345,16.72999989191691,15.330000082651775,8.733623271214432,1.1928572463340639,1.0,0.0,14.550000190734863,17.450000762939453,16.000000476837158,18.655519832560678,0.8448273537417404,0.6681920089725012,3.3161839955031307,0.25451795168861757,0.07735294606910849,0.1771650056195091,15.883333444595337,15.588461619157057,16.052720645315176,15.798202693626559,1.2182742035801617,0.7360407231582755,0.4822334804218862,0.026433947811761227,24.12604443509201,-0.24499988555908203,-9.492707894288161,-31.438169843267968,21.945461948979805,16.300000190734863,16.000000476837158,16.15000033378601,16.424999713897705,99.21875000145519,29.909738554718253,33.02949700729725,9.59807476277711,209.28760666843914,16.512500047683716,15.924999713897705,96.0,44.0,52.0,15.465658128044462,15.623262955397868,0.0,0.0,64.9586454020369,1.0,0.9262453789978036,0.7958307581609777,11.894441062581574,46.76631048999049,83.92855074941741,79.04724502451982,-16.071449250582592,0.4860294229844033,10.032363817929312,1.6110563753641247,0.48902485149512276,1.122031523869002,20.01980720536419,1.2799091852470204,18.73989802011717,15.826198544602153,0.2949807363423096,0.2945465218580523,257.89473684210526
2023-08-22 00:00:00+05:30,17.049999237060547,17.299999237060547,16.649999618530273,17.049999237060547,19817055,0.0,0.0,-846747231.972123,1583615967,-0.05537560256969076,8792931.242257265,-0.5740008150574656,0.27596505076525957,187516509.17715874,16.314671701339392,73.7069459894702,278.8796369852843,15.65250005722046,17.05195514442195,14.25304497001897,17.881553516505818,0.9993011896632875,0.0,0.0,16.20666659673055,16.94166653951009,15.471666653951008,9.070340756288735,1.0736957183566402,1.0,0.0,14.550000190734863,17.450000762939453,16.000000476837158,18.52739537839405,0.862068466567638,0.6663727699282784,3.105932527268586,0.31521975745775244,0.1249263083468373,0.19029344911091514,16.02916669845581,15.6365385055542,16.20614812096831,15.89092836351056,1.1989248089190099,0.8225807559767447,0.37634405294226514,0.07018167570992047,24.353294490642554,-0.35249986648559606,4.962396836983951,-26.055078899486443,31.017475736470395,16.425000190734863,16.000000476837158,16.21250033378601,16.499999523162842,99.6093750007276,30.99339125281607,30.71000479595024,11.625009401926883,162.66166160218404,16.549999952316284,15.949999809265137,92.0,40.0,52.0,15.624405538836061,15.623262955397868,0.0,0.0,65.38529220986632,1.0,1.0,0.9109417787174223,14.849586268225965,44.07468911549248,82.97866123627014,83.2219453590906,-17.021338763729865,0.7282351942623375,11.437902120977887,1.9836459535087563,0.7879490718978495,1.1956968816109068,17.446140626315756,4.513155473460768,12.93298515285499,16.001349735147503,0.2941131591796875,0.29368149261266296,258.9473523591694
2023-08-23 00:00:00+05:30,17.100000381469727,18.649999618530273,17.0,18.450000762939453,93478809,0.0,0.0,-775929827.9955325,1677094776,0.13322505612826185,26232580.38441235,1.5003403660990542,0.3083972978937536,195192197.21782902,16.82078525053231,80.59420988824105,278.8796369852843,15.822500085830688,17.648828458292993,13.996171713368383,23.0852060364065,1.2193396096580098,1.0,0.0,16.44833329518636,17.24833319981893,15.648333390553793,9.72742818710623,1.7510423164815478,1.0,0.0,14.550000190734863,18.649999618530273,16.59999990463257,25.912462667432866,0.9512197845114431,0.7647354547884779,2.9124839998201586,0.47086693774632593,0.19411443422673502,0.2767525035195909,16.291666746139526,15.726923135610727,16.5513562197331,16.080489281986775,1.1699029409376436,0.7038835198661967,0.4660194210714469,0.13191234484564762,24.810914313298262,-0.6225002765655514,25.18205260129435,-18.186271733291406,43.36832433458576,17.074999809265137,16.59999990463257,16.837499856948853,16.574999809265137,99.8046875003638,33.06121023513182,38.94132904260964,9.752723035420576,224.7706600393595,16.5,15.949999809265137,100.0,36.0,64.0,15.770453156764333,15.623262955397868,0.0,0.0,74.68102371337895,1.0,1.0,0.9754151263326009,21.39037235215931,55.93282267562119,94.36622820920878,87.0911467316321,-5.6337717907912115,1.0910292681525728,20.58823877735713,2.928187877179751,1.2159968329542297,1.7121910442255213,36.19143010869937,10.848810400508489,25.34261970819088,16.484356013375844,8.211153011877027,7.891425285592435,288.42106869346213
2023-08-24 00:00:00+05:30,18.649999618530273,18.850000381469727,17.299999237060547,17.549999237060547,46593443,0.0,0.0,-807493139.1894814,1630501333,0.059348156781918446,16494473.215788895,0.8316627000548015,0.36780197077474497,192919342.5803276,16.991366398675193,71.94449984842284,265.27572975252804,15.950000047683716,17.881838485087936,14.018161610279495,24.22367939346514,0.9141130951734048,0.0,0.0,16.678333282470703,17.58333330154419,15.773333263397216,10.852403579495105,0.9815833901761849,0.0,0.0,14.550000190734863,18.850000381469727,16.700000286102295,26.959248764135996,0.6976741658732318,0.8432620237505482,2.9014885988071173,0.515651735762745,0.25842189453393705,0.257229841228808,16.487500031789143,15.78846157514132,16.704993607014245,16.1893418712515,1.1769911623923488,0.707964565173432,0.4690265972189168,0.19136432349392088,25.351110167345855,-0.39999985694885254,39.44839667739715,-9.335703173288291,48.784099850685436,17.200000286102295,16.700000286102295,16.950000286102295,16.574999809265137,99.9023437501819,35.099749255981656,35.29324007689369,8.386308008625939,172.47280852489985,16.449999809265137,15.949999809265137,100.0,32.0,68.0,16.058407802940927,15.623262955397868,0.0,0.0,62.9731565915041,0.5852253099263457,0.8617417699754485,0.9539139233251492,22.371023530284408,50.57589076628345,65.3333028157552,80.8927307537447,-34.66669718424479,1.46926461949068,15.460522745289587,3.185130932829471,1.6098236529292782,1.5753072799001928,35.61631040795392,15.802310401997575,19.814000005956345,16.574603812674088,-4.878056849118084,-5.001050539872676,269.4736681486431
2023-08-25 00:00:00+05:30,17.399999618530273,17.950000762939453,17.149999618530273,17.600000381469727,31900749,0.0,0.0,-803505536.057331,1662402082,0.06808436486620255,14365987.60746334,-1.3165844339222303,0.3052955624412205,193010229.989265,17.05790176120836,66.89532753276632,266.03151839345264,16.07750005722046,18.08983079800391,14.065169316437007,25.03288115218767,0.8782927660431507,0.0,0.0,16.813333320617676,17.67333345413208,15.953333187103272,10.229977805291144,0.957364499257298,0.0,0.0,14.550000190734863,18.850000381469727,16.700000286102295,26.74545280939818,0.7093023384758556,0.8389359358164115,2.927031424837801,0.5488518626998413,0.31650788816711795,0.23234397453272337,16.658333381017048,15.850000051351694,16.84268695693047,16.29383509423063,1.1525423865796367,0.7796609881827631,0.3728813983968736,0.24681808403244834,25.78327372889624,-0.5775000572204583,51.70233119845452,0.34972162765327475,51.35260957080125,17.200000286102295,16.700000286102295,16.950000286102295,16.624999523162842,99.95117187509095,36.61929392540891,32.74334094273327,9.135068371684607,122.31910523507486,16.43749976158142,15.949999809265137,96.0,28.000000000000004,68.0,16.393398912364383,15.623262955397868,0.0,0.0,63.317229935136815,0.5974147986677427,0.727546702864696,0.8630961576133812,23.215009178291552,51.57519228230317,66.66666666666667,75.45539923054355,-33.333333333333336,1.5863233061397768,13.18328080765113,3.3684633453432977,1.9615515914120822,1.4069117539312155,31.486551563865255,18.93915863437111,12.547392929494144,16.624957010763076,0.28490681813586605,0.28450172789815653,270.52632382041526
2023-08-28 00:00:00+05:30,17.5,17.950000762939453,17.5,17.649999618530273,15329181,0.0,0.0,-808615306.37295,1677731263,0.059940128566245976,12423196.142791867,0.5137275066765686,0.38687219321901944,193053778.1334781,17.10278526731441,68.85395206456388,266.78727820398854,16.217500019073487,18.25815553539586,14.176844502751113,25.166092356064112,0.8509900588312932,0.0,0.0,16.976666673024496,17.811666901906328,16.14166644414266,9.83703391206506,0.9031932700230833,0.0,0.0,14.550000190734863,18.850000381469727,16.700000286102295,26.514568741653218,0.7209300675090494,0.8000424185287155,2.850394631906714,0.572597179208671,0.36772574637542854,0.2048714328332425,16.837500015894573,15.940384644728441,16.966888904868902,16.39429172566023,1.1882844917814435,0.7740585460179714,0.41422594576347205,0.29717304696663277,26.087935671394536,0.1824995994567864,67.21488161415814,11.314478030119744,55.9004035840384,17.25,16.700000286102295,16.975000143051147,16.649999618530273,99.97558593754547,38.03029968987708,31.370378809771132,8.75202551181644,114.57012745650722,16.299999952316284,15.949999809265137,92.0,24.0,68.0,16.688191088657025,15.623262955397868,0.0,0.0,63.68067619921469,0.5396466999063484,0.5740956028334788,0.7211280252245409,23.979736075155575,50.125206540217356,67.56755363514799,66.5225077058566,-32.432446364852005,1.662352876102224,13.870965280840474,3.492661889823797,2.2677736510944255,1.2248882387293714,24.072285704047673,19.965784048306425,4.106501655741248,16.728897160609122,0.2840865680502347,0.2836838047767909,271.5789393374794
2023-08-29 00:00:00+05:30,17.75,18.450000762939453,17.600000381469727,17.799999237060547,35405203,0.0,0.0,-827359340.1868445,1713136466,0.03595801596914136,11407134.82867687,0.7202339062019346,0.3065418165313957,193354671.45125535,17.248457435010984,70.10929642580228,266.78727820398854,16.377499961853026,18.387344420759078,14.367655502946976,24.543971468019446,0.8538829258413807,0.0,0.0,17.199999999999996,18.075000286102295,16.324999713897704,10.174421931422046,0.8428565947865314,0.0,0.0,14.649999618530273,18.850000381469727,16.75,25.64494442205601,0.7499997729347279,0.8050382148228167,3.00188426882362,0.5966415172198971,0.41350890054432227,0.18313261667557484,16.954166650772095,16.03846153846154,17.095059725206077,16.49841820798618,1.1949153165644553,0.7923728536169183,0.4025424629475369,0.343050427526787,26.31204744306221,-0.4775003433227525,84.3151588150308,24.05310223805872,60.26205657697208,17.27500009536743,16.700000286102295,16.987500190734863,16.674999713897705,99.98779296877274,39.68688999894943,33.52797365225109,8.064186671831893,115.71836545880943,16.28749990463257,15.949999809265137,88.0,20.0,68.0,16.947608203794548,15.623262955397868,0.0,0.0,64.80720752933604,0.5867908846525569,0.5746174610755493,0.6254199222579079,24.9450600046413,46.20137132149085,69.56519095043438,67.933137084083,-30.434809049565622,1.8164707492379577,8.536583238382647,3.616355881505588,2.5374900971766583,1.0788657843289298,22.845971268499625,20.541821492345065,2.30414977615456,16.896607515006608,0.8498562140069055,0.8462652669981807,274.73682604337995
2023-08-30 00:00:00+05:30,18.0,18.25,17.799999237060547,17.850000381469727,18570278,0.0,0.0,-841802802.2857721,1731706744,-0.01111861412846221,9910192.017722549,-2.3109733197239907e-06,0.30654165146187295,193406836.34967083,17.31155399184232,72.67605294149965,267.5366978554364,16.5,18.554750550438264,14.445249449561736,24.906067278039565,0.8285071224781473,0.0,0.0,17.41166664759318,18.28666693369548,16.536666361490884,10.050735564975326,0.7504763374587624,0.0,0.0,15.100000381469727,18.850000381469727,16.975000381469727,22.727272727272727,0.7333333333333333,0.7695344696344804,3.123993156938111,0.6126690355323312,0.4533409275419241,0.1593281079904071,17.116666714350384,16.151923106266903,17.21120444155433,16.598535406022,1.1914893150761425,0.7872340943598416,0.40425522071630093,0.38371723785459366,26.45431119968766,-0.8999996185302734,99.23930569891665,38.162134660178985,61.07717103873767,17.52500057220459,16.700000286102295,17.112500429153442,16.72499942779541,99.99389648438637,41.225152428802325,32.090076937084454,7.718342104958131,102.79315294760593,16.212499856948853,15.949999809265137,84.0,16.0,68.0,17.17589526511557,15.623262955397868,0.0,0.0,65.19475480751183,0.6030093421349968,0.5764823088979673,0.5750651242689983,25.832262517878295,45.97340850951729,70.14925713049395,69.09400057202542,-29.850742869506053,1.8035295570597931,12.264156035996827,3.6911029831587014,2.768212674373067,0.9228903087856346,17.394768425071035,19.91241087889026,-2.5176424538192244,17.03802806848488,0.28090531770965654,0.2805115160229299,275.78948171515214
2023-08-31 00:00:00+05:30,18.0,20.200000762939453,17.950000762939453,19.850000381469727,173795875,0.0,0.0,-722076813.9949853,1905502619,0.17137044477049296,58150414.586619325,1.3593548033983283,0.2957756414346698,212879763.10438612,18.00169493474944,79.906372326032,267.5366978554364,16.72000002861023,19.180162666574052,14.259837390646407,29.42778270040843,1.136136876594889,1.0,0.0,17.74166673024495,18.781667073567707,16.7016663869222,11.723817825411215,1.513621613089445,1.0,0.0,15.100000381469727,20.200000762939453,17.65000057220459,30.502394573821302,0.9313724793548226,0.9275810608180051,3.123993156938111,0.7777883842325899,0.5182304188800573,0.2595579653525326,17.470833381017048,16.336538498218243,17.61717304769516,16.83938466346257,1.1712062418524878,0.712062270093115,0.4591439717593728,0.44284249751279753,26.91152114659152,-0.9199998378753662,123.1144985551353,53.96514601145362,69.14935254368169,18.425000190734863,17.375000476837158,17.90000033378601,17.375000476837158,99.99694824219318,43.58018981068129,41.97885105773925,6.21850042179495,170.86746074589885,16.299999713897705,15.949999809265137,100.0,12.0,88.0,17.37678787907807,15.623262955397868,0.0,0.0,76.3929392228382,1.0,0.7299334089291846,0.6270110596342335,31.132616407262166,53.75419571878165,92.4731110021393,77.3958530276892,-7.526888997860693,1.9108826721415788,27.24358907739715,4.618864642484261,3.1383430679953057,1.480521574488955,42.64234349744563,24.458397402601335,18.183946094844295,17.66283089063533,11.204481553267765,10.620049675431664,317.8947448730469
2023-09-01 00:00:00+05:30,20.25,20.950000762939453,19.649999618530273,19.899999618530273,128775348,0.0,0.0,-801323225.5960388,2034277967,0.049185075393273915,50763022.3817032,1.2366502461593996,0.3750074266363813,213204129.30229396,18.446485899070428,85.41915252722383,268.21058352402093,16.95,19.681300025325122,14.218699974674877,32.22772891239083,1.0400358055097074,1.0,0.0,18.071666653951006,19.116667111714683,17.026666196187335,11.56507009313616,1.3748000783138126,1.0,0.0,15.100000381469727,20.950000762939453,18.02500057220459,34.513276586842046,0.8205126365914215,0.9648230691771225,3.0158581167971015,0.9022802531594714,0.5950403857359401,0.30723986742353127,17.8125,16.52500002200787,17.968377135515947,17.066096882356476,1.26765785892602,0.6505576830245746,0.6171001759014453,0.510988562838953,27.385809715912917,-0.8499996185302727,140.18688549458363,70.59621194355049,69.59067355103315,18.800000190734863,17.750000476837158,18.27500033378601,17.750000476837158,99.99847412109659,45.991336488066345,43.60919410655587,5.573300454626278,192.58702950561866,16.299999713897705,15.949999809265137,100.0,8.0,92.0,17.772037682818663,15.623262955397868,0.0,0.0,76.59566884796666,1.0,0.8676697807116655,0.7246951661796056,35.12022568881251,45.87593215583799,80.55553642320247,81.05930151861189,-19.44446357679753,2.327794434042538,25.94936315380334,5.2869748682387945,3.568069428044004,1.7189054401947903,47.35668022269514,29.038053966620097,18.318626256075042,18.09296539318235,0.25188532040141265,0.25156862102959643,318.947360390111
2023-09-04 00:00:00+05:30,20.25,20.850000381469727,19.549999237060547,20.399999618530273,88007253,0.0,0.0,-774244120.4896382,2122285220,0.07781558060923605,49797394.39860275,-0.14771579150641034,0.5287646631543704,215415366.85724473,18.681376920660753,87.92075453367588,274.94954303822794,17.20499997138977,20.210977264411568,14.199022678367974,34.94306652740997,1.0314410815007669,1.0,0.0,18.388333320617676,19.513333892822267,17.263332748413085,12.236025447104543,1.3940734554341,1.0,0.0,15.100000381469727,20.950000762939453,18.02500057220459,34.00174595290732,0.9059827164881312,0.9983408767003281,2.7195100255028315,1.029420261541965,0.6819163608971451,0.34750390064481984,18.170833269755047,16.73076923076923,18.342472902133537,17.31305264059157,1.2622375871169458,0.6433567641457019,0.6188808229712439,0.5867555364311745,27.751176608609182,-0.2549992084503181,160.13731528213174,87.8378695485669,72.29944573356484,18.975000381469727,17.750000476837158,18.362500429153442,17.750000476837158,99.9992370605483,48.01269490199917,39.22621176961643,5.786275503081884,169.8492937802217,16.299999713897705,15.949999809265137,96.0,4.0,92.0,17.950000762939453,15.623262955397868,0.0,0.0,78.5769575279129,1.0,1.0,0.8658677298802832,39.06971055849337,52.17004735682527,89.62262215755632,87.55042319429936,-10.37737784244368,2.7007354932672847,26.708069162592224,5.945920011404706,4.043639544716145,1.9022804666885609,44.85775178610394,32.20199353051687,12.655758255587067,18.577383645161493,2.512562862234513,2.4815169589560426,329.47367617958474
2023-09-05 00:00:00+05:30,20.700000762939453,21.450000762939453,19.75,20.950000762939453,45451977,0.0,0.0,-755528588.5494684,2167737197,0.09679041604230829,46254715.10818231,1.4960873493446072,0.6067177046186715,216640790.37847617,18.836059467034815,88.53309980866464,282.3624139281099,17.492500019073486,20.764544553031975,14.220455485114996,37.4108278449703,1.0283394996588135,1.0,0.0,18.76000010172526,19.990000788370768,17.529999415079754,13.113013645798329,1.3902436742481927,1.0,0.0,15.149999618530273,21.450000762939453,18.300000190734863,36.01544168952282,0.9206349350517633,1.0685068653242407,2.5376510773301955,1.1611748293552822,0.7777680545887725,0.38340677476650964,18.50416660308838,16.965384630056526,18.743631034565215,17.582456205209933,1.251612770247343,0.6419355642534718,0.6096772059938712,0.6691650935255047,28.104504444607596,-0.4925000190734856,184.239664506744,105.51093753806131,78.72872696868268,19.300000190734863,18.000000476837158,18.65000033378601,18.000000476837158,99.99961853027415,50.0731182839079,38.738668177819406,5.0688292291660195,168.84248609331914,16.22499990463257,15.949999809265137,100.0,0.0,100.0,18.430000762939454,15.623262955397868,0.0,0.0,80.52952619545,1.0,1.0,0.9558899269038883,43.006598576522464,55.01271532097917,91.3043492683163,87.16083594969167,-8.695650731683692,3.0804413402781776,23.598818996786427,6.604167334773224,4.555745102727561,2.048422232045663,37.81908280042339,33.32541138449818,4.493671415925206,19.116122667832123,2.6960840916368856,2.660380063462986,341.05264764083057
2023-09-06 00:00:00+05:30,21.200000762939453,21.899999618530273,20.75,21.700000762939453,65484771,0.0,0.0,-712821006.4243048,2233221968,0.14198103891775238,46663124.12844199,1.2731953592681697,0.6458032166709154,218985113.83725533,19.06965741018187,89.40274684983991,282.3624139281099,17.800000047683717,21.42132601300827,14.178674082359164,40.689055681163204,1.0384768939056566,1.0,0.0,19.10166676839193,20.281667455037432,17.921666081746416,12.354949973246198,1.6009883400720901,1.0,0.0,15.399999618530273,21.899999618530273,18.649999618530273,36.51685383476071,0.96923094529372,1.0766561406448438,2.4901121065026444,1.3109976408402986,0.8844139718390778,0.4265836690012208,18.895833333333332,17.238461567805363,19.19845714662279,17.88745950578249,1.3021805204290617,0.6386293667866692,0.6635511536423926,0.7593237884902136,28.111051268681823,-0.7500008106231704,205.79917492901046,123.99435734379614,81.80481758521432,19.524999618530273,18.274999618530273,18.899999618530273,18.22499990463257,99.99980926513707,52.10977879652737,38.77111691162656,4.648902093334451,177.429087191805,15.974999904632568,15.949999809265137,100.0,0.0,100.0,18.973600762939455,15.623262955397868,0.0,0.0,82.82794791921872,1.0,1.0,1.0,47.152167054618,58.25384357868482,96.4912474430648,92.47273962297913,-3.5087525569352045,3.58235314313103,27.647063311408548,7.329143864261392,5.110424855034327,2.2187190092270654,34.206654429120476,33.50165999342264,0.7049944356978344,19.6441092735317,3.57995213693143,3.517361291960963,356.8421213250411
2023-09-07 00:00:00+05:30,21.600000381469727,22.299999237060547,21.049999237060547,21.899999618530273,45228246,0.0,0.0,-696538810.2591742,2278450214,0.15851863264854044,41289191.74443315,0.9673142857325546,0.6098715933447499,219401961.63091204,19.401147883361034,89.27190762284481,284.9648175070042,18.120000028610228,21.994067793670776,14.24593226354968,42.76012978966516,0.9878592501673712,0.0,0.0,19.48666674296061,20.6366673151652,18.336666170756022,11.80294800925887,1.5492746412044045,1.0,0.0,15.5,22.299999237060547,18.899999618530273,37.52758954924844,0.9411765200869078,1.0939905265803593,2.4901121065026444,1.4293943660584247,0.9934100506829473,0.43598431537547744,19.300000031789143,17.488461567805363,19.614079065377787,18.184684699319362,1.2978054019678806,0.6896553703441729,0.6081500316237077,0.8505928714717454,28.087743977895027,0.33000073432922505,231.9535974586068,144.02227581714638,87.93132164146041,19.899999618530273,18.699999809265137,19.299999713897705,18.424999713897705,99.99990463256853,54.10298823631096,38.17252821586306,4.2379259227700885,160.97878976456585,15.887500047683716,15.949999809265137,100.0,0.0,100.0,19.558880534057618,15.623262955397868,0.0,0.0,83.39099880334747,1.0,1.0,1.0,50.57110398587662,60.98354791942263,92.92036025598308,93.57198565578805,-7.079639744016917,3.917058742747585,28.445751310812824,7.860429750051844,5.66042583403783,2.2000039160140137,28.605903833431157,32.52250876142435,-3.916604927993191,20.646727204642175,0.9216536799961261,0.9174323698832421,361.0526235480058
2023-09-08 00:00:00+05:30,21.899999618530273,22.399999618530273,21.100000381469727,21.5,37617875,0.0,0.0,-711007232.2118895,2240832339,0.12644479428013647,33241144.973811343,0.2591877786830011,0.579960782154214,218714877.7993129,19.567190393039215,84.60783667737655,279.75998553061896,18.375000047683717,22.42981208877208,14.32018800659535,44.13400849595644,0.8853446128513386,0.0,0.0,19.896666717529296,21.096667098999024,18.69666633605957,12.062325800657913,1.1680553219937253,1.0,0.0,15.550000190734863,22.399999618530273,18.97499990463257,37.2789083538473,0.8686131833999398,1.1145913976283781,2.5375079713247723,1.473957137146467,1.0895194679756512,0.3844376691708158,19.55416663487752,17.721153882833626,19.904220747627356,18.43026361048089,1.2447760585582022,0.6955224692993839,0.5492535892588183,0.9311288978889218,28.085270292441464,-0.8250008106231697,251.15636693168338,164.46021863020474,86.69614830147864,20.0,18.75,19.375,18.47499990463257,99.99995231628426,55.97900941476531,35.4265344852142,3.8561264888401556,130.90884865713468,15.77500033378601,15.949999809265137,100.0,8.0,92.0,20.107104274658205,15.623262955397868,0.0,0.0,77.89020880000783,0.7305890629251258,0.9101963543083752,0.9700654514361249,51.55859405533085,59.551873410832755,84.34783272121264,91.25314680675349,-15.652167278787363,4.018823407678042,16.53116049288781,7.997482663830483,6.12783719999636,1.8696454638341224,22.867177805409856,30.591442570221453,-7.724264764811597,20.918316434130038,-1.8264823082089099,-1.8433684270128925,352.6315789473684
2023-09-11 00:00:00+05:30,21.600000381469727,21.700000762939453,20.299999237060547,20.600000381469727,28303695,0.0,0.0,-727180739.1598761,2212528644,0.118212938926849,24853365.019981552,-3.7097670265637746,0.35597748133233464,217530072.46428975,19.669836799189444,83.32985308428205,268.049107379103,18.610000085830688,22.60819974180667,14.611800429854705,42.96829271935509,0.748862046279336,0.0,0.0,20.213333384195963,21.508333841959637,18.918332926432292,12.813329035340443,0.6492922241670458,0.0,0.0,15.550000190734863,22.399999618530273,18.97499990463257,36.80816440732246,0.7372263667998794,1.1431324104534308,2.9926359271870155,1.420278915442129,1.1556713574689468,0.26460755797318214,19.80833339691162,17.92500004401574,20.011263768218488,18.59098485277636,1.2028570108219645,0.7428571459711801,0.45999986485078437,0.9877174643805405,28.185102761791505,-1.0099997043609612,265.5357760095098,184.59584276292463,80.93993324658516,20.09999942779541,18.75,19.424999713897705,18.47499990463257,99.99997615814213,56.02124219362838,32.075174766907814,8.897067423529226,86.75450558752622,15.662500143051147,15.949999809265137,96.0,4.0,92.0,20.107104274658205,22.399999618530273,0.0,1.0,67.1562535174703,0.20487458383529863,0.6451545489201415,0.8517836344095054,48.697948610482655,51.66746106836393,66.66667844042449,81.3116238058734,-33.33332155957551,4.004558748357436,17.378924655269813,7.639610954930265,6.430191950983142,1.209419003947123,16.66341014235677,27.80583608464852,-11.142425942291748,20.871237352142145,-4.186044737350114,-4.276184082013401,333.6842185572574
2023-09-12 00:00:00+05:30,20.700000762939453,20.850000381469727,18.100000381469727,18.299999237060547,43631632,0.0,0.0,-764465988.2743781,2168897012,0.08348687416706738,6966769.512492735,-9.611716909782912,-0.4377408955163772,212658577.2373911,19.828261110130327,77.21557284848103,268.049107379103,18.745000028610228,22.502645702704786,14.98735435451567,40.09224506118236,0.44078728675543516,0.0,0.0,20.32666670481364,21.811667124430336,18.84166628519694,14.611352084255202,-0.18237942595201614,0.0,1.0,15.649999618530273,22.399999618530273,19.024999618530273,36.00960250572191,0.39259253607855904,1.3038191694080878,5.315756881772335,1.1785619391631634,1.1602494738077902,0.01831246535537323,19.86666663487752,18.040384622720573,19.747992301886498,18.569430362723335,1.0537634177047612,0.8763440777517004,0.1774193399530608,0.9967589534770557,28.515989714521517,-1.0950004100799546,266.42742270539134,203.17230020808847,63.255122497302864,20.175000190734863,18.75,19.46250009536743,18.47499990463257,49.999988079071066,52.91836964268433,26.726734576496114,20.75326345167321,12.984377129786626,15.625000238418579,15.949999809265137,92.0,0.0,92.0,20.107104274658205,22.399999618530273,0.0,0.0,48.68974397879677,0.0,0.3118212155868081,0.6223907062717747,38.1530188854738,44.08268416146956,21.904754638671875,57.63975526676965,-78.09524536132812,3.650146966822007,3.977266138742921,6.3467856371568265,6.413510688217879,-0.0667250510610522,13.791947041293525,25.00305827597752,-11.211111234683994,20.843631400180335,-11.165053892319799,-11.83900761567891,285.26314183285365
2023-09-13 00:00:00+05:30,18.5,19.350000381469727,18.25,19.25,38026541,0.0,0.0,-733353387.7966411,2206923553,0.11421952224689672,11132265.71955783,-1.9525848204297303,-0.6366157184081295,214632634.3121471,19.899216589188253,77.76879738103034,281.9642367305669,18.917500019073486,22.42709774679183,15.407902291355143,37.10424447395065,0.5473700986156437,0.0,0.0,20.42500006357829,21.975000445048014,18.87499968210856,15.177482268249069,0.12096781470978145,0.0,0.0,15.699999809265137,22.399999618530273,19.049999713897705,35.41694094098,0.5298507898202808,1.2834372906142517,6.084097373629005,1.0515351731487357,1.1385066136759794,-0.0869714405272437,20.0,18.19615386082576,19.671378101596268,18.619842928447532,1.0468319582388548,0.966942140943865,0.07988981729498978,0.9832483541978203,28.55010199315769,-1.1175007820129395,267.99111548779257,219.26970208949484,48.72141339829773,20.25,18.774999618530273,19.512499809265137,18.47499990463257,24.999994039535533,50.03713084537914,24.935620999439973,19.362466838262602,1.401184544347903,15.625000238418579,15.949999809265137,88.0,0.0,88.0,20.107104274658205,22.227999649047852,0.0,0.0,54.28176041602786,0.1611473840212489,0.1220073226188491,0.3596610290419327,32.18068016541966,47.13504801922544,40.00000726609003,42.85714678172878,-59.99999273390997,3.0370588022119875,9.065158164592411,5.647390137444138,6.260286578063131,-0.612896440618993,10.487091842883713,22.09986498935876,-11.612773146475048,20.801528538301472,5.191261216096366,5.0610042577099446,305.2631578947368
2023-09-14 00:00:00+05:30,19.350000381469727,19.799999237060547,19.350000381469727,19.450000762939453,16046208,0.0,0.0,-742267902.454729,2222969761,0.10200924388197297,10000406.879947448,2.1734040928669587,-0.387330823637473,214799348.79746062,19.987123890717427,81.01255440380118,284.8937464691515,19.085000038146973,22.352124423858566,15.817875652435381,34.23761466262809,0.5558596309324447,0.0,0.0,20.44500001271566,21.815000279744467,19.07499974568685,13.401812337263335,0.13686165845277104,0.0,0.0,16.200000762939453,22.399999618530273,19.300000190734863,32.486239681416315,0.5241936451438741,1.2100934852588812,6.66631264186003,0.9559839481223626,1.1020020805652562,-0.14601813244289352,20.137500127156574,18.346153882833626,19.637320049495223,18.68133610137286,1.1117318102395395,0.8854749371267752,0.22625687311276432,0.9558507499654635,28.47475066078289,-1.234999656677246,264.0319592280015,233.03026583765237,31.001693390349118,20.25,18.899999618530273,19.574999809265137,18.47499990463257,12.499997019767767,47.751862706747374,26.916755843736766,18.688099845041517,21.08795014419016,15.712500095367432,15.949999809265137,84.0,0.0,84.0,20.107104274658205,22.06287967834473,0.0,0.0,55.38417652945899,0.19291615200975365,0.11802117867700078,0.1839499056275525,28.21509491710935,44.08806805561098,39.79593703569194,33.900232980151266,-60.20406296430806,2.4854412723990045,9.269671891016237,5.117321068122687,6.031693476075043,-0.9143724079523565,3.9315176427624214,18.46619552003949,-14.534677877277069,20.788030363001727,1.0389650022828656,1.033604855633996,309.4737002724095
2023-09-15 00:00:00+05:30,19.600000381469727,19.799999237060547,18.899999618530273,19.100000381469727,18569448,0.0,0.0,-752584227.4735672,2204400313,0.0831895074555298,7643303.913714635,-1.090502299755598,-0.5019186669540564,214465193.85510883,20.01481687713457,78.83412336061151,284.8937464691515,19.192500019073485,22.309594401530834,16.075405636616136,32.48242156425254,0.48516252216738515,0.0,0.0,20.354999987284344,21.685000101725258,19.024999872843427,13.06804338267511,0.028195677508579393,0.0,0.0,16.649999618530273,22.399999618530273,19.524999618530273,29.959619613315912,0.4260870892068614,1.1790840985860203,7.4008729276611005,0.8423072149146869,1.0500631074351423,-0.20775589252045545,20.241666793823242,18.48461543596708,19.55465548518361,18.712348270268922,1.0653950180480873,0.8882834458703417,0.17711157217774565,0.9146883556863444,28.17472197407079,0.6575003623962417,257.6023103959522,243.85970973918796,13.742600656764239,20.25,18.949999809265137,19.59999990463257,18.47499990463257,6.249998509883883,45.09822074181039,25.36023880496025,20.498781315169463,2.7597976522785004,15.625,15.949999809265137,80.0,0.0,80.0,20.107104274658205,21.90436450646973,0.0,0.0,52.9766976561821,0.12353886621853112,0.15920080074984447,0.1330764340152313,24.30470514697001,39.74057216310731,31.250004967054522,37.01531642294548,-68.74999503294548,1.876029404471904,7.002800970792348,4.501344260746713,5.725623633009378,-1.2242793722626653,-1.242240416446666,14.524508332742261,-15.766748749188928,20.758455696325964,-1.7994877518803354,-1.8158754265312105,302.10527118883635
2023-09-18 00:00:00+05:30,19.350000381469727,19.450000762939453,19.100000381469727,19.25,15137564,0.0,0.0,-754746783.7553314,2219537877,0.096076778280884,6875778.901109345,-0.17340721444071217,-0.5657501755713883,214584074.94307366,20.095824359867585,78.35922015495285,287.1311261779756,19.305000019073486,22.255407172667883,16.354592865479088,30.566248647286955,0.4906792493018327,0.0,0.0,20.25500005086263,21.4900000890096,19.02000001271566,12.194520217681998,0.09311740088261018,0.0,0.0,16.649999618530273,22.399999618530273,19.524999618530273,29.78502975560195,0.4521739793860394,1.096175726874391,8.021533787165751,0.755611086216895,0.991172703191493,-0.235561616974598,20.1916667620341,18.594230835254375,19.507785410539974,18.75217432432308,1.0728290717903417,0.9327730823056538,0.1400559894846879,0.8662546343399166,27.8307667062646,0.5949995994567878,248.92399823355015,251.04685793105534,-2.1228596975051914,20.25,18.97499990463257,19.612499952316284,18.47499990463257,3.1249992549419416,42.63412463151176,24.7605818357106,20.014076215532878,-3.092907940420799,15.724999904632568,15.949999809265137,76.0,4.0,72.0,20.107104274658205,21.75218994146973,0.0,0.0,53.90154378633952,0.15019052866801436,0.15554851563209962,0.14425683168631478,21.57956255531398,37.373706842814364,31.52175310203278,34.189231701593066,-68.47824689796722,1.398676563711728,-3.0226718888622086,4.0294585211742975,5.386390610642362,-1.3569320894680645,-6.382235189578686,10.343159628278073,-16.72539481785676,20.716333620515453,0.7853383012274673,0.7822705708972144,305.2631578947368
2023-09-20 00:00:00+05:30,19.200000762939453,20.0,19.0,19.350000381469727,19682294,0.0,0.0,-760651456.9389328,2239220171,0.08566433602786287,6174701.4735507695,1.1431565232965737,-0.48409597312353875,214686321.01622686,20.130950309020072,78.42843408846122,287.1311261779756,19.420000076293945,22.18322312564872,16.65677702693917,28.457497821823896,0.4873336872243151,0.0,0.0,20.128333346048993,21.293333307902017,18.963333384195963,11.57572206127743,0.1659515064098108,0.0,0.0,17.0,22.399999618530273,19.699999809265137,27.80638309637326,0.435185286570322,1.0865581541869518,8.560011530167019,0.687053054719442,0.9303487734970828,-0.24329571877764078,20.145833492279053,18.72692317229051,19.483510790683013,18.79645773596357,1.0543478159462816,0.8940217174406578,0.16032609850562374,0.8146320955623452,27.61664879529108,0.9799995422363281,237.91869021901303,254.61569296327784,-16.697002744264807,20.25,18.97499990463257,19.612499952316284,18.47499990463257,1.5624996274709708,40.86990720095255,26.81144793093171,18.656699110118367,0.35779519911634916,15.712499856948853,15.949999809265137,72.0,0.0,72.0,20.107104274658205,21.60610235906973,0.0,0.0,54.54341711349709,0.16868765018142579,0.14747234835599035,0.15407388824597798,19.624878525720334,37.702986234313464,31.46067367571036,31.410810581599208,-68.53932632428965,1.2779411904952127,-2.7638153145912843,3.6552262366163393,5.040157735837157,-1.384931499220818,-9.719020000330124,6.330723702556434,-16.04974370288656,20.65173123898857,0.5194825011414439,0.5181378456195151,307.3684290835732
2023-09-21 00:00:00+05:30,19.350000381469727,19.649999618530273,18.75,18.950000762939453,10490113,0.0,0.0,-766479277.7331934,2228730058,0.010249524318358296,4693166.80613788,-2.5738527051175355,-0.7650393665889575,214469471.34616908,20.34409353335145,71.20743560720749,281.1956047994156,19.445000076293944,22.181585861138736,16.708414291449152,28.146935192672544,0.40955896283321425,0.0,0.0,19.89500001271566,21.034999974568684,18.75500005086263,11.460165480014165,0.08552663096578371,0.0,0.0,17.149999618530273,22.399999618530273,19.774999618530273,26.99922848753522,0.34285736083984375,1.067902300621284,9.286251512521352,0.5936010313589684,0.8629992250694599,-0.26939819371049156,20.025000254313152,18.855769340808575,19.40143232487631,18.807831293517342,1.0412978610804504,1.026548713395088,0.014749147685362507,0.7572124484146819,27.477734867019105,1.5050006866455092,220.25614551717644,253.3159760808967,-33.059830563720254,20.25,19.024999618530273,19.637499809265137,18.47499990463257,0.7812498137354854,38.90647000840177,25.157722869581633,19.2192862515766,-24.395437103328078,15.787500143051147,16.22499942779541,68.0,0.0,68.0,20.107104274658205,21.46585827996573,0.0,0.0,51.45703086971494,0.07974601797282417,0.13287473227408803,0.14529853208739252,17.05246497865865,35.9673106782549,19.767454239149625,27.58329367229757,-80.23254576085037,1.2469117136562566,-7.107837660318967,3.156137579581384,4.663353704586003,-1.5072161250046188,-14.768024109026326,2.110974140239882,-16.878998249266207,20.451733300354046,-2.067181450359701,-2.0888467400896893,298.9473844829359
2023-09-22 00:00:00+05:30,19.0,19.25,18.549999237060547,18.700000762939453,9947129,0.0,0.0,-772163312.727842,2218782929,0.039902610567017154,3667459.7981181834,-2.1111655674354455,-1.004169067560018,214338242.73667672,20.36033123701844,62.22182595894632,277.4859003999658,19.502500152587892,22.123277877226137,16.881722427949647,26.87632564166887,0.34689670892269,0.0,0.0,19.603333409627275,20.68833344777425,18.518333371480303,11.069546341686221,0.08371768897327067,0.0,0.0,17.149999618530273,22.399999618530273,19.774999618530273,26.91962547839462,0.29523831322079613,1.031112146853101,10.073973547477502,0.49367593007815813,0.7891345660711997,-0.29545863599304156,19.837500254313152,18.967307824354904,19.293519776886026,18.799843846807867,0.9266054681986116,1.0978593368493872,-0.17125386865077563,0.6943747703610239,27.322063957401262,2.197500610351561,196.62009737855527,247.2563905749936,-50.63629319643832,19.90000057220459,19.049999713897705,19.475000143051147,18.47499990463257,0.3906249068677427,36.82256485340488,23.921836807801224,19.67871887255058,-47.12244924334793,15.787500143051147,16.399999618530273,64.0,0.0,64.0,20.107104274658205,21.331223964025888,0.0,0.0,49.56910840550533,0.025340997930899698,0.09125822202838314,0.12386843421948703,14.369969140320585,42.224621542198854,13.953499719220488,21.727209211360144,-86.04650028077951,1.009705795961267,-10.739856410794264,2.6259576095467527,4.255874485578153,-1.6299168760314005,-19.276547424475158,-2.1665301727031263,-17.11001725177203,20.191187879746234,-1.319261160606,-1.3280407129650396,293.684226588199
2023-09-25 00:00:00+05:30,18.799999237060547,18.899999618530273,18.399999618530273,18.549999237060547,7703875,0.0,0.0,-775244874.4830223,2211079054,0.03281527369796269,2978452.2547898204,-1.6225600752867875,-1.109515087830045,214276446.32180864,20.34739947134972,52.87735042884804,275.2600551180571,19.55000009536743,22.063364658398214,17.036635532336646,25.71216931734288,0.3010633091164031,0.0,0.0,19.298333358764648,20.303333473205566,18.29333324432373,10.415408374987791,0.12769450920888728,0.0,0.0,17.5,22.399999618530273,19.949999809265137,25.063936545408904,0.21428557526612382,0.9780009321677909,10.87192145566186,0.3977951628498211,0.710866685426924,-0.3130715225771029,19.575000127156574,19.06153854956994,19.17913200152826,18.78133683867844,0.919614153826,1.1189710768693333,-0.1993569230433333,0.6278458101026324,26.962431372172958,2.349999523162843,174.0751337360412,237.09409698905262,-63.01896325301141,19.475000381469727,19.300000190734863,19.387500286102295,18.47499990463257,0.19531245343387135,34.688878601264506,23.05077531070606,20.05454302879455,-67.40547512839005,15.787500143051147,16.399999618530273,60.0,0.0,60.0,20.107104274658205,21.20197502072364,0.0,0.0,48.421179100014974,0.0,0.035029005301241214,0.08638731986790397,11.830802709679379,34.55445394265286,10.465091521700751,14.728681826690272,-89.53490847829924,0.7726470189936023,-14.516135553592541,2.118034335184269,3.8283064554993764,-1.7102721203151074,-23.828882544551078,-6.499000647072717,-17.329881897478362,19.962305291818563,-0.8021471644866773,-0.8053816734809427,290.52629972759047
2023-09-26 00:00:00+05:30,18.600000381469727,18.950000762939453,18.549999237060547,18.700000762939453,6076853,0.0,0.0,-776764058.7564397,2217155907,0.037386191900210634,2683178.67875439,0.65824046058648,-1.1693612941699112,214325585.79674298,20.273928925005134,47.56166385388518,277.4859003999657,19.60250015258789,21.99592360306539,17.20907670211039,24.41957333857256,0.3114626583381257,0.0,0.0,19.085000038146973,19.99000015258789,18.179999923706056,9.483889050374726,0.28729324501502346,0.0,0.0,17.600000381469727,22.399999618530273,20.0,24.486668535629924,0.2291667825646055,0.9202009915389026,11.552019391411706,0.33010755910457235,0.6347148601624536,-0.30460730105788125,19.30833355585734,19.12884624187763,19.105419503283827,18.775311944179254,0.9087718617259428,1.168421003318786,-0.25964914159284325,0.5622873326166606,26.65439196929865,1.89749984741211,154.18678847097524,224.62291540745085,-70.4361269364756,19.125,19.524999618530273,19.324999809265137,18.47499990463257,0.09765622671693568,32.76751810097927,22.729860177714805,19.44454503453018,-65.37579488138216,16.137500524520874,16.399999618530273,56.00000000000001,4.0,52.00000000000001,20.107104274658205,21.077896035153483,0.0,0.0,49.67623154637801,0.03588958870850101,0.020410195546466826,0.048899140958696914,10.053281075680697,33.417633965935515,13.953499719220488,12.790696986713895,-86.04650028077951,0.564705728082096,-14.61186717502589,1.7582001305012283,3.414285190499747,-1.6560850599985188,-28.31296280596548,-10.86179307885127,-17.45116972711421,19.85369122785368,0.8086335959476498,0.8053816734809427,293.684226588199
2023-09-27 00:00:00+05:30,18.799999237060547,18.850000381469727,18.5,18.700000762939453,4012587,0.0,0.0,-776190819.5468168,2221168494,0.06235808222782944,2299867.4389323345,-0.6541904724546679,-1.3070317107215426,214325585.79674298,19.996376995845925,34.70913336491657,277.4859003999657,19.647500228881835,21.935179162953997,17.359821294809674,23.287226440229503,0.2929124905093665,0.0,0.0,19.045000076293945,19.710000228881835,18.379999923706055,6.983461800198588,0.24060207955448906,0.0,0.0,17.799999237060547,22.399999618530273,20.09999942779541,23.41264958840781,0.19565248940074012,0.863180930531985,12.194245688070396,0.2733140512232026,0.5624346983746034,-0.28912064715140073,19.075000286102295,19.19423088660607,19.043047389384693,18.76973333816149,0.825278816735031,1.2193307263877022,-0.39405190965267123,0.49919823857209716,26.334899135700375,0.9525001525878913,141.3061768616963,210.54681111566236,-69.24063425396608,19.199999809265137,19.524999618530273,19.362499713897705,18.47499990463257,0.04882811335846784,30.909367794966112,22.09652846112061,19.300795841859653,-73.58471301930018,16.15000033378601,16.424999713897705,52.0,0.0,52.0,20.107104274658205,20.958780209006132,0.0,0.0,49.676231546378006,0.03588958870850081,0.023926392472333868,0.026455197773347153,8.583741071872687,34.53678841746326,13.953499719220488,12.790696986713895,-86.04650028077951,0.31073516116422795,-13.023252265397891,1.4561424304708526,3.0226566384939684,-1.5665142080231158,-32.979160224940344,-15.285266508069085,-17.69389371687126,19.826428358938568,0.0,0.0,293.684226588199
2023-09-28 00:00:00+05:30,18.75,19.350000381469727,18.700000762939453,19.0,14317392,0.0,0.0,-777292183.246958,2235485886,0.07902743041980734,2584915.901470112,1.5889773391744284,-1.2626272069042657,214555275.98398668,19.650112545958603,25.939766092210064,277.4859003999657,19.70500020980835,21.86321708564878,17.54678333396792,21.9052712799887,0.3366706752921167,0.0,0.0,19.05166676839193,19.67166684468587,18.431666692097984,6.508617685068553,0.45833325642412365,0.0,0.0,17.950000762939453,22.399999618530273,20.175000190734863,22.583094687691457,0.23595494541338255,0.8418627993318137,12.584011997298523,0.2496345861674314,0.49987467593316903,-0.25024008976573764,18.941666920979817,19.269230915949894,19.03642471409474,18.786790127927308,0.8093386444201083,1.2217897250182645,-0.41245108059815627,0.4427648458751373,25.84075285602025,-1.4050009727478034,126.03634239968251,195.2139648014047,-69.17762240172219,19.199999809265137,19.699999809265137,19.449999809265137,18.47499990463257,0.02441405667923392,29.808915754103563,24.99056145158817,18.281999374041654,-55.2049283830532,16.21250033378601,16.499999523162842,48.0,0.0,48.0,20.107104274658205,20.844429015904677,0.0,0.0,52.36474842872758,0.13382080675406705,0.06853332805702288,0.03762330535860771,8.003473896032808,34.32834292734533,20.930227400354322,16.279075612931752,-79.06977259964567,0.1764705798205206,-7.766991999228172,1.328777212432579,2.6838807532816906,-1.3551035408491117,-32.99580478800305,-18.82737416405588,-14.16843062394717,19.810701485165797,1.6042739295235808,1.591541450699907,300.0
2023-09-29 00:00:00+05:30,19.149999618530273,19.25,18.799999237060547,18.950000762939453,6085472,0.0,0.0,-779320639.5222261,2229400414,-0.08825802415186036,2172175.2073810506,-7.0521098442088626e-06,-1.281141123389469,214539261.82834703,19.314799966524042,29.886037303918314,276.7556854886469,19.660000228881835,21.841650960100512,17.478349497663157,22.193801686875762,0.3372793005354773,0.0,0.0,18.998333422342935,19.618333689371745,18.378333155314127,6.526891104033994,0.4610220656556287,0.0,0.0,18.100000381469727,22.399999618530273,20.25,21.871816820955907,0.19767454239149623,0.8026765956925777,12.755453667456008,0.22424891701443173,0.4447495241494216,-0.22050060713498987,18.99583371480306,19.288461685180664,19.023128721609307,18.798879804594876,0.7999999364217325,1.2541665222910174,-0.45416658586928493,0.3918107456426202,25.26571782022933,-0.4100002288818345,105.97287114245763,178.3662493287942,-72.39337818633656,19.199999809265137,19.774999618530273,19.487499713897705,18.47499990463257,0.01220702833961696,28.787067430445482,24.044304119236305,17.58975898595547,-54.475694056453605,16.837499856948853,16.574999809265137,44.0,4.0,40.0,20.107104274658205,20.73465187052728,0.0,0.0,51.867398580757836,0.18394479808054803,0.1178850645143719,0.0701149283479094,7.3876033020201195,34.150269295143,23.611119205568187,19.498282108380987,-76.38888079443181,0.1161764733931605,3.551921054524117,1.192884466230909,2.385681495871534,-1.192797029640625,-36.17213046705652,-22.296325424656008,-13.875805042400511,19.767908654391935,-0.2631538792660315,-0.2635007377348675,298.9473844829359
2023-10-03 00:00:00+05:30,18.899999618530273,19.100000381469727,18.75,18.799999237060547,5380227,0.0,0.0,-783163683.9392647,2224020187,0.03457635534046622,1746572.7121016306,-0.6505271594515981,-1.0626239900243133,214496673.84802604,19.09981448276953,33.44316272044527,274.56498504286395,19.60500020980835,21.81495502934993,17.395045390266766,22.54480791523732,0.3178693596743336,0.0,0.0,18.96000010172526,19.525000445048015,18.394999758402506,5.959919201385897,0.3584064004954831,0.0,0.0,18.100000381469727,22.399999618530273,20.25,21.93317618486566,0.16279046041629888,0.7574089742702925,12.687884589739081,0.18983838308354706,0.3937672959362467,-0.20392891285269965,18.958333651224773,19.336538608257587,18.988801108601805,18.79896272551826,0.8493151400768687,1.22831044660688,-0.37899530653001123,0.344364299952816,24.79154815524889,-0.15499944686889577,88.01998483489682,160.4880256178327,-72.46804078293589,19.199999809265137,19.774999618530273,19.487499713897705,18.47499990463257,0.00610351416980848,27.7493937352908,23.305166337173468,17.488183291061535,-58.838447510387766,16.950000286102295,16.574999809265137,40.0,0.0,40.0,20.107104274658205,20.629265810964977,0.0,0.0,50.32318257304551,0.2731587211259971,0.196974775320204,0.12779772263053277,6.466578069306564,34.757054145424135,25.45450383966619,23.331950148529554,-74.54549616033381,0.08955893797033099,-2.337666300984172,1.009834350199838,2.110512066737195,-1.100677716537357,-39.18500679251836,-25.674061698228478,-13.51094509428988,19.739679379907017,-0.7915647484946997,-0.7947142535074558,295.7894576223273
2023-10-04 00:00:00+05:30,18.700000762939453,18.75,18.100000381469727,18.299999237060547,8142944,0.0,0.0,-786295611.2102932,2215877243,-0.027061517388658845,915423.4675156834,-3.9911831551971466,-0.6611572932681874,214280106.17966285,19.071336551604592,40.110600117694084,274.56498504286395,19.500000190734863,21.74811072720638,17.251889654263344,23.05754373827827,0.23310899659814865,0.0,0.0,18.871666717529298,19.466666984558106,18.27666645050049,6.305752172659256,0.01960737486436133,0.0,0.0,18.100000381469727,22.399999618530273,20.25,22.05127792308242,0.046511370017716165,0.7516679624023453,12.007417592105456,0.1208291227891678,0.33917966130683097,-0.21835053851766317,18.862500190734863,19.363461641164925,18.88283158990315,18.762002467113984,0.9831461131670468,1.2191011717547862,-0.23595505858773935,0.2953799265920399,24.5226060511608,-0.399999809265136,68.69907446187902,141.68584608926227,-72.98677162738325,18.875,19.949999809265137,19.41249990463257,18.47499990463257,0.00305175708490424,25.81768195748638,21.857941694631755,22.16851703439132,-91.11970620841008,16.950000286102295,16.624999523162842,36.0,0.0,36.0,20.107104274658205,20.528095193785166,0.0,0.0,45.46423227850353,0.0,0.15236783973551496,0.1557425598566968,4.332495631442528,37.243526693590134,10.526257670805615,19.863960238679983,-89.47374232919438,-0.05338220315820763,-5.912604014238136,0.6440097372386393,1.8172116008374837,-1.1732018635988444,-40.39538233016636,-28.618325824616058,-11.777056505550306,19.569747637036762,-2.6595745760156553,-2.6955811097323146,285.26314183285365
2023-10-05 00:00:00+05:30,18.5,18.600000381469727,18.200000762939453,18.450000762939453,7803860,0.0,0.0,-784344636.9073583,2223681103,-0.07068149428760477,951875.958977066,-0.1281396369938944,-0.5308397801656276,214344072.89859992,19.068023593022797,53.278492137688545,276.81554069457906,19.375000190734863,21.563949804588432,17.186050576881293,22.595608694758383,0.28871157610453624,0.0,0.0,18.768333435058594,19.30333366394043,18.23333320617676,5.701094673461765,0.20249295707362142,0.0,0.0,18.100000381469727,22.399999618530273,20.25,22.193544230863075,0.08139545199291354,0.7165011280151382,11.645066208927418,0.07735100214101465,0.2868139294736677,-0.20946292733265304,18.80833355585734,19.394230915949894,18.816242231908735,18.73889122976772,0.9756098979289453,1.0731707714201046,-0.09756087349115938,0.2485330287108034,24.259078284995763,-0.12500019073486257,55.22482044988344,123.34903219289637,-68.12421174301294,18.725000381469727,20.0,19.362500190734863,18.47499990463257,0.00152587854245212,24.023949592382277,21.053392223319083,21.352535872533533,-85.68655719060462,16.975000143051147,16.649999618530273,32.0,0.0,32.0,20.107104274658205,20.43097140129255,0.0,0.0,47.11400969427986,0.16630914187016985,0.1464892876653889,0.1652773009070358,2.931097236824698,38.1803765022522,18.421076407397702,18.133945972623156,-81.5789235926023,-0.18264684957616595,-3.4031392960645404,0.41278323884039886,1.5363259284380668,-1.123542689597668,-41.44211141821863,-31.183082943336572,-10.259028474882058,19.453229163070755,0.8196805034566879,0.8163393681573261,288.42106869346213
2023-10-06 00:00:00+05:30,18.5,18.899999618530273,18.299999237060547,18.700000762939453,8722732,0.0,0.0,-781437022.6022907,2232403835,-0.19552806531919853,1127419.8219803423,1.3757087761953588,-0.5878180170707419,214462267.0942544,18.98878132264896,50.66509268015476,276.81554069457906,19.225000190734864,21.15152548912682,17.29847489234291,20.04187546713688,0.3637444760695276,0.0,0.0,18.720000076293946,19.225000381469727,18.214999771118165,5.3953023837354275,0.48019871161510336,0.0,0.0,18.100000381469727,22.399999618530273,20.25,22.36670582262388,0.13953499719220488,0.7048510533605971,11.290439414254077,0.06234847454327408,0.24192083848758897,-0.1795723639443149,18.762500286102295,19.42884635925293,18.798358928990382,18.736010454447108,0.866666651253752,1.103030325449088,-0.2363636741953361,0.20728737105304512,24.13316547141323,0.12500019073486257,43.29045026918801,106.31240473630001,-63.021954467112,18.725000381469727,20.09999942779541,19.41249990463257,18.47499990463257,0.00076293927122606,22.728824535255193,22.67793487845849,20.154181438013012,-66.79052741551492,16.987500190734863,16.674999713897705,28.000000000000004,0.0,28.000000000000004,20.107104274658205,20.337732560499635,0.0,0.0,49.83765630331002,0.48169787313395857,0.2160023383347094,0.17161982191187095,2.4163349817227684,41.63188626945737,31.578973785997448,20.175435954733572,-68.42102621400255,-0.34411766388836895,-2.857138893821023,0.33277348288666914,1.2956154393277874,-0.9628419564411184,-41.67584048960938,-33.281634452591135,-8.394206037018243,19.438102027377784,1.355013494103341,1.3459152821174047,293.684226588199
2023-10-09 00:00:00+05:30,18.100000381469727,18.399999618530273,17.649999618530273,17.700000762939453,9638915,0.0,0.0,-789790719.51999,2222764920,-0.29572109833005555,-410628.009731135,-4.474049796567898,-0.8294999811287633,213946817.1152842,18.87240782843547,54.39684074095801,276.81554069457906,19.01500024795532,20.617841501694663,17.41215899421598,16.858703474502406,0.08979110315882971,0.0,0.0,18.62833340962728,19.138333638509113,18.118333180745445,5.475532541394838,-0.41012963731720065,0.0,1.0,17.649999618530273,22.399999618530273,20.024999618530273,24.980278401578072,0.01052655671772204,0.7393660624654553,10.999617474193801,-0.029888246218980896,0.18755902154627502,-0.2174472677652559,18.625000317891438,19.423077143155613,18.62938074959793,18.659268995816912,0.8095238419616981,1.124999858084237,-0.31547601612253895,0.16068724546108348,23.80151702544663,-0.06499948501586772,29.18077323471812,90.21303134726412,-61.032258112546,18.5,20.024999618530273,19.262499809265137,18.47499990463257,0.00038146963561303,21.687392979667923,20.508743769824143,24.1477003915505,-149.26612356426415,17.112500429153442,16.72499942779541,24.0,100.0,-76.0,20.107104274658205,20.24822327333844,0.0,0.0,40.788765414104546,0.0,0.2160023383347094,0.19283132144493575,-0.7864206025522213,34.48951412704444,2.12770792734545,17.375919373580185,-97.87229207265455,-0.5794117478763354,-8.52712964342044,-0.1601790843236213,1.0044565345975056,-1.1646356189211269,-41.15725266937345,-34.8567580959476,-6.300494573425851,19.294402644506956,-5.347593364711766,-5.495888197573473,272.6315950092516
2023-10-10 00:00:00+05:30,17.850000381469727,18.25,17.799999237060547,17.899999618530273,7481630,0.0,0.0,-793947173.5841615,2230246550,-0.2908121258064523,-138207.2314904087,0.0,-0.8171137515258552,214031354.81999928,18.771840027034845,51.35536158553215,279.94338187889076,18.835000228881835,20.040446446850165,17.629554010913505,12.800065870133443,0.11217655486637122,0.0,0.0,18.5650000890096,19.070000394185385,18.059999783833824,5.440347996278637,-0.15841590951896323,0.0,1.0,17.649999618530273,21.700000762939453,19.675000190734863,21.502527715390492,0.06172837761913037,0.7204293799249645,10.70251762804681,-0.0858585518263908,0.13287550687174188,-0.21873405869813267,18.537500222524006,19.348077113811787,18.517168267895215,18.603026819721606,0.7965116820636975,1.087209500900224,-0.29069781883652657,0.11432594031476247,23.468093449939083,-0.1349994659423821,17.49157935865319,75.02467477922832,-57.53309542057513,18.5,20.024999618530273,19.262499809265137,18.47499990463257,0.000190734817806515,20.720349392336885,19.458796964641277,22.911456906177875,-149.34388091978565,17.90000033378601,17.375000476837158,20.0,96.0,-76.0,20.107104274658205,20.09232985404995,0.0,0.0,43.01716953358447,0.16201094496477433,0.21456960603291086,0.2155247609007764,-2.8065460156648396,33.57799404168271,10.638296145451948,14.781659286264933,-89.36170385454805,-0.7851471564348991,-5.54090291364351,-0.4615300115321538,0.7112592253715737,-1.1727892369037276,-41.729426023122016,-36.23129168138248,-5.4981343417395365,19.234744792757326,1.1299369885315658,1.1236008851844836,276.84209723221625
2023-10-11 00:00:00+05:30,18.0,18.399999618530273,18.0,18.100000381469727,5796378,0.0,0.0,-796845348.7645062,2236042928,-0.2651932066755641,47148.090477572725,1.2076508732982976,-0.812507012240018,214096119.06843454,18.620804687777603,44.85906528347435,283.07125289279116,18.710000228881835,19.645735464846734,17.774264992916937,10.002514425632594,0.17405318087487778,0.0,0.0,18.50833339691162,19.01333351135254,18.003333282470702,5.457002568639535,0.09570997731955329,0.0,0.0,17.649999618530273,20.850000381469727,19.25,17.10315726239141,0.14062520489091757,0.698386441932468,10.318060423884532,-0.1127770090127953,0.08374500369483444,-0.19652201270762976,18.487500190734863,19.278846373924843,18.452988593060525,18.56576560207332,0.8086421235707252,1.1296297342852177,-0.32098761071449255,0.07198287236058121,23.13336340473023,-0.16000099182128835,6.934789740852559,60.09452065469012,-53.15973091383756,18.5,20.024999618530273,19.262499809265137,18.47499990463257,9.53674089032575e-05,19.55763489595552,19.961913367364843,21.81791823023111,-115.49037462689725,18.27500033378601,17.750000476837158,16.0,92.0,-76.0,20.107104274658205,19.94579003991877,0.0,0.0,45.23673517273751,0.38424121329602784,0.18208405275360065,0.20421866570707348,-3.870908636501088,34.16252459383852,22.500038146972656,11.755347406590003,-77.49996185302734,-0.8661766557132502,-3.208558058772039,-0.6074460457488541,0.44751817114748815,-1.0549642168963422,-43.063923885259754,-37.59781812215794,-5.466105763101815,19.19223614429314,1.1173227217972093,1.1111267811903858,281.052639609889
2023-10-12 00:00:00+05:30,18.200000762939453,18.950000762939453,18.200000762939453,18.649999618530273,11369393,0.0,0.0,-794571504.8611401,2247412321,-0.1306484113547818,933720.8598152798,2.47375313049463,-0.45196373826772035,214441597.37473574,18.572456434783092,54.74722567092618,283.07125289279116,18.727500247955323,19.644819865725278,17.810180630185368,9.796498257903998,0.4577570195143886,0.0,0.0,18.50000006357829,19.045000139872233,17.954999987284342,5.891892696442843,0.6376142513336859,0.0,0.0,17.649999618530273,20.0,18.824999809265137,12.548393273823615,0.4255318458180779,0.7135478358861939,9.682152857373163,-0.0887071772535748,0.049254567505152586,-0.13796174475872738,18.49583355585734,19.21153868161715,18.483297981594333,18.572005158847908,0.8509318756930425,1.0062110829945126,-0.15527920730147005,0.039725138748306583,22.84447122666279,-0.02749948501586985,1.163547968050277,46.2197657178421,-45.05621774979183,18.449999809265137,20.024999618530273,19.237499713897705,18.47499990463257,4.768370445162875e-05,18.732591814435942,23.557495165800198,20.06465569435273,-32.01850195931715,18.362500429153442,17.750000476837158,12.0,88.0,-76.0,20.107104274658205,19.80804261463546,0.0,0.0,50.90062804129228,0.8735208590418807,0.4732576724342275,0.2899704437402462,-3.131099375794006,39.15344023179369,58.82350301248752,30.653945768304027,-41.17649698751248,-0.8532354691449342,0.5390856365640084,-0.4776392020939845,0.26248669649919365,-0.7401258985931782,-40.478429027355396,-38.17394030319743,-2.304488724157963,19.189306555665528,3.0386697539720453,2.9934166288228425,292.6315709164268
2023-10-13 00:00:00+05:30,18.5,19.450000762939453,18.399999618530273,19.149999618530273,19975866,0.0,0.0,-786010450.5353435,2267388187,-0.2479369269903315,2227179.736984526,1.8397189875409594,-0.16975769862654852,214977143.3910518,18.620988537069927,66.7721460595007,283.07125289279116,18.722500228881835,19.629404427699203,17.815596030064466,9.687853520956072,0.7356915924559129,0.0,0.0,18.498333358764647,19.083333587646486,17.913333129882812,6.3248966005324965,1.0569794912826038,1.0,0.0,17.649999618530273,20.0,18.824999809265137,12.551744439797375,0.6382977687271169,0.7471931667384925,8.859661848629887,-0.02895209906895957,0.03361323419033016,-0.06256533325928973,18.53333346048991,19.142307868370644,18.585867464199865,18.614819563268824,0.9047620345134594,0.8988095197547877,0.005952514758671645,0.02071378618199644,22.76002277941985,-0.02249946594238139,-1.9052371739224472,34.23330923824432,-36.13854641216676,18.550000190734863,20.024999618530273,19.28749990463257,18.47499990463257,50.000023841852226,18.65315837025909,25.88131369297088,18.12684560051462,41.47464120019425,18.65000033378601,18.000000476837158,8.0,84.0,-76.0,20.107104274658205,19.67856003486915,0.0,0.0,55.415091847513054,1.0,0.7525873574459694,0.4693096942112657,-1.094513478543983,45.791808471271274,83.33328035146054,54.88560717030689,-16.66671964853945,-0.8132353277767379,2.4064108942853593,-0.1555325259563004,0.17888285200809484,-0.33441537796439524,-32.779427980995806,-37.09503783875711,4.315609857761302,19.188988459235095,2.680965202289931,2.6456570070881202,303.15788670590047
2023-10-16 00:00:00+05:30,19.299999237060547,20.5,19.149999618530273,19.950000762939453,46559797,0.0,0.0,-777388202.5600557,2313947984,-0.14459077742658152,7230138.472195178,2.609547091321033,0.13253567041686717,216922203.0059573,18.980621474319744,79.93395584403713,283.07125289279116,18.747500228881837,19.755208188880214,17.73979226888346,10.750318151173381,1.0966513026549638,1.0,0.0,18.585000038146973,19.260000228881836,17.90999984741211,7.263924555817914,1.5111113622845227,1.0,0.0,17.649999618530273,20.5,19.074999809265137,15.202028786105048,0.8070178373881776,0.8074738882116158,7.860017491663976,0.08201225118888189,0.04329303759004051,0.03871921359884138,18.637500127156574,19.07500017606295,18.795734125544417,18.713721874355535,1.010810847592391,0.756756857070157,0.2540539905222339,0.019669226351631975,22.85598728368448,0.25249977111816335,-0.3291291932372542,24.416741012896086,-24.74587020613334,19.074999809265137,20.024999618530273,19.549999713897705,18.524999618530273,75.00001192092611,19.70422283437483,32.00253667302609,15.98876868865158,189.42731761196416,18.899999618530273,18.22499990463257,4.0,80.0,-76.0,17.649999618530273,19.67856003486915,1.0,0.0,61.5126207209039,1.0,0.9578402863472935,0.7278951054091634,2.7509114790070806,47.53595773869629,80.70178373881775,74.28618903425526,-19.298216261182247,-0.5201470431159514,6.684491705889709,0.4382466071661987,0.2307556030397156,0.20749100412648308,-13.123536364748592,-32.30073754395541,19.177201179206815,19.220830071919295,4.177551751150266,4.092648587188608,320.00001606188323
2023-10-17 00:00:00+05:30,20.100000381469727,20.350000381469727,19.5,19.700000762939453,13604334,0.0,0.0,-784590475.4819689,2300343650,-0.13451996290412183,5711392.476167296,0.6248035544877518,0.13014731998124374,216751722.63653708,19.05954818780382,72.51855081798482,279.5239942202671,18.777500247955324,19.85846070515418,17.696539790756468,11.513358465449215,0.9267040985822224,0.0,0.0,18.681666755676268,19.406666946411132,17.956666564941408,7.761622131650292,1.2022991305912603,1.0,0.0,17.649999618530273,20.5,19.074999809265137,15.177741146775181,0.7192985508837046,0.811726537537427,6.829463109016391,0.14807249995284266,0.06424893006260093,0.08382356989024173,18.695833524068195,18.990384835463303,18.93485206975904,18.786779569806196,1.0309279445177997,0.7886599306472497,0.24226801387054997,0.028050664449980528,22.929117165204485,0.17250051498412944,2.8949476263793352,17.105171364507235,-14.210223738127901,19.074999809265137,20.024999618530273,19.549999713897705,18.75,87.50000596046306,20.680211265339445,29.63257969611215,14.804715865180512,168.3708532301502,19.299999713897705,18.424999713897705,0.0,76.0,-76.0,17.706999626159668,19.67856003486915,0.0,0.0,58.806033899302456,0.8693975236975608,0.9564658412325201,0.8889644950085942,5.042235024661656,43.70771455183745,71.92985508837046,78.65497305954956,-28.070144911629537,-0.20485280541812756,3.684214541786596,0.7881739358395536,0.3422392695996832,0.44593466623987044,-13.930814092803354,-28.626752853724994,14.69593876092164,19.237708896701673,-1.2531327841571738,-1.2610507106617597,314.7368581671464
2023-10-18 00:00:00+05:30,19.700000762939453,19.850000381469727,18.899999618530273,18.950000762939453,11179333,0.0,0.0,-794593010.5981404,2289164317,-0.17030403650498765,3697693.5867148256,-4.673808364192791,-0.15696824371433646,216326113.52865455,19.079157593826757,69.49506215134863,268.88221820269507,18.762500286102295,19.824985861064466,17.700014711140124,11.325628874198308,0.5882367164579312,0.0,0.0,18.76666679382324,19.521667098999025,18.01166648864746,8.046184370090474,0.6214131755042973,0.0,0.0,17.649999618530273,20.5,19.074999809265137,15.189875219246609,0.4561406913702859,0.8255539600776295,5.760708879115578,0.1383126093838314,0.07906166592684703,0.059250943456984353,18.695833524068195,18.892307941730206,18.93718263794064,18.79887002855681,0.9757281625312397,0.8398059097420673,0.13592225278917247,0.03451177116225373,22.993379688735928,0.03749895095825195,2.2732995231010107,11.221669039309187,-8.948369516208176,19.074999809265137,19.675000190734863,19.375,18.75,93.75000298023153,20.51534490252022,27.20745797225102,18.76192512862121,68.03561281969995,19.375,18.47499990463257,0.0,72.0,-72.0,17.762859633636474,19.67856003486915,0.0,0.0,51.48688934366816,0.5162226705015468,0.7952067313997024,0.9031709529931718,4.673029346094455,42.47593938980894,45.614069137028594,66.08190265473893,-54.385930862971406,-0.009558632794551158,0.0,0.7357495911920492,0.4209413339181564,0.3148082572738928,-15.648910050683746,-26.03118429311675,10.382274242433002,19.231348220675528,-3.8071064515435626,-3.8814702682741675,298.9473844829359
2023-10-19 00:00:00+05:30,18.950000762939453,20.200000762939453,18.75,20.0,28229318,0.0,0.0,-774151116.2762011,2317393635,-0.0556645325250809,7403846.269004075,0.5136526125970874,-0.23377715275557515,217890269.7908911,19.168693745914375,71.86105693492826,268.88221820269507,18.795000267028808,19.96200516758828,17.627995366469335,12.418248299859776,1.0162787801462978,1.0,0.0,18.890000089009604,19.750000508626304,18.0299996693929,9.105351144143814,1.1453484705769794,1.0,0.0,17.649999618530273,20.5,19.074999809265137,15.163609156576333,0.8245614269910542,0.8879986403638117,4.850570764641139,0.2128503823003065,0.10581940920153894,0.10703097309876757,18.795833587646484,18.86923100398137,19.10069300133439,18.887842619034082,0.9459459320135287,0.8648649159503945,0.08108101606313423,0.05027189521834719,22.979541020022253,-0.495001029968261,2.884289300327922,6.732095598324733,-3.847806297996811,19.074999809265137,19.25,19.16249990463257,18.75,96.87500149011575,20.74692937687099,26.843501308522903,16.537296355041498,131.59653778419022,19.424999713897705,18.47499990463257,0.0,68.0,-68.0,17.817602440963743,19.67856003486915,0.0,0.0,59.15204765695027,0.8860939227278268,0.7572380389756447,0.8363035372026223,7.054427539716823,49.545989817918176,82.45614269910541,66.66668897483481,-17.54385730089458,0.1277942096485809,6.382983040626325,1.1269173859263741,0.5621365443198,0.5647808416065742,-8.880213494772905,-22.60099013344798,13.720776638675074,19.272964530261703,5.540892848479628,5.392830176489927,321.05263157894734
2023-10-20 00:00:00+05:30,20.0,20.350000381469727,19.299999237060547,19.399999618530273,14323122,0.0,0.0,-785746017.1281312,2303070513,-0.07820843883813287,5118456.99288386,2.565780000531579,-0.05050664899547346,217460575.85769925,19.211062517200574,76.12652599488752,260.8157465280929,18.81750020980835,20.012604916746795,17.622395502869907,12.70205599695451,0.7437022485729047,0.0,0.0,18.995000076293945,19.90000057220459,18.0899995803833,9.528828557785582,0.7237565305579216,0.0,0.0,17.649999618530273,20.5,19.074999809265137,15.145478143713293,0.6140350055313103,0.9041988907683486,4.425874601368001,0.22095999865835836,0.12884752709290284,0.09211247156545552,18.887500286102295,18.911538710960976,19.146740173210677,18.92578017455232,0.9871795247997611,0.8504274089477765,0.13675211585198466,0.06522201663866098,23.041594426228276,-0.3674994468688979,1.0156251630506512,3.6026347014727924,-2.587009538422141,19.149999618530273,19.074999809265137,19.112499713897705,18.75,98.43750074505787,21.122899942541903,25.780599880041464,15.137571766581642,123.28164830596086,19.46250009536743,18.47499990463257,84.0,64.0,20.0,17.871250392144468,19.67856003486915,0.0,0.0,53.9102464096079,0.6331583000002075,0.6784916310765269,0.7436454671506244,7.176497475566973,45.610166555387266,61.40350055313103,63.157904129754996,-38.59649944686897,0.2857353378744705,6.010931296882474,1.1675080055905018,0.6832108365739404,0.4842971690165614,-9.810962121481806,-20.042984531054746,10.23202240957294,19.275312706621914,-3.0000019073486373,-3.0459227148096346,308.4210446006374
2023-10-23 00:00:00+05:30,19.549999237060547,19.75,17.549999237060547,17.700000762939453,17311778,0.0,0.0,-800697074.9325552,2285758735,-0.1124634789395551,182962.7384372605,-14.932038269383435,-1.070614585419176,215943565.3748675,19.14714401982517,72.04382345593697,260.8157465280929,18.76750020980835,20.057955571025463,17.477044848591238,13.752021812075851,0.08638652720925244,0.0,0.0,19.036666742960612,20.086667315165204,17.98666617075602,11.031348989631933,-0.13650726266495347,0.0,1.0,17.549999237060547,20.5,19.024999618530273,15.71866647108234,0.05084796172372547,1.033779077985459,5.313854354739703,0.08918317970476508,0.1209146576152753,-0.03173147791051022,18.825000286102295,18.851923355689415,18.9241648793228,18.834981699618034,0.8634686565021209,0.9040591320088878,-0.040590475506766865,0.06116721271437261,23.421359364864696,-0.0674994468688972,-3.6548970509578456,1.2530262115160105,-4.907923262473856,19.024999618530273,19.024999618530273,19.024999618530273,18.774999618530273,74.21824298072637,20.193192116391874,21.646479653020133,25.465873597124467,-70.94215068817145,19.512499809265137,18.47499990463257,80.0,100.0,-20.0,17.871250392144468,20.5,0.0,1.0,42.43594132680881,0.07948211799007476,0.5329114469060362,0.6562137056527357,2.782469839254761,37.06166030674036,5.084796172372547,49.648146474869655,-94.91520382762745,0.09926472832174937,-4.065040482310041,0.4734975649409507,0.6412681822473425,-0.1677706173063918,-9.102381932950406,-17.85486401143388,8.752482078483473,19.268755737033224,-8.762880871229683,-9.170836372218805,272.6315950092516
2023-10-25 00:00:00+05:30,17.700000762939453,18.25,16.700000762939453,17.200000762939453,13059545,0.0,0.0,-805331102.8821298,2272699190,-0.11613099544431316,-775999.4384823481,-13.945722618901135,-1.7816531185408895,215574651.69020414,19.06895559621006,70.6854084602417,253.44807039007281,18.700000286102295,20.159109483198357,17.240891089006233,15.60544571948976,-0.014012085643816223,0.0,1.0,18.976666831970213,20.136667251586914,17.816666412353516,12.225544452964021,-0.2658040630786277,0.0,1.0,16.700000762939453,20.5,18.600000381469727,20.320851224182487,0.13157897378599745,1.0854010938929677,6.303965194376312,-0.054963139187137244,0.0857390982547928,-0.14070223744193006,18.700000286102295,18.765384894150955,18.658908861417668,18.713872000604805,0.8611111626212788,0.9930555316401205,-0.13194436901884166,0.03927025541599903,23.80191561557017,-0.9999995231628418,-9.545015261591628,-0.5780632332000103,-8.966952028391617,18.600000381469727,18.600000381469727,18.600000381469727,18.899999618530273,49.60836040265934,20.1441589817317,19.298439048777695,28.652001092843793,-176.3303767641142,19.574999809265137,18.47499990463257,76.0,100.0,-24.0,17.871250392144468,20.44099998474121,0.0,0.0,39.7557772419526,0.0,0.23754680599676062,0.48298329465977446,-1.601692821078899,34.81133788869723,13.157897378599746,26.548731368034428,-86.84210262140026,-0.31058819153729544,-8.02139004706765,-0.29370265643240967,0.45427401451139204,-0.7479766709438017,-10.420599508987278,-16.368011110944558,5.947411601957279,19.236118424289202,-2.824858635299654,-2.865525450735529,262.10527921977797
2023-10-26 00:00:00+05:30,16.950000762939453,17.149999618530273,16.100000381469727,16.899999618530273,16884848,0.0,0.0,-796486664.5338876,2255814342,-0.07307931093968964,-1388781.479152734,-5.2858027033727915,-2.1500576232822395,215280147.41703635,18.914462235677334,64.98542754919112,253.44807039007281,18.610000228881837,20.266683689444985,16.95331676831869,17.804228266392535,-0.016091531984719746,0.0,1.0,18.831666819254558,20.056667200724284,17.60666643778483,13.010004830982005,-0.2884353466105519,0.0,1.0,16.100000381469727,20.5,18.300000190734863,23.643200238663525,0.18181802418604973,1.0868610226506434,7.417045374599976,-0.1912036439791045,0.030350549808013334,-0.22155419378711783,18.633333524068195,18.680769480191746,18.388307439434993,18.579511083414097,0.8178807420012651,1.0529800605096635,-0.23509931850839838,0.003196069586454729,24.16840300686306,-0.7100006103515639,-16.298177804554033,-2.5182549857116,-13.779922818842433,18.300000190734863,18.300000190734863,18.300000190734863,18.949999809265137,31.053292265675186,20.59410576393042,17.82104128810782,30.63428335612589,-211.17118571661973,19.59999990463257,18.47499990463257,72.0,100.0,-28.0,17.871250392144468,20.29136001586914,0.0,0.0,38.196964371348635,0.0,0.02649403933002481,0.26565076407760707,-5.522539820990515,35.73467829305261,18.181802418604974,12.14149865652574,-81.81819758139503,-0.7436764156117164,-4.519780282067756,-1.029110201666134,0.15759717127588685,-1.1867073729420208,-9.580445162201789,-15.010497921196004,5.430052758994215,19.170386164208736,-1.7441926226863136,-1.7595828819496617,255.78946565326893
2023-10-27 00:00:00+05:30,17.149999618530273,17.700000762939453,17.100000381469727,17.600000381469727,8007889,0.0,0.0,-791148080.3526801,2263822231,-0.05461350325195249,-389594.35219742137,5.8067817743478995,-1.8335524091284865,215611835.49609336,18.873546108425774,64.79724655121558,263.9459311381911,18.555000209808348,20.268155193818703,16.841845225797993,18.465696196594656,0.22127453813225778,0.0,0.0,18.71833349863688,19.928333918253582,17.508333079020183,12.928505838458484,0.03787903746288861,0.0,0.0,16.100000381469727,20.5,18.300000190734863,23.71328250486568,0.3409091204651157,1.058175034826497,8.030707996999041,-0.23992530460466455,-0.02370462107452224,-0.21622068353014232,18.608333587646484,18.61730795640212,18.26702943051726,18.506954735121923,0.8660130572291598,1.0228755823332223,-0.1568625251040625,-0.03356406882503384,24.36884370389073,-0.4549998283386216,-22.580489283823123,-4.815505220145009,-17.764984063678114,18.300000190734863,18.300000190734863,18.300000190734863,18.97499990463257,17.99394814249576,20.303806945884983,20.701977434280618,28.901372670380393,-113.25894909734556,19.612499952316284,18.47499990463257,68.0,96.0,-28.0,17.871250392144468,20.039878437805175,0.0,0.0,43.74007061231623,0.23774180567184972,0.07924726855728313,0.11442937129468937,-6.80913806202587,39.63754769509904,34.09091204651157,21.81020394790541,-65.90908795348844,-1.0432352234335518,-1.6759734271166375,-1.2964061783181529,-0.1332034986429211,-1.1632026796752317,-13.160499354225822,-14.640498207801969,1.4799988535761468,19.133652030043116,4.142016442248475,4.05853243616674,270.52632382041526
2023-10-30 00:00:00+05:30,17.600000381469727,17.799999237060547,17.200000762939453,17.350000381469727,6767032,0.0,0.0,-794531596.3526801,2257055199,-0.06473087807283406,-575617.7304549327,0.8866443086160755,-1.4506456873296312,215515712.8845404,18.871687567888205,65.6474648213445,260.19669924305873,18.472500228881835,20.249710111375496,16.695290346388173,19.24168207306324,0.18419603715091554,0.0,0.0,18.56333351135254,19.72833366394043,17.39833335876465,12.551626590939884,-0.0207437643624155,0.0,1.0,16.100000381469727,20.5,18.300000190734863,23.81918832866411,0.28409093372092975,1.0123573787559568,8.475773468971372,-0.2953063742730677,-0.07802497171423134,-0.21728140255883638,18.545833587646484,18.540384879479042,18.1259480383561,18.421254412629168,0.9326599516882215,1.0033669510392094,-0.0707069993509879,-0.07177091036944304,24.471139999885214,0.17749938964843892,-30.697103887394285,-8.189724630606902,-22.50737925678738,18.225000381469727,18.300000190734863,18.262500286102295,18.97499990463257,8.99697407124788,19.90839817090573,20.525654061110593,27.638590150580413,-101.60595321098153,19.612499952316284,18.47499990463257,64.0,92.0,-28.0,17.871250392144468,19.803485754425047,0.0,0.0,42.28152434484586,0.17518528804251912,0.13764236457145618,0.08112789081958789,-8.30091079685972,41.772478498643345,28.409093372092972,26.89393594573649,-71.59090662790703,-1.385441090078917,-4.1436463215096335,-1.6030741862541824,-0.4271776361651734,-1.175896550089009,-16.816865932413286,-15.075771752724233,-1.7410941796890533,19.046064000406627,-1.4204545146670244,-1.4306395338926414,265.2631659256785
2023-10-31 00:00:00+05:30,17.450000762939453,17.799999237060547,17.25,17.399999618530273,6122419,0.0,0.0,-797314517.9403176,2263177618,-0.06755438708561784,-449655.72910922853,0.22458069463156805,-1.434604209141662,215533356.4737182,18.86323034248104,65.41894633193591,260.9465341803375,18.395000171661376,20.21678503568684,16.573215307635913,19.807391650172796,0.2269160116599818,0.0,0.0,18.325000127156574,19.41000016530355,17.240000089009605,11.841746582463225,0.07373249949093315,0.0,0.0,16.100000381469727,20.5,18.300000190734863,23.919541057187605,0.2954543976744216,0.9661215645864157,8.938636652076243,-0.3313422432873807,-0.1286884260288612,-0.2026538172585195,18.441666920979817,18.48076945084792,18.014263666075202,18.345605909362583,0.9326598232472724,0.9999998715590509,-0.06734004831177853,-0.10869691635171476,24.526945552437265,0.7549994468688972,-40.44247235276646,-13.004993517178656,-27.437478835587804,18.225000381469727,18.300000190734863,18.262500286102295,19.024999618530273,4.49848703562394,19.541232879853567,19.67693460474847,26.49575644903907,-88.67598552019413,19.637499809265137,18.47499990463257,60.0,88.0,-28.0,17.871250392144468,19.58127663204773,0.0,0.0,42.69310566486731,0.19283786079667614,0.20192165150368155,0.13960376154414014,-9.342560562547325,36.353927659803105,29.54543976744216,30.681815062015556,-70.45456023255784,-1.486176372976864,-6.702413005724807,-1.8061122915448762,-0.702964567241114,-1.1031477243037622,-20.25695299767689,-16.112008001714766,-4.144944995962124,18.883573791983636,0.2881800343586649,0.28776559173402383,266.3157814427426
2023-11-01 00:00:00+05:30,17.450000762939453,17.600000381469727,17.100000381469727,17.25,5649257,0.0,0.0,-799574229.3603997,2257528361,-0.061547918154172515,-506474.3956621211,-1.5488694978874822,-1.631498521369218,215484656.10512295,18.841776254037153,62.98602204500189,258.69700076413193,18.31750020980835,20.194805551107276,16.440194868509426,20.497396694923435,0.2156828496876971,0.0,0.0,18.071666781107584,19.121666781107585,17.021666781107584,11.620400184643598,0.10873010423448388,0.0,0.0,16.100000381469727,20.5,18.300000190734863,24.02074283135116,0.2613635723255827,0.9195094081277742,9.581283833824239,-0.3677652755512959,-0.17650379593334814,-0.19126147961794776,18.283333619435627,18.425000190734863,17.89668464052517,18.264449916076465,0.9158248111693277,1.0303028162347818,-0.11447800506545414,-0.14458835046023055,24.572795669215836,1.632500553131102,-50.58425609990403,-18.878055253068105,-31.706200846835927,18.225000381469727,18.300000190734863,18.262500286102295,19.049999713897705,2.24924351781197,19.35631847032141,18.91136847605716,26.632092306992927,-93.59821421654223,19.475000143051147,18.47499990463257,56.00000000000001,84.0,-27.999999999999993,17.871250392144468,19.37240005701305,0.0,0.0,41.731674762018436,0.15160243990889086,0.17320852958269528,0.17092418188594416,-10.472207816573011,38.044591155644596,26.13635723255827,28.030296790697786,-73.86364276744173,-1.4038234430200944,-9.921669223908292,-2.0135579075260677,-0.9650832352981048,-1.0484746722279628,-23.429209674333006,-17.575448336238416,-5.853761338094589,18.728241636220556,-0.862066792062055,-0.8658040819566892,263.15789473684214
2023-11-02 00:00:00+05:30,17.350000381469727,17.75,17.25,17.399999618530273,7540520,0.0,0.0,-802590448.8663201,2265068881,-0.061252348394179645,-272538.7500646899,0.9946238358248067,-1.7371506138456336,215550225.67750093,18.80636889238568,62.25658225388732,258.69700076413193,18.272500228881835,20.19199900760654,16.35300145015713,21.009700420643167,0.27272696913846384,0.0,0.0,17.895000076293947,18.9,16.89000015258789,11.232186861372611,0.2537310968451122,0.0,0.0,16.100000381469727,20.5,18.300000190734863,24.07989910201537,0.2954543976744216,0.8775584673149968,10.179884538546082,-0.38014500048441136,-0.2172320368435608,-0.16291296364085056,18.070833524068195,18.380769436176006,17.820271560218263,18.200416560702674,0.9172412169249391,1.0655171452181205,-0.14827592829318137,-0.17647078819961098,24.62857300377535,1.427500534057618,-57.04878882462112,-25.53728615584022,-31.5115026687809,18.225000381469727,18.300000190734863,18.262500286102295,19.25,1.124621758905985,18.96024401922453,19.357290621889472,25.561092568685158,-72.39093834648168,19.387500286102295,18.47499990463257,52.0,80.0,-28.0,17.871250392144468,19.17605607648045,0.0,0.0,43.11133067885425,0.21077537916273828,0.185071893289435,0.18673402479193713,-11.010941315639238,43.794490423405776,29.54543976744216,28.409078922480848,-70.45456023255784,-1.1707351965062749,-12.781960134789788,-2.0886609887006613,-1.189798785978616,-0.8988622027220452,-24.7877984927079,-19.017918367532314,-5.769880125175586,18.65440792105204,0.8695630059726067,0.8658040819566892,266.3157814427426
2023-11-03 00:00:00+05:30,17.799999237060547,18.299999237060547,17.600000381469727,17.75,13071674,0.0,0.0,-810059981.9545406,2278140555,-0.09478711776195849,419979.7694371096,2.4097858583505305,-1.69643155164495,215813161.94110727,18.729879504455123,60.846380030973364,258.69700076413193,18.237500190734863,20.168270907511623,16.306729473958104,21.17363341010565,0.3737550278500445,0.0,0.0,17.718333371480306,18.648333104451496,16.788333638509116,10.497598317775548,0.5170250739849812,0.0,0.0,16.100000381469727,20.5,18.300000190734863,24.126111432561302,0.37499994581395457,0.8798025824365243,10.614623299465608,-0.35759182006707846,-0.24530399348826437,-0.11228782657881409,17.90833346048991,18.34423094529372,17.809460550953915,18.167052371020993,0.9128918670401437,1.0487804002746581,-0.13588853323451444,-0.20036118106402695,24.73865573134266,0.7125005722045898,-66.99378624370793,-33.09388742325784,-33.89989882045009,17.925000190734863,18.300000190734863,18.112500190734863,19.25,0.5623108794529925,17.812959510493705,22.37679919573365,23.712589938679283,-34.58313310582116,19.324999809265137,18.47499990463257,48.0,76.0,-28.0,17.871250392144468,18.991492734779808,0.0,0.0,46.306007955871294,0.34779392280232063,0.23672391395798312,0.19833477894337095,-10.563748224519584,44.947837320962726,37.49999458139546,31.060597193798618,-62.50000541860454,-1.0357353378744705,-9.898480646802229,-1.9683535488535706,-1.345509738553607,-0.6228438102999636,-22.029900387620437,-19.62031477154994,-2.4095856160704976,18.54377911928517,2.011496489327458,1.9915331624488886,273.6842105263158
2023-11-06 00:00:00+05:30,17.899999618530273,18.649999618530273,17.850000381469727,18.450000762939453,15721451,0.0,0.0,-802199218.9716448,2293862006,-0.07460512674148852,1932129.4730196977,1.5265761646676834,-1.7737866178344748,216433163.50136164,18.39503957087639,53.20634308713439,258.69700076413193,18.225000190734864,20.14684839065654,16.303151990813188,21.090240656334217,0.5585375505239589,0.0,0.0,17.581666755676267,18.4866662979126,16.67666721343994,10.29480941497368,0.9797427881109517,0.0,0.0,16.100000381469727,20.5,18.300000190734863,24.142658833919377,0.5340910420930205,0.8818222860458992,10.814823259654915,-0.2800063122114125,-0.252244457232894,-0.027761854978518463,17.866666793823242,18.334615560678337,17.908005198951688,18.1880115111631,0.8669063247673721,1.093524977482311,-0.22661865271493897,-0.21018465181921372,24.849101872324898,1.774999809265136,-72.76911251989931,-40.77324469758467,-31.995867822314636,17.375,18.300000190734863,17.83750009536743,19.25,3.4662785145838493,16.78678710588573,23.56984896226467,21.999287773063337,2.3794669458236823,19.362499713897705,18.47499990463257,44.0,72.0,-28.0,17.871250392144468,18.8180031935812,0.0,0.0,52.099684798877206,0.6634533606020651,0.4073408875223746,0.2763788982565974,-8.43059256378651,45.325345420730365,55.294126622817096,40.77985365721822,-44.705873377182904,-0.8467647552490227,-2.638522321211991,-1.5395103089722337,-1.3843098526373325,-0.1552004563349012,-17.902281943067216,-19.276708205853396,1.37442626278618,18.5406569805879,3.943666270081425,3.867889591684248,288.42106869346213
2023-11-07 00:00:00+05:30,18.549999237060547,19.899999618530273,18.149999618530273,19.600000381469727,47560551,0.0,0.0,-770945101.1307068,2341422557,0.05959727004216009,9469627.47788683,2.851626618934626,-1.614727827516841,219397641.18403766,18.486244100563646,67.8245164506823,258.69700076413193,18.320000171661377,20.315094340643157,16.324906002679597,21.780503824098506,0.8207869156526113,0.0,0.0,17.670000076293945,18.52999954223633,16.810000610351562,9.734006363657667,1.6220938975007941,1.0,0.0,16.100000381469727,20.5,18.300000190734863,24.017464941602416,0.7954546144186032,0.9686400574413092,10.822843831854325,-0.12429112922565366,-0.22665379163144594,0.10236266240579228,17.833333492279053,18.35769249842717,18.16831215010831,18.292603279333964,0.871621399573656,0.9932430891158318,-0.12162168954217578,-0.19765449335280855,25.171174587378218,1.0799994468688965,-64.75358618464354,-46.907530355701546,-17.846055828941992,18.0,18.300000190734863,18.15000009536743,19.25,51.733139257291924,17.15597341678861,29.85923775618219,19.108235382530342,69.56753323305067,19.449999809265137,18.47499990463257,40.0,68.0,-28.0,16.100000381469727,18.8180031935812,1.0,0.0,59.77815091345266,1.0,0.6704157611347951,0.4381601875383841,-3.925984733271701,50.300400609085116,82.3529411764706,58.38235412689437,-17.647058823529413,-0.5372059373294604,-1.9999980926513672,-0.6794611315168648,-1.2433401084132392,0.5638789768963743,2.3753059474931466,-14.946305375184089,17.321611322677235,18.656427115966487,6.233060005288893,6.046517386094541,312.63158697831005
2023-11-08 00:00:00+05:30,19.799999237060547,19.899999618530273,19.149999618530273,19.299999237060547,19347761,0.0,0.0,-782553777.4122671,2322074796,0.03472725396225613,7287630.632223669,1.9382087674124153,-1.1424408895450406,219101500.86114037,18.533123334213847,74.38289487228019,254.73733776545998,18.39000015258789,20.41918725448284,16.360813050692943,22.06837504141505,0.7242274957353259,0.0,0.0,17.87666664123535,18.65666618347168,17.096667098999024,8.726453962475702,1.4123932250936817,1.0,0.0,16.100000381469727,20.5,18.300000190734863,23.926044491691282,0.7272725302325622,0.9467760516971783,10.780272454909491,-0.024807346335251168,-0.186284502572207,0.16147715623695583,17.825000127156574,18.371153978201058,18.342417855793272,18.367225202128523,0.9794518463068963,0.9589039538944204,0.0205478924124759,-0.17332635406409114,25.46085733482277,-0.6899993896484382,-55.96973638091147,-51.315481308630154,-4.654255072281316,18.5,18.300000190734863,18.40000009536743,19.25,75.86656962864596,17.49878927691271,28.15173873831265,18.015531897755846,78.32627393520777,19.487499713897705,18.47499990463257,36.0,64.0,-28.0,16.17600036621094,18.8180031935812,0.0,0.0,57.20207996403018,0.8806334885991246,0.8480289497337298,0.6419285327969663,-1.0652076741776788,49.74382661255095,75.29409071978401,70.98038617302389,-24.70590928021599,-0.109559003044577,-0.5154658940003758,-0.1350631141190359,-1.0216847095543986,0.8866215954353627,3.0346773530562445,-11.350108829536023,14.384786182592267,18.745935121885978,-1.5306180539302772,-1.5424529318915248,306.31577341180105
2023-11-09 00:00:00+05:30,19.299999237060547,19.399999618530273,18.5,18.75,11259125,0.0,0.0,-787557830.3165774,2310815671,0.027844872763631526,5361896.233338956,-4.59626843998626,-1.507435250443851,218780645.39975372,18.39698342772756,66.3285192597587,247.47799336337303,18.422500133514404,20.45288810236015,16.39211216466866,22.042480164264365,0.5806495781867187,0.0,0.0,18.093333307902018,18.858332888285318,17.328333727518718,8.456148652821167,0.9291941518248688,0.0,0.0,16.100000381469727,20.5,18.300000190734863,23.883835454698943,0.6022726927906984,0.9420984083804879,10.842400639496889,0.009543910196100569,-0.14711882001854548,0.15666273021464605,17.91250006357829,18.369230930621807,18.405122801055846,18.395578890859746,0.9430602779217528,1.0177934595179146,-0.07473318159616171,-0.14751358982967366,25.683405661716364,-1.2224993705749512,-46.96133284333731,-54.02446392635395,7.063131083016643,18.5,18.300000190734863,18.40000009536743,19.25,87.93328481432297,16.91441333494885,26.21447539025614,21.745767268022508,31.851137540110706,19.487499713897705,18.47499990463257,32.0,60.0,-28.0,16.250480351257327,18.8180031935812,0.0,0.0,52.716812508965326,0.6728011969726062,0.8511448951905768,0.7898632020197004,-0.04386919377281854,47.349062442358125,62.35293220071232,73.33332136565564,-37.64706779928768,0.19661743500653373,5.932198823737071,0.05188154312905409,-0.8069714590177081,0.8588530021467622,-0.20990267089005246,-9.12206759780683,8.912164926916777,18.74635293604279,-2.849737092239979,-2.8911303963877533,294.7368421052631
2023-11-10 00:00:00+05:30,18.75,18.950000762939453,18.549999237060547,18.75,7686138,0.0,0.0,-787557830.3165774,2318501809,0.02126246639527924,4595911.057147677,-1.040837789817785,-1.7650508068973771,218780645.39975372,18.316820103775783,61.02147402898846,247.47799336337303,18.42750015258789,20.460595165774368,16.39440513940141,22.065879759615235,0.5793125371220736,0.0,0.0,18.22166659037272,18.96666628519694,17.476666895548504,8.177075254113502,0.8545863262077831,0.0,0.0,16.100000381469727,20.5,18.300000190734863,23.877354942864315,0.6022726927906984,0.8878887201303296,10.874657286202277,0.03634852531101984,-0.11042535095263242,0.14677387626365226,18.041666666666668,18.386538652273323,18.458180831662638,18.421832306351618,0.9029848441219286,1.0634325814156769,-0.16044773729374828,-0.12150788666364754,25.82009630753358,-1.5275005340576158,-42.86741775694915,-55.37672102297116,12.509303266022009,18.5,18.300000190734863,18.40000009536743,19.25,93.96664240716149,16.371778531696698,25.378574721381337,21.05236024255549,21.013130921048713,19.41249990463257,18.47499990463257,28.000000000000004,56.00000000000001,-28.000000000000004,16.323470736602786,18.8180031935812,0.0,0.0,52.716812508965326,0.6728011969726062,0.7420786275147789,0.8137508241463616,0.7662357472821808,49.12209202342238,69.73684606789962,69.1279563294653,-30.263153932100384,0.36985276166130276,9.011623071554181,0.19731221469477456,-0.6061147242752115,0.8034269389699861,-4.696603054318469,-8.236974689109157,3.540371634790688,18.746588665142514,0.0,0.0,294.7368421052631
2023-11-13 00:00:00+05:30,18.799999237060547,19.450000762939453,18.649999618530273,19.299999237060547,13930770,0.0,0.0,-778851144.735135,2332432579,0.022109133470743465,5033911.316364574,1.722808544760001,-0.5754188916014173,219189280.75290924,18.374391577688222,69.42948713494599,247.47799336337303,18.435000133514404,20.47977400086792,16.390226266160887,22.183605669046507,0.7115146122895446,0.0,0.0,18.389999898274738,19.154999860127766,17.62499993642171,8.319738619735364,1.094770839322367,1.0,0.0,16.100000381469727,20.5,18.300000190734863,23.8676408281179,0.7272725302325622,0.8790999625582145,10.439305103645452,0.1008096469436559,-0.06817835137337476,0.16898799831703065,18.24166663487752,18.41923090127798,18.58769135557001,18.486881708626353,1.0458331108093262,0.9791663487752279,0.06666676203409827,-0.09043756826847378,25.92175604792581,-0.834999752044677,-33.375071627729874,-54.59145427574487,21.216382648015,18.5,18.300000190734863,18.40000009536743,19.25,96.98332120358074,16.41604592228853,27.764205680381032,19.69941425677173,48.913708654101576,19.362500190734863,18.47499990463257,24.0,52.0,-28.0,16.395001314241338,18.8180031935812,0.0,0.0,56.65823078682145,0.8554333367841302,0.7336785769097807,0.7756340332050454,2.65442793888969,55.031171630890995,84.21051310700128,72.1000971252044,-15.789486892998724,0.5254410182728471,14.201181495286875,0.5453036836202402,-0.3758310426961212,0.9211347263163614,-5.116003127634184,-7.612780376814163,2.4967772491799787,18.819021771841932,2.933329264322926,2.8911303963877533,306.31577341180105
2023-11-15 00:00:00+05:30,19.549999237060547,19.850000381469727,19.299999237060547,19.399999618530273,13712990,0.0,0.0,-787577584.2705405,2346145569,-0.035018685047235314,4510681.7327539995,2.1056705430838436,0.5711091913975096,219260332.78841695,18.522411900223045,76.11817841923558,248.76026770119677,18.407500076293946,20.383676833521868,16.431323319066024,21.471430113130204,0.7511160852910127,0.0,0.0,18.59333324432373,19.358333396911622,17.82833309173584,8.228757507171927,1.0272328191554607,1.0,0.0,16.100000381469727,20.350000381469727,18.225000381469727,23.088414952519013,0.7764704087201286,0.846190080743311,9.749537066638451,0.15814178524095368,-0.02291432405050907,0.18105610929146276,18.391666571299236,18.446153934185322,18.712661857563894,18.55452007232294,1.1863631879003373,0.8045451763248138,0.38181801157552353,-0.05605481333189653,25.909676359181276,-1.0574996948242195,-21.313407488067,-51.33913776331853,30.025730275251533,18.574999809265137,18.300000190734863,18.4375,19.25,98.49166060179039,16.860058137552116,29.806429540441943,18.80466187610262,80.34186597495403,19.41249990463257,18.47499990463257,20.0,48.0,-28.0,16.465101280327115,18.8180031935812,0.0,0.0,57.35428873278606,0.8876863338381443,0.8053069558649603,0.7603547200965064,4.397132453699839,54.92409812063862,86.84210262140026,80.26315393210038,-13.157897378599746,0.608235168457032,10.227268170719404,0.8523086807125109,-0.1302030980143948,0.9825117787269056,-5.515220741430034,-7.193268449737338,1.6780477083073038,18.896673568670668,0.518136712035222,0.5167990025597202,308.4210446006374
2023-11-16 00:00:00+05:30,19.600000381469727,21.600000381469727,19.450000762939453,21.299999237060547,93603090,0.0,0.0,-720096391.1101608,2439748659,0.1738532114562332,29272846.527111266,2.182087448099516,1.1045299165026745,228427644.0662678,19.41921307832719,89.0776953913743,248.76026770119677,18.4875,20.77198534655997,16.203014653440032,24.713837420527042,1.1155651734198413,1.0,0.0,18.939999898274742,19.870000012715657,18.009999783833823,9.820487005658658,1.7688166926756534,1.0,0.0,16.100000381469727,21.600000381469727,18.850000381469727,29.749830966869506,0.9454543373801492,0.9815711489629251,8.825687197302411,0.3528248627613024,0.05223351331185323,0.3005913494494492,18.72083314259847,18.58461541395921,19.11071376210184,18.75788889934054,1.2314046942205457,0.586776622404627,0.6446280718159186,-0.0007331636938739993,26.194797056030996,-1.0875003814697273,1.5611505305600946,-44.82692227940951,46.3880728099696,19.600000381469727,18.850000381469727,19.225000381469727,19.25,99.2458303008952,18.612579065741084,37.94567604126649,15.727483277513594,164.29217850202687,19.262499809265137,18.47499990463257,100.0,44.0,56.0,16.533799247091178,18.8180031935812,0.0,0.0,67.90190934154342,1.0,0.9143732235407581,0.8177862521051661,9.844616435655585,60.04129750409323,93.33330790201823,88.12864121013992,-6.6666920979817705,0.7560294600094046,22.76656350860676,1.8809412117464162,0.27202576393776745,1.6089154478086487,25.354777317155552,-0.6836592963587593,26.03843661351431,19.470512112612663,9.793812659230428,9.343399049073042,348.42103656969573
2023-11-17 00:00:00+05:30,21.5,21.649999618530273,20.75,21.049999237060547,34513393,0.0,0.0,-731600904.2057911,2405235266,0.15975571819636328,23858390.130381085,1.7601835202430482,0.8154871840666137,228022557.27945763,19.67342758912824,90.18265383429394,245.84054614472402,18.592499923706054,21.13125403538709,16.053745812025017,27.309443292712253,0.9839971114270809,0.0,0.0,19.30833320617676,20.278333282470705,18.338333129882812,10.04747603986492,1.3977659246884424,1.0,0.0,16.100000381469727,21.649999618530273,18.875,29.850742287668986,0.8918918082973457,0.9734139959196598,8.228331724549408,0.48139052335119104,0.13806491531972082,0.3433256080314702,19.024999777475994,18.705769245441143,19.40906537363395,18.92767485028276,1.2704915674871495,0.6475409118439152,0.6229506556432344,0.06358141001824141,26.441771394456488,-1.342499923706054,23.75839381764156,-34.74334671703735,58.50174053467891,19.75,18.875,19.3125,19.25,99.6229151504476,20.27092484674409,35.76760180769146,14.669891073187763,166.55772962158258,19.262499809265137,18.47499990463257,100.0,40.0,60.0,16.73644729246632,18.8180031935812,0.0,0.0,65.60273317055159,0.9121453740124037,0.9332772359501825,0.8843191384519667,13.396587898638918,53.50980804935108,86.81317621808334,88.99619558050058,-13.186823781916654,1.1317647653467517,20.977009761788594,2.543315685412884,0.7262837482327908,1.8170319371800931,25.125006390306453,4.478073840974283,20.64693254933217,19.776602274045697,-1.1737089622285812,-1.1806513012389885,343.1578786749589
2023-11-20 00:00:00+05:30,21.299999237060547,22.5,20.899999618530273,21.100000381469727,63905789,0.0,0.0,-779530188.819577,2469141055,-0.012510077857162018,20906529.052379727,1.2518430697019691,0.8415728098584632,228174355.9825543,20.046066918070668,93.58774537948422,245.84054614472402,18.64749994277954,21.348328120833177,15.946671764725902,28.96718794842436,0.9540274828696418,0.0,0.0,19.669999885559083,20.73000011444092,18.609999656677246,10.777836655302126,1.1745283901585142,1.0,0.0,16.100000381469727,22.5,19.300000190734863,34.32095261117512,0.7812500465661315,1.0360726344746665,7.431570692323733,0.5806213684003936,0.22657620593585537,0.3540451624645382,19.34583314259847,18.82115386082576,19.6692092209933,19.088587852592905,1.2537875673550412,0.6174240886234913,0.6363634787315499,0.13145648098759224,26.679835208366843,-1.2475003242492662,39.35155655890885,-22.285494597169773,61.63705115607862,20.324999809265137,19.300000190734863,19.8125,19.300000190734863,99.8114575752238,22.3069709025797,37.747357211223616,12.996669251582354,168.13984672249367,19.262499809265137,18.47499990463257,100.0,36.0,64.0,17.031260432030155,18.8180031935812,0.0,0.0,65.85178110211838,0.9216618317579388,0.9446024019234475,0.9307509538047958,16.2691971118325,49.16224851609651,74.07407930685532,84.74018780898562,-25.925920693144672,1.6430882790509393,22.318842791128848,3.0417198636384444,1.1893709713139216,1.8523488923245228,31.611484002524016,9.90475587328423,21.706728129239785,20.019000819529943,0.23753513644384494,0.23725346769194466,344.21053434673115
2023-11-21 00:00:00+05:30,21.25,21.450000762939453,20.450000762939453,20.600000381469727,22020593,0.0,0.0,-794944620.7199562,2447120462,-0.0210168953940085,16346982.544896912,-3.4058984983995826,0.5822528674990952,227652540.99198824,20.13544216487198,87.72512317408103,240.0149408911662,18.707499980926514,21.523396511212038,15.89160345064099,30.104466477685527,0.8360386967683288,0.0,0.0,19.921666590372723,21.001666895548503,18.841666285196943,10.84246943172613,0.8140433330648913,0.0,0.0,16.100000381469727,22.5,19.300000190734863,34.21087598586385,0.7031250419095184,1.0324653710271998,6.6278397873364865,0.6118635248531881,0.30363366971932193,0.30822985513386614,19.612499872843426,18.896153890169582,19.812407861066596,19.200544336213408,1.2087910444903978,0.7069595011998128,0.501831543290585,0.19310082073101636,26.72315987481495,-0.9574999809265137,53.08224671218239,-9.192624275300224,62.274870987482615,20.5,19.300000190734863,19.90000009536743,19.300000190734863,99.9057287876119,23.520228082959495,35.05610218428076,15.278387049306458,118.59663535074914,19.237499713897705,18.47499990463257,96.0,32.0,64.0,17.46875959746774,18.8180031935812,0.0,0.0,61.08863230270988,0.7396554846258775,0.8578208967987399,0.9119001782241231,17.251499497809025,47.41104444333443,64.81481939349841,75.23402497281235,-35.18518060650159,1.9664707127739405,18.390809385602434,3.186698846340392,1.5888365463192158,1.597862300021176,25.902703795995034,13.104345457826392,12.798358338168642,20.073581866319877,-2.3696682036039474,-2.3981964247671517,333.6842185572574
2023-11-22 00:00:00+05:30,20.649999618530273,20.75,19.850000381469727,20.100000381469727,17743544,0.0,0.0,-802830636.0973464,2429376918,-0.004869939190985467,12744303.324197354,-3.2969753225657197,0.457388165736364,227221872.45627403,20.18172131004271,84.75013372156602,234.18933563760837,18.82749996185303,21.66589278629405,15.989107137412008,30.15156372531644,0.7241586169221127,0.0,0.0,20.02333329518636,21.01833356221517,19.028333028157554,9.938407880050686,0.5385261636724492,0.0,0.0,16.100000381469727,22.5,19.300000190734863,33.99282768024171,0.6250000372529052,1.0192187957775072,5.717597018773181,0.5894821542694402,0.3608033666293456,0.22867878764009458,19.8083332379659,18.932692381051872,19.85665286420554,19.2671707099361,1.170818305329932,0.750889598069465,0.41992870726046694,0.24211599396350642,26.563284432430912,-0.37749919891357564,62.992132528366,4.025361159063937,58.966771369302066,20.5,19.300000190734863,19.90000009536743,19.300000190734863,99.95286439380595,23.812556864184177,32.79020868991228,18.59993511897522,75.56768289809182,19.28749990463257,18.47499990463257,92.0,28.000000000000004,64.0,17.87125882967032,18.8180031935812,0.0,0.0,56.67399400684149,0.5470894210468593,0.7361355791435584,0.846186292621915,16.726836925388213,45.82030356926682,54.285721551804315,64.39154008405268,-45.714278448195685,2.0710296125972967,13.23943876884353,3.0595159151490967,1.882972420085192,1.1765434950639047,19.97200622753123,14.477877611767362,5.49412861576387,20.074018602682155,-2.4271844210729476,-2.4571260269859785,323.1579027677837
2023-11-23 00:00:00+05:30,20.350000381469727,20.649999618530273,20.200000762939453,20.299999237060547,13635745,0.0,0.0,-810406127.0475264,2443012663,-0.011568731631654965,11313279.048616055,0.4125176655096772,0.4158091535709976,227357550.73206365,20.241616326001477,85.0342916817247,236.51956440527925,18.982499885559083,21.786831181081634,16.17816859003653,29.54649084608654,0.7349043698233887,0.0,0.0,20.116666666666667,21.081666819254558,19.151666514078777,9.594036314046965,0.5949909540958244,0.0,0.0,16.100000381469727,22.5,19.300000190734863,33.71526225267657,0.6562498603016055,0.9722968399058111,4.711037597451017,0.5811834717307889,0.40487938764963427,0.1763040840811546,19.962499777475994,18.94615386082576,19.924859998490923,19.343676526760134,1.1773048004846018,0.7624112237573896,0.4148935767272123,0.2820842660142737,26.335127023934387,0.6175004959106438,75.45058360970624,17.626685209402112,57.82389840030413,20.524999618530273,19.300000190734863,19.91249990463257,19.300000190734863,99.97643219690298,24.084005018178523,31.45228154231628,17.841008624345832,75.56766187825143,19.549999713897705,18.524999618530273,88.0,24.0,64.0,18.241558123296695,18.8180031935812,0.0,0.0,57.98200746841996,0.5406581232258797,0.6091343429662054,0.7343636063028344,16.681286666611108,43.25462848956828,55.1020217507827,58.067520898695136,-44.8979782492173,1.9922060068915854,10.02709158601873,3.004514012249827,2.107280738518119,0.8972332737317079,13.772846695261082,14.336871428466107,-0.5640247332050254,20.082648436066073,0.9950191631598271,0.9901014420893528,327.3684049907484
2023-11-24 00:00:00+05:30,20.399999618530273,20.850000381469727,19.950000762939453,20.049999237060547,16837701,0.0,0.0,-823502172.2222565,2426174962,-0.061589608449943815,9095749.863099476,-0.13362659867073567,0.23413683521233578,227150189.87451667,20.322154893057412,80.94416582837096,236.51956440527925,19.139999866485596,21.80938154390379,16.4706181890674,27.893225663938676,0.6704513405245023,0.0,0.0,20.256666692097983,21.221666844685874,19.291666539510093,9.527728991703576,0.3929184340110176,0.0,0.0,17.100000381469727,22.5,19.800000190734863,28.2131643479567,0.5462961229604172,0.9650671177682574,3.951415403052713,0.5481154615169714,0.4335266024231017,0.11458885909386973,19.999999682108562,18.959615340599647,19.944112189040098,19.395996727523126,1.1489360378179827,0.8014182555148744,0.34751778230310826,0.31100212782800274,26.122180712896945,0.15999937057495117,88.25636649567382,32.195994570804665,56.06037192486915,20.574999809265137,19.300000190734863,19.9375,19.300000190734863,99.98821609845149,23.981104189518366,29.34244184487462,18.5075744134371,63.69732671198338,19.549999713897705,18.75,84.0,20.0,64.0,18.58223347343296,18.8180031935812,0.0,0.0,55.71760720392343,0.2289501959219593,0.438899246731566,0.5947230562804431,15.985694701222611,41.45497891919451,47.311807227334235,52.23318350997374,-52.688192772665765,1.7733826300677116,2.2959124838398433,2.8259205712238016,2.2510087050592555,0.574911866164546,9.495750222020238,13.368647187176935,-3.8728969651566967,20.080663606182384,-1.231527139880817,-1.2391732763782137,322.10524709601145
2023-11-28 00:00:00+05:30,20.200000762939453,20.450000762939453,19.899999618530273,20.299999237060547,12551738,0.0,0.0,-817796892.1671933,2438726700,-0.06013072518402033,8244633.382656694,-0.9859229638226323,0.054672611748741766,227306695.34181863,20.39994120320975,77.65849978064227,239.468686268188,19.274999809265136,21.891772368489775,16.658227250040497,27.151985319001714,0.6958518374441993,0.0,0.0,20.403333346048992,21.383333460489908,19.423333231608073,9.606274600524427,0.4472785219788496,0.0,0.0,17.100000381469727,22.5,19.800000190734863,28.015562500470654,0.5925924225272018,0.9235605204323496,3.5913647863490916,0.5359041662039523,0.45400211517927186,0.08190205102468046,20.083333015441895,19.011538358835075,19.998864042581705,19.462959876377752,1.1381816133862268,0.858181663324068,0.27999995006215883,0.3332250575109966,25.76918493918624,-0.524999809265136,101.55851963164986,47.18861582184686,54.369903809803,20.899999618530273,19.300000190734863,20.09999990463257,19.300000190734863,99.99410804922574,23.8126872160135,28.101824706195128,18.10943980087633,53.69957334390763,19.375,18.75,80.0,16.0,64.0,18.895654795558325,18.8180031935812,0.0,0.0,57.50485175392011,0.3153117360886713,0.36164001841217,0.4698912027033136,15.902769902365478,33.42153324583187,49.42527425259345,50.613034410236786,-50.57472574740655,1.4220591545104995,5.1813473550805345,2.753456666446611,2.3514982973367267,0.4019583691098845,4.488112117663509,11.592540173274251,-7.104428055610742,20.096611068041142,1.2468828404636367,1.2391732763782137,327.3684049907484
2023-11-29 00:00:00+05:30,20.399999618530273,20.600000381469727,19.899999618530273,20.0,13167507,0.0,0.0,-827202244.0590304,2425559193,-0.07266898015841682,6502508.32027868,0.3987081511018689,-0.12053585023931232,227112102.12987518,20.55027509129555,72.01563600567891,239.468686268188,19.40749979019165,21.885659216628845,16.929340363754456,25.538162599281655,0.6195444093482267,0.0,0.0,20.506666692097983,21.47666676839193,19.536666615804037,9.460338833787402,0.23883162255316945,0.0,0.0,17.100000381469727,22.5,19.800000190734863,27.824293066639,0.5370370043321542,0.90120454468306,3.90805656554799,0.4962981789857466,0.4624613279405668,0.03383685104517975,20.187499682108562,19.011538358835075,19.999038805261442,19.502740626275695,1.1259840864103712,0.9330707100440643,0.1929133763663069,0.34616986328882937,25.451398484405626,-0.6574997901916504,108.81499470760976,61.647327176922055,47.1676675306877,20.975000381469727,19.300000190734863,20.137500286102295,19.300000190734863,97.39992038283944,23.802803390928187,27.736281902508786,17.11746513776892,45.24222076915484,19.16249990463257,18.75,76.0,12.0,64.0,19.18400241191366,18.8180031935812,0.0,0.0,54.654218075273704,0.1275859869495116,0.22394930632004728,0.3414961904879276,15.026524205105613,30.065273200807763,37.5,44.74569382664256,-62.5,1.2166178142323218,6.666666666666667,2.544761213288623,2.390150880527106,0.15461033276151692,0.4809573355468332,9.37022360572877,-8.889266270181936,20.094058652077535,-1.4778288095344094,-1.4888574910525865,321.05263157894734
2023-11-30 00:00:00+05:30,20.149999618530273,20.149999618530273,19.5,19.649999618530273,10640957,0.0,0.0,-832931999.74354,2414918236,-0.07843527580544196,5041530.130352732,-2.5961007252726853,-0.44441509971681953,226925885.17941505,20.58778720738465,68.40256778248647,235.277979690992,19.51999979019165,21.821390454191196,17.218609126192106,23.579822630489375,0.5282437550417229,0.0,0.0,20.531666692097982,21.51166661580404,19.551666768391925,9.54622864672968,0.05016982540492646,0.0,0.0,17.100000381469727,22.5,19.800000190734863,27.66393276932128,0.47222211429610883,0.8760840520677814,4.322520515161318,0.4316917690652282,0.45630741616549914,-0.02461564710027092,20.262499650319416,19.02115374345046,19.945340468841263,19.513648699776034,1.015872919760746,0.9682538577248578,0.04761906203588806,0.34802546621479014,24.961054964810465,-0.22000055313110423,108.94650633090055,73.57903337695988,35.36747295394066,21.0,19.300000190734863,20.15000009536743,19.300000190734863,48.69996019141972,23.17614391909023,26.295883590163772,19.424331500037717,14.044122585622974,19.112499713897705,18.75,72.0,8.0,64.0,19.44928221896057,18.8180031935812,0.0,0.0,51.4497687958564,0.0,0.14763257434606084,0.24440729969275918,13.361149010254595,32.06327566828127,28.749990463256836,38.558421571950085,-71.25000953674316,1.0686765558579374,4.799997965494791,2.2122555125745547,2.3545718069365957,-0.14231629436204107,-3.842540766770191,6.727670731228978,-10.570211497999168,20.08982853710306,-1.7500019073486306,-1.7654954651938226,313.68420249537417
2023-12-01 00:00:00+05:30,19.799999237060547,20.149999618530273,19.549999237060547,19.700000762939453,10921088,0.0,0.0,-838392491.6677675,2425839324,-0.08450286857820909,4399321.097187107,0.13734694432241282,-0.1062997151233429,226953674.84398472,20.618486119530022,71.4086784833982,235.277979690992,19.64249982833862,21.69488239781835,17.590117258858893,20.897366296714598,0.5140083372992706,0.0,0.0,20.43333333333333,21.258333333333333,19.608333333333334,8.075040783034252,0.05555601794310238,0.0,0.0,17.25,22.5,19.875,26.72775892010304,0.46666681198846727,0.8484756850079759,4.622903980779195,0.3801433423958649,0.44107460141157234,-0.06093125901570745,20.295833110809326,19.098076820373535,19.90759589870252,19.527452556306656,1.07317051612368,0.9268291737384561,0.1463413423852239,0.3422541469930691,24.50123684587176,-0.2425002098083482,102.24073508819392,82.29929351813236,19.941441570061556,21.0,19.300000190734863,20.15000009536743,19.300000190734863,24.34998009570986,22.594245838097837,25.005007778087933,18.470783024925026,8.823141140664406,19.024999618530273,18.774999618530273,68.0,4.0,64.0,19.44928221896057,22.5,0.0,1.0,51.88379623068591,0.02638121365570825,0.05132240020173984,0.14096809362261578,12.098005311033791,32.9185003743405,29.11395705714029,31.78798250679903,-70.8860429428597,0.905147002725041,2.072546848140849,1.9467124106420752,2.2729999276776915,-0.3262875170356163,-7.357603044795718,3.9106159760240393,-11.268219020819757,20.020621576141405,0.25445875511380667,0.25413555697806345,314.7368581671464
2023-12-04 00:00:00+05:30,20.299999237060547,20.350000381469727,19.799999237060547,20.149999618530273,17365121,0.0,0.0,-833656571.4752194,2443204445,-0.0662112945112474,4887173.0229026815,0.7126380939174083,0.01894856228631376,227350339.0203586,20.633597847507033,74.17952898987403,235.277979690992,19.779999828338624,21.563927792331288,17.99607186434596,18.037694433514066,0.6037036802101418,0.0,0.0,20.32833334604899,21.118333498636883,19.5383331934611,7.772404546302228,0.38713057400398604,0.0,0.0,17.600000381469727,22.5,20.050000190734863,24.772495758620224,0.5204080480776454,0.8286280783602056,4.702126690955584,0.37132162516761724,0.42712400616278134,-0.0558023809951641,20.358333110809326,19.211538314819336,19.944888778676024,19.573567153508407,1.0796812555244706,0.8685259587806102,0.21115529674386035,0.33562611690138033,24.141750444729745,1.5199994087219224,99.33176772048921,88.96376142497462,10.36800629551459,20.475000381469727,19.300000190734863,19.887500286102295,19.300000190734863,12.17499004785493,22.29033926240781,25.317261171657908,17.470226803932125,25.148789142419048,18.600000381469727,18.899999618530273,64.0,0.0,64.0,19.44928221896057,22.44099998474121,0.0,0.0,55.72038998249378,0.25957845271124524,0.09531988878898438,0.0980916211122615,12.029950792593704,36.89338775448425,38.961035100660936,32.27499420701935,-61.038964899339064,0.7960292311275694,3.8659794574615525,1.8970564856956122,2.197811239281276,-0.3007547535856636,-7.467512360247161,1.6349903087697992,-9.10250266901696,20.028797896167276,2.2842580617427055,2.2585594989358526,324.2105182848479
2023-12-05 00:00:00+05:30,20.200000762939453,20.399999618530273,19.700000762939453,19.950000762939453,11753204,0.0,0.0,-837014616.0359372,2431451241,-0.05761035854035585,3853201.5411272347,-0.14889305385491883,-0.11474440904332338,227233682.57400492,20.672332225666487,70.83898656394521,232.94272770217083,19.889999866485596,21.411709152153435,18.368290580817757,15.301249832906239,0.5197149669187714,0.0,0.0,20.180000050862628,20.88000005086263,19.480000050862632,6.937561925031577,0.33571479434058693,0.0,0.0,17.850000381469727,22.5,20.175000190734863,23.378580441146536,0.45161302231105865,0.815765156083267,4.981162065816529,0.3442241132161037,0.4105440275734458,-0.06631991435734214,20.2458332379659,19.328846051142765,19.945675237793477,19.601451124577373,1.064257116095172,0.9036145556582681,0.16064256043690384,0.32597951587397345,23.94921937943844,1.1599993705749512,96.13249299873083,93.74712212348001,2.385370875250814,20.175000190734863,19.800000190734863,19.987500190734863,19.300000190734863,6.087495023927465,21.834483781044803,23.820748153980745,17.281977543118106,9.413819359185949,18.300000190734863,18.949999809265137,60.0,0.0,60.0,19.44928221896057,22.383179969787598,0.0,0.0,53.672043705124544,0.13507512308790243,0.1403449298182852,0.09566240626966964,11.411757621345771,36.49041852689781,20.31254284082822,29.462511666209807,-79.68745715917179,0.7379409958334548,-6.338021232283372,1.7561154581279783,2.1094720830506164,-0.3533566249226381,-9.938200292192672,-0.6796478114226951,-9.258552480769977,20.02209972519926,-0.9925501706059436,-0.997508788274093,320.00001606188323
2023-12-06 00:00:00+05:30,20.049999237060547,21.049999237060547,19.850000381469727,20.200000762939453,31594818,0.0,0.0,-850179085.8719432,2463046059,-0.09918285462847583,4431130.535251915,1.5192335796113554,-0.15663276357707254,227629607.59645772,20.689050978842207,72.26977581284505,232.94272770217083,19.977499866485594,21.35208154016141,18.602918192809778,13.761298289200093,0.580934040048294,0.0,0.0,20.133333333333333,20.853333218892416,19.413333447774253,7.152316743964388,0.5462968334740436,0.0,0.0,18.149999618530273,22.5,20.324999809265137,21.774498363367883,0.47126458957149553,0.8541885260340223,5.161647977857832,0.33901410683567335,0.39623804342589136,-0.057223936590218016,20.175000031789143,19.428846065814678,19.984802241662088,19.645788134826415,1.0229008533857336,0.8893130515659771,0.1335878018197565,0.3166550706665488,23.970822907941574,1.1225005149841323,93.62771693456477,97.15107594639099,-3.5233590118262157,20.274999618530273,19.800000190734863,20.03749990463257,19.300000190734863,3.0437475119637325,22.16639278617609,26.80648330689684,15.581604754684655,39.57028256338226,18.300000190734863,18.97499990463257,56.00000000000001,8.0,48.00000000000001,19.44928221896057,22.326516355133055,0.0,0.0,55.8565470410768,0.2678544006467081,0.2208359921486185,0.15216693691862918,11.469386881621595,38.190770381178886,24.590170085511776,27.954582675666966,-75.40982991448823,0.7595586047453047,-4.037997648116726,1.7256325096711056,2.032704168374714,-0.3070716587036084,-3.300256609718677,-1.2037695710818914,-2.0964870386367855,20.02613124368661,1.2531327841571738,1.2453460597987576,325.26317395662005
2023-12-07 00:00:00+05:30,20.399999618530273,21.350000381469727,20.200000762939453,20.649999618530273,33703654,0.0,0.0,-857506025.5063989,2496749713,-0.18421344098186782,5964769.84867721,1.1089324421690863,-0.2332866925721032,228380429.63390312,20.665424327470454,66.87993497883284,232.94272770217083,20.029999828338624,21.42298217018281,18.63701748649444,13.908960097676895,0.7225440235555407,0.0,0.0,20.18333333333333,20.928333218892416,19.43833344777425,7.3823275199909055,0.8131988972365627,0.0,0.0,18.5,22.5,20.5,19.97004510374865,0.5374999046325684,0.8837696352836474,5.193023950287218,0.36696612898548153,0.3903836605378094,-0.02341753155232784,20.137499968210857,19.55576911339393,20.08714029964181,19.72017417065633,1.0456432586132638,1.0041494734846033,0.04149378512866053,0.3118982605397284,24.12797414692063,0.5700005531311021,93.18200160493197,99.12123350141604,-5.939231896484074,20.425000190734863,19.800000190734863,20.112500190734863,19.300000190734863,8.509699899243103,22.78346544288137,26.74016517772707,14.145246491110472,76.17897795674095,18.262500286102295,18.97499990463257,52.0,4.0,48.0,19.44928221896057,22.270986012771605,0.0,0.0,59.553520870544354,0.5626819296053823,0.32187048444666416,0.22768380213785577,12.55535378228597,33.755689646660116,38.33332061767578,27.745344514671917,-61.66667938232422,0.9245587461134974,-2.1327049990702807,1.8608665715109562,1.9983366490019625,-0.13747007749100626,2.308940284584162,-0.5012275999486808,2.8101678845328424,20.047470730334055,2.2277170227459786,2.203265875749283,334.7368340743215
2023-12-08 00:00:00+05:30,21.0,23.799999237060547,20.600000381469727,23.299999237060547,161040735,0.0,0.0,-746790538.19161,2657790448,0.058476060294635195,66078072.20141401,2.8315791826282597,-0.15675843097315953,249046671.4838489,21.32796692774561,77.20286641260077,232.94272770217083,20.229999828338624,22.182536347496402,18.277463309180845,19.303376527197223,1.2861567193750003,1.0,0.0,20.40166664123535,21.421666526794432,19.38166675567627,9.999181963864478,1.9207514318673506,1.0,0.0,18.5,23.799999237060547,21.149999618530273,26.198711231011444,0.9056603637782207,1.1153925573143646,5.183541093469223,0.5960798922165402,0.4315229068735556,0.16455698534298463,20.362499872843426,19.782692175645096,20.581426290013923,19.985346397797382,0.9756098565952609,0.8362370009507504,0.13937285564451052,0.3366767436427504,24.72043677632815,-0.1299994468688972,99.20530788171462,100.33778254430949,-1.1324746625948734,21.649999618530273,20.449999809265137,21.049999713897705,19.949999809265137,32.760430756959224,25.041501633679154,37.52414019084001,11.083527065040732,245.44602565265137,18.262500286102295,19.024999618530273,100.0,0.0,100.0,19.549999237060547,22.270986012771605,1.0,0.0,73.58386737514414,1.0,0.6101787767506966,0.3842950844486596,19.174176230777217,50.05116183821143,88.37209096014173,50.431860554443084,-11.62790903985827,1.3114705927231718,13.106790318409628,2.982584741599651,2.1951862675215006,0.7873984740781506,36.44674459083173,6.888366838207402,29.558377752624324,20.599329089501136,12.83292817183539,12.073802689354052,390.5262997275905
2023-12-11 00:00:00+05:30,23.899999618530273,24.25,23.149999618530273,23.350000381469727,51179534,0.0,0.0,-779359268.0149618,2708969982,0.012583975837537604,57003924.068401806,3.2239460644651237,-0.015893931347219916,249156501.32737345,21.574184610484988,76.78684858214046,233.4426162578914,20.45999984741211,22.720442196927074,18.199557497897146,22.096210814985678,1.1392555277239742,1.0,0.0,20.731666628519697,21.77166659037272,19.69166666666667,10.032960499397001,1.7588143504759368,1.0,0.0,18.549999237060547,24.25,21.399999618530273,27.85924147335915,0.8421053512164532,1.1138533397299009,5.177463019743834,0.7727807394049506,0.49977447337983466,0.27300626602511596,20.633333206176758,20.017307574932392,21.007360765622508,20.234580026217557,1.1480145597528406,0.8592058239011362,0.2888087358517044,0.37964989419338047,25.192389582149545,-0.1600006103515632,107.23567383122298,100.96857745537316,6.2670963758498175,21.875,20.75,21.3125,20.175000190734863,55.644673517855495,27.34404277152355,37.77525186252287,10.261311949226618,267.77909225256843,18.262500286102295,19.049999713897705,100.0,0.0,100.0,19.634999237060548,22.270986012771605,0.0,0.0,73.7687624198391,1.0,0.8542273098684606,0.5954255236886069,24.167157976802102,49.05812396192335,81.05263960988898,69.2526837292355,-18.94736039011102,1.912205903670369,16.169153921987924,3.819109358354231,2.5199708856880467,1.299138472666184,34.18128584239114,12.34695063904415,21.83433520334699,21.186280144197408,0.21459719333229987,0.2143672624467463,391.5789553993626
2023-12-12 00:00:00+05:30,23.5,24.850000381469727,22.649999618530273,23.0,80378426,0.0,0.0,-834162721.2823634,2628591556,-0.06435358384066958,44841580.66406781,0.1368532120345544,0.23715976225521843,247951684.22663105,21.928802426913165,66.40826880509707,233.4426162578914,20.67249984741211,23.04620473110766,18.298794963716556,22.96485573797409,0.9902673808726117,0.0,0.0,21.059999974568683,22.26499989827474,19.855000050862632,11.44349406610798,1.30497931463129,1.0,0.0,18.649999618530273,24.850000381469727,21.75,29.99153855945294,0.701612878416384,1.222468082050856,5.118120670694697,0.8744946976329935,0.5747185182304665,0.299776179402527,20.858333269755047,20.23269220498892,21.313920647834433,20.43942595020144,1.1328903890269517,0.7607974011388078,0.37209298788814393,0.42829710102077845,25.700252234606957,-0.6225006103515618,113.21614197891243,101.45759381885124,11.758548160061196,22.175000190734863,21.225000381469727,21.700000286102295,20.475000381469727,72.74392735820408,29.735921910205395,36.328347079393694,8.847637326939635,209.80168576366577,18.262500286102295,19.25,100.0,0.0,100.0,19.819599267578127,22.270986012771605,0.0,0.0,70.07157738664439,0.8343480402619081,0.9447826800873026,0.8030629222354864,26.921077098693807,44.56241072372332,65.42055608299782,78.28176221767616,-34.57944391700217,2.536764683442957,13.300496869035424,4.278469951962497,2.8716706989429372,1.4067992530195594,36.43924712124256,17.165409935483833,19.273837185758726,21.45275248454208,-1.4989309454036759,-1.510278452278957,384.2105263157895
2023-12-13 00:00:00+05:30,23.25,23.5,22.399999618530273,22.899999618530273,22874379,0.0,0.0,-836242217.4938345,2605717177,-0.07828076379130802,38108862.479789115,-3.847101226154396,0.19786505485602726,247852230.0255057,22.037614541395484,65.3850979804078,232.4276444893227,20.852499866485594,23.326459103901904,18.378540629069285,23.728178906669015,0.9138103249799286,0.0,0.0,21.336666615804038,22.581666501363117,20.091666730244956,11.67005050954783,1.1278446371198685,1.0,0.0,19.299999237060547,24.850000381469727,22.074999809265137,26.615519385899688,0.6486485836306907,1.210221311992743,4.918671752954584,0.9362421307983091,0.647023240744035,0.28921889005427404,21.09583330154419,20.43076911339393,21.557932797172256,20.621690666373947,1.154098404943548,0.8065574278981478,0.3475409770454003,0.47645941891010896,26.03588719540895,-0.5525006294250474,121.69077527599805,102.87362370163984,18.817151574358206,22.199999809265137,21.350000381469727,21.77500009536743,20.475000381469727,86.37196367910204,31.543650013805575,33.81953091900633,9.806156957437723,138.21137891762046,18.112500190734863,19.25,96.0,0.0,96.0,20.121423334411624,22.270986012771605,0.0,0.0,69.00740446499728,0.7866678921523798,0.8736719774714291,0.8908939891423971,28.753619609478022,44.06298437936902,63.55139020749456,70.00819530012711,-36.44860979250544,2.9102940895978158,14.214466283877794,4.540084253736578,3.2053534099016656,1.3347308438349121,28.631448947641935,19.458617737915453,9.172831209726482,21.70913110552794,-0.4347842672596802,-0.43573220270225477,382.1052551269531
2023-12-14 00:00:00+05:30,23.299999237060547,23.399999618530273,22.5,22.649999618530273,15034520,0.0,0.0,-846265241.4479394,2590682657,-0.07990525668095981,32127792.125533532,0.0,0.16839950731962175,247688097.7083611,22.10871494133286,62.41775694807964,229.89022474738908,21.014999866485596,23.512818712209913,18.517181020761278,23.771771226206873,0.8272854944711894,0.0,0.0,21.64499994913737,22.914999834696452,20.37500006357829,11.734810704951695,0.895669196832439,0.0,0.0,19.450000762939453,24.850000381469727,22.15000057220459,25.695929825543857,0.5925924225272018,1.179199142646496,4.8229535827162,0.9540073034401004,0.7084200532832481,0.24558725015685234,21.291666666666668,20.592307530916653,21.72594307738118,20.77193577394108,1.1410257037261282,0.8173077722508134,0.3237179314753148,0.5184661500830013,26.05362530833616,-1.0149998664855957,131.1515414521001,106.08593551985165,25.06560593224846,22.27500057220459,21.5,21.887500286102295,20.475000381469727,93.18598183955102,33.222254681434315,31.879667487214885,9.24368300315085,112.22593560371901,17.83750009536743,19.25,92.0,0.0,92.0,20.40513795723511,22.270986012771605,0.0,0.0,66.2966814979974,0.6652142543823015,0.7620767289321964,0.8601771288303093,29.43029101687495,42.616737349418074,58.87849334442329,62.616813211638544,-41.12150665557671,3.1842645420747644,11.57635699404099,4.592770331193334,3.4828367941599994,1.1099335370333345,20.492581256629965,19.665410441658356,0.827170814971609,21.891996222831327,-1.09170307495422,-1.097705881501465,376.8420972322163
2023-12-15 00:00:00+05:30,22.799999237060547,23.600000381469727,22.600000381469727,22.950000762939453,25412345,0.0,0.0,-853888925.5598588,2616095002,-0.20080683864519466,28627212.1907603,0.5902665503895443,0.22010616082392745,248024686.34900212,22.218549188303953,66.33687800573165,229.89022474738908,21.097499942779542,23.732737067083796,18.46226281847529,24.981510903675993,0.8514865518314602,0.0,0.0,21.970000012715655,23.279999860127766,20.660000165303547,11.925351357796234,0.8740461314403116,0.0,0.0,19.5,24.850000381469727,22.175000190734863,25.35845667012656,0.6448599097093308,1.1612792283818465,4.5837219399138505,0.9809857231158539,0.7629331872497693,0.21805253586608453,21.53750006357829,20.72115369943472,21.914259644390146,20.933273921274292,1.1624204668971116,0.8184714215373207,0.343949045359791,0.5562601938176317,26.065091421490703,-1.447500324249269,139.0480421530807,110.4988549012507,28.549187251830006,22.27500057220459,21.675000190734863,21.975000381469727,20.475000381469727,96.5929909197755,34.88468497662989,31.116678943177224,8.649990499648244,106.48618197565341,18.15000009536743,19.25,88.0,4.0,84.0,20.671829702689188,22.270986012771605,0.0,0.0,67.92494410897409,0.738168377601686,0.730016841378789,0.7885885159274713,30.47875841513037,43.44182559270748,64.48599097093307,62.305291507616964,-35.51400902906692,3.173823468825397,14.750003814697266,4.686250831117665,3.7235196015515326,0.9627312295661321,15.600654827565247,18.852459318839735,-3.2518044912744877,22.108187904045362,1.3245083861447071,1.3158134662990317,383.15791079872537
2023-12-18 00:00:00+05:30,22.950000762939453,23.0,22.5,22.600000381469727,14262406,0.0,0.0,-862446347.3971543,2601832596,-0.20253966244154537,23824489.37198367,-1.227003289170588,0.20288613758478777,247807176.65947142,22.282622724749675,65.91951436810311,226.38426990281758,21.175,23.89005062864005,18.45994937135995,25.643925654215348,0.7624261158222856,0.0,0.0,22.230000050862632,23.53499978383382,20.92500031789144,11.740888258977307,0.6417626077840993,0.0,0.0,19.5,24.850000381469727,22.175000190734863,25.265645248971552,0.5794392823235854,1.095151305543662,4.491440275723201,0.9630230787774394,0.8029511655553034,0.160071913222136,21.78333346048991,20.848076820373535,22.019758219325468,21.056735140548028,1.1597445541836997,0.8306710480035236,0.32907350618017606,0.5847750849504487,25.977470965366223,-1.4749992370605476,144.30585793396241,115.85145100516532,28.4544069287971,22.350000381469727,21.675000190734863,22.012500286102295,20.475000381469727,98.29649545988775,36.237265835785806,30.076522114471455,9.029396967378728,76.08211441749991,18.40000009536743,19.25,84.0,0.0,84.0,20.92251994341602,22.270986012771605,0.0,0.0,64.03790263004996,0.5640099211582315,0.6557975177140728,0.7159636960083526,30.212458659540886,42.365613563543924,57.943928232358545,60.43613751590495,-42.056071767641455,2.826470582625447,15.012726820399294,4.573468167546014,3.8935093147504287,0.6799588527955849,9.005990408186463,16.883165536709082,-7.8771751285226195,22.17283306682999,-1.5250560777101185,-1.5368046592671103,375.7894817151521
2023-12-19 00:00:00+05:30,22.700000762939453,23.399999618530273,22.649999618530273,22.950000762939453,18552117,0.0,0.0,-866156714.1805863,2620384713,-0.14421646881721303,21348597.75128186,1.1117314207198299,0.2538163711289278,248094488.51422673,22.364195239331313,68.75864246409176,226.38426990281758,21.267500019073488,24.08995913394044,18.445040904206536,26.5424625586991,0.7980558221381494,0.0,0.0,22.528333346048992,23.8383331934611,21.21833349863688,11.629798150530801,0.6609417809183192,0.0,0.0,19.5,24.850000381469727,22.175000190734863,25.155755855985173,0.6448599097093308,1.0656360986953506,4.209742212352502,0.9658954183015958,0.8355400161045619,0.1303554021970339,22.054166793823242,21.00961531125582,22.162872456804543,21.196977038502947,1.1650795503839282,0.8126985610958429,0.35238098928808526,0.6079803759691907,25.951242384190163,-1.1175004005432143,152.0504589932059,122.3428667894588,29.707592203747097,22.52500057220459,21.699999809265137,22.112500190734863,20.475000381469727,99.14824772994388,37.71948724938017,31.16158331973392,8.537643047078816,82.18893204740927,18.40000009536743,19.25,80.0,0.0,80.0,21.15816876969924,22.270986012771605,0.0,0.0,66.12550326558865,0.6575446329247815,0.6532409772282328,0.6796851121070313,30.59487300133966,32.57842705960309,64.48599097093307,62.305303391408216,-35.51400902906692,2.518970517551196,16.497461290022127,4.556760223625797,4.026159496525502,0.5306007271002944,4.399181609718544,14.386368751310975,-9.987187141592432,22.30909252247518,1.5486742281504595,1.5368046592671103,383.15791079872537
2023-12-20 00:00:00+05:30,23.049999237060547,23.850000381469727,20.5,20.850000381469727,43880495,0.0,0.0,-900868141.5744851,2576504218,-0.17015005713688797,5134647.181230109,-6.489212137109377,-0.024263015430835897,244079279.2255244,22.364116553998674,64.51034552980832,226.38426990281758,21.280000019073487,24.092721208835307,18.467278829311667,26.435349504142376,0.42356163149605086,0.0,0.0,22.66500002543132,24.190000025431313,21.140000025431313,13.45687181371163,-0.09508185047920856,0.0,1.0,19.5,24.850000381469727,22.175000190734863,25.140979213695797,0.2523365019085963,1.2940725269727882,4.650124402565044,0.789617073614373,0.8263554276065241,-0.036738353992151085,22.112500190734863,21.090384556696964,21.960892137522265,21.171275063907892,1.0460705923801978,0.7913279614667958,0.254742630913402,0.6046937936332589,26.245177911505134,-1.329999256134034,152.28751663353518,128.91014623708136,23.377370396453813,22.675000190734863,21.75,22.21250009536743,20.475000381469727,95.19253243452317,35.90892905099673,25.01731982683343,19.5087057746177,16.719840447022808,18.40000009536743,19.25,76.0,0.0,76.0,21.15816876969924,24.850000381469727,0.0,1.0,48.088053178089126,0.0,0.4071848513610042,0.5720744487677697,24.415210232173955,28.208367127780782,24.528318183110468,48.986079128800675,-75.47168181688953,2.2272058711332434,3.4739492614963665,3.729662343107935,3.9668600658419892,-0.23719772273405404,6.812649151085798,12.87162483126594,-6.058975680180143,22.287789124206867,-9.1503281553737,-9.596400320938248,338.9473764519942
2023-12-21 00:00:00+05:30,20.850000381469727,21.75,20.5,21.549999237060547,21870898,0.0,0.0,-885995957.6323586,2598375116,-0.13271258446411563,6588212.379732031,-6.001126421139997,-0.4627253986781509,244813552.76464385,22.371405139314447,61.441928099349596,233.98468846187782,21.352499961853027,24.114107394330844,18.59089252937521,25.8668299956588,0.5357580286185564,0.0,0.0,22.71833330790202,24.25333334604899,21.183333269755046,13.513315588279177,0.11943516553528372,0.0,0.0,19.5,24.850000381469727,22.175000190734863,25.055615928006958,0.3831774001663493,1.2896652742755095,4.673102831568166,0.6983491387798964,0.8007541698411986,-0.10240503106130228,22.24583339691162,21.176923018235428,21.89767784514354,21.199328706363644,1.041884984060654,0.9083770467427322,0.13350793731792188,0.5897089021935624,26.493933399200955,-1.1524991989135742,156.70600175492376,135.2991122229935,21.40688953193026,22.675000190734863,22.074999809265137,22.375,20.475000381469727,75.9900951779408,34.22769643821211,23.180670870346674,18.076472251947255,-9.547892249376236,18.40000009536743,19.25,72.0,0.0,72.0,21.15816876969924,24.76300037384033,0.0,0.0,52.71788957391082,0.18028460009565517,0.2792764110068121,0.4465674131986828,21.041889104498384,35.33153290251822,35.9223031292001,41.64553742774787,-64.0776968707999,1.7511765087352096,8.020042170090365,3.294204021518214,3.8323288569772345,-0.5381248354590205,3.3183258452224877,10.960965034057251,-7.642639188834764,22.273372846693466,3.357308598483,3.302181460581277,353.68419446443255
2023-12-22 00:00:00+05:30,21.649999618530273,21.899999618530273,21.200000762939453,21.649999618530273,12807053,0.0,0.0,-882336814.5880045,2611182169,-0.11493670392589035,5829997.780556457,2.3229360192409967,-0.34770411829789455,244872982.47373176,22.425323838932464,61.21254620986617,235.07046845875243,21.419999980926512,24.141102745399753,18.698897216453272,25.40712200650096,0.542262210859259,0.0,0.0,22.620000012715657,23.905000050862633,21.33499997456868,11.36162720976678,0.12256795121027182,0.0,0.0,19.5,24.850000381469727,22.175000190734863,24.976659132743446,0.40186905892138197,1.2306986324070406,4.851999197826637,0.6268617656931461,0.7659756890115882,-0.13911392331844208,22.36666663487752,21.263461479773888,21.859573502587654,21.232711736894508,1.0704962185186562,0.9164491475344949,0.15404707098416126,0.567458611515028,26.342982501834456,-0.7700003623962388,153.64621058174527,140.45583852860707,13.19037205313819,22.675000190734863,22.15000057220459,22.412500381469727,20.475000381469727,37.9950475889704,32.80725171732776,23.106385016238974,17.31007096662114,3.9004710685055213,18.4375,19.25,68.0,0.0,68.0,21.15816876969924,24.677740366363523,0.0,0.0,53.35786857878709,0.20520521263994732,0.1284966042452007,0.2716526222043388,18.671870446125958,35.88587806202044,37.864058253024076,32.77155985511154,-62.135941746975924,1.3220588179195616,7.178211885274306,2.9523396420622756,3.656331013994243,-0.7039913719319673,-1.9863145083545968,8.371509125574882,-10.357823633929478,22.225132885274345,0.46403890955946103,0.4629655682116596,355.78946565326885
2023-12-26 00:00:00+05:30,21.799999237060547,21.950000762939453,21.5,21.850000381469727,9732571,0.0,0.0,-876929839.8662142,2620914740,-0.08635143476005488,5275215.472671592,0.8091409694852294,-0.2792731166307411,244962891.09542504,22.465703782703667,63.06894734577073,237.2420284525016,21.510000038146973,24.162093527238177,18.85790654905577,24.659167683754912,0.5641003691463496,0.0,0.0,22.438333384195964,23.658333460489906,21.218333307902018,10.874248594177939,0.25887993199416653,0.0,0.0,19.5,24.850000381469727,22.175000190734863,24.872154216558588,0.4392523764314472,1.1526288454602818,4.8600675218469815,0.5796638930454954,0.7287133298183697,-0.1490494367728743,22.46666669845581,21.284615369943474,21.858100714723356,21.27843682167786,1.092592603805696,0.9153438849083494,0.1772487188973465,0.5421905367542899,26.141401638827183,1.7899991989135735,148.91350255545206,144.4222119260004,4.491290629451669,22.175000190734863,22.175000190734863,22.175000190734863,20.475000381469727,18.9975237944852,31.537245630544938,22.764342002250782,16.81646780893776,10.234762642155053,19.225000381469727,19.25,64.0,32.0,32.0,21.15816876969924,24.59418555903625,0.0,0.0,54.67910941541551,0.2566539800470575,0.21404793092755323,0.20727364872652185,17.200092343992548,38.586176273651596,40.0,37.92878712740804,-60.0,1.0060294656192568,5.811141816499758,2.7241845719369313,3.4699017255827806,-0.7457171536458493,-7.430548062316195,5.211097687996666,-12.641645750312861,22.201180205304674,0.9237910691151763,0.9195502171518211,360.0000080309417
2023-12-27 00:00:00+05:30,22.0,22.049999237060547,21.350000381469727,21.5,9243474,0.0,0.0,-882211828.607144,2611671266,-0.10466905231412442,4059439.0585605786,-0.1893267826828805,-0.4013131425089009,244814826.1357169,22.578449521743057,59.970513757111384,233.441808818206,21.570000076293944,24.163530386314637,18.97646976627325,24.047568853474953,0.486504866354659,0.0,0.0,22.25166670481364,23.321666590372722,21.181666819254556,9.617256089204437,0.14875383868808212,0.0,0.0,19.5,24.850000381469727,22.175000190734863,24.802968764703586,0.3738317490457019,1.1073658464733356,5.118496074236212,0.5081593881126238,0.6846025414772205,-0.1764431533645967,22.3166667620341,21.30192309159499,21.803008297073607,21.294848908960983,1.0788043990928482,0.9429348169743269,0.1358695821185213,0.5116119242829051,25.825796057709834,1.7800003051757827,145.63539233930237,147.0827249330342,-1.4473325937318293,22.175000190734863,22.175000190734863,22.175000190734863,20.475000381469727,9.4987618972426,30.15082589275712,21.72648546871196,17.02673884049033,-1.3483225690771785,19.3125,19.25,60.0,28.000000000000004,31.999999999999996,21.15816876969924,24.512301847855525,0.0,0.0,51.907965044580514,0.14874635394731353,0.20353518221143932,0.18202657246139756,15.125281437799082,37.937378903942154,27.956975133504162,35.2736777955094,-72.04302486649584,0.6395589211407824,-7.725318866953014,2.3863019187649073,3.2531817642192062,-0.866879845454299,-12.280372227606906,1.712803704875952,-13.993175932482858,22.156408971438253,-1.6018323815067292,-1.6148003866550908,352.6315789473684
2023-12-28 00:00:00+05:30,21.700000762939453,21.700000762939453,21.049999237060547,21.200000762939453,8939279,0.0,0.0,-887025254.2456641,2602731987,-0.09788003171453477,3096408.2102131583,-2.363170138583798,-0.6493204697055354,244690092.32735077,22.68125016001498,56.462670797701136,230.18448953711317,21.630000114440918,24.12927987092066,19.130720357961177,23.10938273931064,0.41397534621992,0.0,0.0,22.0900000890096,23.115000089009605,21.0650000890096,9.28021725549896,0.06585398728285458,0.0,0.0,19.5,24.850000381469727,22.175000190734863,24.734167143614048,0.3177571292943417,1.0616294144138927,5.650660305069813,0.42241478684001876,0.6321649905497801,-0.20975020370976138,22.137500127156574,21.305769260113056,21.710237907206814,21.287823120366795,1.0446926957603049,0.9776536521198476,0.06703904364045732,0.475024398969249,25.539983512959015,1.369999885559082,139.929830542065,148.05809038747472,-8.12825984540973,22.175000190734863,22.175000190734863,22.175000190734863,20.475000381469727,4.7493809486213,28.450954310908248,20.779133452311356,18.296787235394905,-25.06580879972314,19.8125,19.300000190734863,56.00000000000001,24.0,32.00000000000001,21.15816876969924,24.432055810898415,0.0,0.0,49.588157239068344,0.058413653877613686,0.1546046626239948,0.19072925858766224,12.704638096409294,37.21099502370042,16.09197015065422,28.01631509471945,-83.90802984934578,0.41044122471528866,-9.207706995313314,1.9843024082433305,2.999405893024031,-1.0151034847807006,-16.54325228694932,-1.9384074934891022,-14.604844793460217,22.08707511605783,-1.3953452886537043,-1.4051717467940872,346.31580553556745
2023-12-29 00:00:00+05:30,21.350000381469727,21.649999618530273,21.100000381469727,21.350000381469727,12044912,0.0,0.0,-888120231.056323,2614776899,-0.09008984575381859,2912168.7809299524,0.0,-0.851576125607554,244775315.54151165,22.688813812816925,37.74672455573602,230.18448953711317,21.71500015258789,24.04933064601443,19.380669659161352,21.49970506123477,0.4218191742458916,0.0,0.0,21.94166679382324,22.931666755676268,20.951666831970215,9.02392667936895,0.20117856810516094,0.0,0.0,19.549999237060547,24.850000381469727,22.199999809265137,24.407096970605135,0.3396227841022166,1.010466396678558,6.096743907330417,0.3623879059896531,0.5782095736377547,-0.21582166764810162,22.00000015894572,21.33461541395921,21.65481674940111,21.292428843411457,1.029508246750128,1.1377049430471953,-0.1081966962970673,0.4365922000506721,25.27864369958466,1.1849994659423828,131.77543478672044,147.2500229023236,-15.474588115603154,22.175000190734863,22.175000190734863,22.175000190734863,20.475000381469727,2.37469047431065,26.872502127762868,19.98506162079815,17.597577935634547,-28.91674699593129,19.90000009536743,19.300000190734863,52.0,20.0,32.0,21.15816876969924,24.353414694680446,0.0,0.0,50.77277447956543,0.10454233472304811,0.10390078084932501,0.15401354189491953,11.060346692764005,34.58081285649035,19.54023694091122,21.19639407502319,-80.45976305908877,0.4060294487897096,-7.1739113849142315,1.7019566375199475,2.7399160419232147,-1.0379594044032672,-18.971742252237142,-5.34507444523871,-13.626667806998432,22.050002374521476,0.7075453449628899,0.7050539876391593,349.4736922414679
2024-01-01 00:00:00+05:30,21.399999618530273,21.850000381469727,21.399999618530273,21.5,10352267,0.0,0.0,-893871480.749978,2625129166,-0.09064865352436763,2717978.398071893,1.0867203360854514,-1.004235106206102,244848047.9102788,22.501426433961292,28.83627476044127,231.80170663337702,21.80500011444092,23.95299904020244,19.6570011886794,19.701893276661377,0.4290036622497871,0.0,0.0,21.795000076293945,22.73000011444092,20.86000003814697,8.579949849726844,0.3422459549421035,0.0,0.0,19.700000762939453,24.850000381469727,22.27500057220459,23.618434265081955,0.3495144408523738,0.9594197570107023,6.341006505772183,0.3231943033145477,0.5272065195731134,-0.2040122162585657,21.883333524068195,21.38846155313345,21.630998787954784,21.307804484640236,0.8737202373861434,1.1569966692354032,-0.2832764318492599,0.3992015204592742,25.092571158656508,0.8449995040893548,116.54817748764934,144.16583618606657,-27.61765869841723,22.175000190734863,22.175000190734863,22.175000190734863,20.475000381469727,1.187345237155325,25.66295505406518,20.706884682998307,16.962939921063942,-21.860922994939184,19.90000009536743,19.300000190734863,48.0,16.0,32.0,21.15816876969924,24.276346400786835,0.0,0.0,51.98779008378446,0.1773936184525721,0.11344986901774452,0.12398510416368792,10.032437069624253,44.83668288536461,22.988503731168223,19.54023694091121,-77.01149626883178,0.342352934444655,-6.113535553936947,1.5167883840285976,2.4952905103442915,-0.9785021263156939,-21.604350438413245,-8.596929643873617,-13.007420794539629,22.016084780188308,0.7025743131155338,0.7001177591549279,352.6315789473684
2024-01-02 00:00:00+05:30,21.649999618530273,25.799999237060547,21.0,25.799999237060547,93697408,0.0,0.0,-800174072.749978,2718826574,0.04864135989297399,59886664.75756888,9.09309766042629,-0.36450335989240656,263587526.1853742,22.7489542045614,58.60527356837835,231.80170663337702,22.08750009536743,24.721674102116438,19.453326088618425,23.85216973741171,1.2046799361358316,1.0,0.0,21.945000012715656,23.309999974568687,20.58000005086263,12.440191032691752,1.9120876674280678,1.0,0.0,19.700000762939453,25.799999237060547,22.75,27.617423645876926,1.0,1.3434777050156868,6.328339294161188,0.6318238209464084,0.5481299798477725,0.08369384109863598,22.145833492279053,21.600000014671913,22.272383472432594,21.640559651486186,0.8985508239912862,0.9391305828515296,-0.04057975886024345,0.40372854249398643,25.527490566208186,0.8625006675720215,118.34586804362641,140.4208816361133,-22.075013592486897,23.149999618530273,22.649999618530273,22.899999618530273,20.949999809265137,14.097562745450018,27.42744841615926,37.43244462863977,12.356043396553961,146.76506751392654,19.91249990463257,19.300000190734863,100.0,12.0,88.0,20.5,24.276346400786835,1.0,0.0,72.75087729371528,1.0,0.42731198439187335,0.21488754475298077,17.557038263069792,65.0138581127126,100.0,47.50958022402647,-0.0,0.5405880871941058,13.907283318244367,2.919627916845567,2.5801579916445467,0.3394699252010205,4.470285123846309,-5.983486690329633,10.45377181417594,22.325586783581436,19.999996451444414,18.23215272226575,443.1578786749589
2024-01-03 00:00:00+05:30,27.450000762939453,29.100000381469727,27.0,27.649999618530273,215644507,0.0,0.0,-882324463.7250571,2934471081,-0.05078180002717139,108323201.25103778,4.528287370410082,0.2337386827193418,279050411.1469671,24.919486249162702,80.56902756932345,231.80170663337702,22.472500038146972,25.881381435890585,19.06361864040336,30.338248009407515,1.2594132761278174,1.0,0.0,22.436666679382324,23.936666679382324,20.936666679382324,13.370970130588889,2.23777764638265,1.0,0.0,19.850000381469727,29.100000381469727,24.475000381469727,41.16141944286646,0.8432431607633024,1.5391300489550361,6.3073438070479275,1.0140056806219917,0.6413051200026163,0.3727005606193754,22.53750006357829,21.892307721651516,23.0997090333707,22.08570335274871,1.1696658785900447,0.7686376165848533,0.40102826200519137,0.4521119541407986,25.977584933153025,0.12750034332275462,129.3675127986025,137.874214543343,-8.506701744740496,24.800000190734863,24.300000190734863,24.550000190734863,22.600000381469727,40.958756458278245,30.085819624124237,47.9071749301074,10.287459744788395,315.71050547392963,19.9375,19.300000190734863,100.0,8.0,92.0,20.60599998474121,24.276346400786835,0.0,0.0,77.29935919991176,1.0,0.7257978728175241,0.4221865754090472,25.678485692133755,62.543825327824386,83.13952676021103,68.7093434971264,-16.860473239788977,1.5458822811351105,20.479297164907113,4.591231098355725,2.9823726129867825,1.6088584853689425,37.54331197312833,2.7218730423619606,34.82143893076637,22.94826988462194,7.170544326266048,6.92512518156958,482.1052551269531
2024-01-04 00:00:00+05:30,28.200000762939453,28.25,26.799999237060547,27.149999618530273,62997398,0.0,0.0,-914909307.6145309,2871473683,-0.07008102139772042,88348644.07231809,-1.208385194322319,0.1474254545534619,277911217.6773625,25.254429380664558,72.6845548383784,227.60999397819802,22.819999980926514,26.625311718049865,19.014688243803164,33.35067257058649,1.0689415134326221,1.0,0.0,23.003333282470702,24.313333320617676,21.693333244323732,11.38965403022905,2.0826970287440343,1.0,0.0,20.200000762939453,29.100000381469727,24.65000057220459,39.00087478514067,0.780898781289895,1.5302171203534778,6.274887828946903,1.2619942523835235,0.7654429464787977,0.49655130590472574,22.916666666666668,22.15576927478497,23.72283066185679,22.460836409473266,1.15,0.8125000953674316,0.3374999046325683,0.5214755722328451,26.32093420749099,0.13000078201293874,144.8355108838057,136.55527111321877,8.280239770586945,25.050000190734863,24.300000190734863,24.675000190734863,22.600000381469727,68.76430596020145,32.337559897556226,44.39057279265763,10.544793091380084,235.4887880119341,20.09999990463257,19.300000190734863,96.0,4.0,92.0,20.94576000061035,24.276346400786835,0.0,0.0,73.71782321349649,0.8773921308503068,0.9591307102834356,0.7040801891642774,30.096247939403465,58.92762973767412,77.32557352972813,86.82170009664638,-22.674426470271865,2.542058681039247,20.132739647169203,5.618643176846497,3.509626725758726,2.109016451087771,34.36687152273738,9.050872738437043,25.315998784300334,24.02247607543609,-1.8083182889626959,-1.8248681842476078,471.5789393374794
2024-01-05 00:00:00+05:30,27.5,32.54999923706055,27.399999618530273,32.29999923706055,344757127,0.0,0.0,-603623748.8219852,3216230810,0.20562233423299012,329370133.85278594,3.6598222618077147,0.3666794339404741,343307132.8700754,27.474157164252816,84.01577285453426,227.60999397819802,23.402499961853028,28.89389954395152,17.911100379754537,46.930025348143865,1.3101303813523815,1.0,0.0,23.95166657765706,25.651666577657068,22.251666577657062,14.195254384392786,2.955391958648079,1.0,0.0,20.5,32.54999923706055,26.524999618530273,51.490222227123205,0.9792531107196165,1.9171953701711573,6.258163044387679,1.8527317724511398,0.9829007116732662,0.8698310607778736,23.695833206176758,22.628846168518066,25.042395058041983,23.189663285590843,1.1331967233938738,0.6680329224013176,0.46516380099255616,0.6478248408726986,26.969281649009698,-2.5524995803833015,178.87572501242923,139.3585504944059,39.517174518023324,26.774999618530273,26.024999618530273,26.399999618530273,24.324999809265137,84.38215298010073,35.24862614445551,52.40531667890929,8.146492911403358,285.08265771345486,20.137500286102295,19.300000190734863,100.0,0.0,100.0,21.271929615844723,24.276346400786835,0.0,0.0,82.63992126835029,1.0,0.9591307102834356,0.8813530977947982,38.95359066109484,69.59168702126071,97.92531107196166,86.13013712063359,-2.074688928038343,3.984117423786838,40.74073273766436,7.98947250606418,4.405595881819817,3.583876624244363,55.45059658459088,18.33081750766781,37.11977907692307,26.623321077198074,18.968691310829055,17.369017427870006,579.9999839381168
2024-01-08 00:00:00+05:30,33.400001525878906,35.5,33.099998474121094,35.5,42721219,0.0,0.0,-560902529.8219852,3258952029,0.1665092706519981,301846962.3586314,24.29707387718105,2.189827802965591,347539576.7283665,27.889468942157432,86.02728069832114,250.1595968137045,24.0125,31.623995867370013,16.401004132629986,63.396113419011044,1.2546151374295664,1.0,0.0,25.2633331934611,27.13333346048991,23.393332926432294,14.804066056594783,3.237076295396377,1.0,0.0,20.5,35.5,28.0,62.46746486205102,1.0,2.045475909447987,6.199006700515651,2.549717277553974,1.2962640248494077,1.253453252704566,24.916666507720947,23.238461567805363,26.651257356804756,24.101540079250782,1.3044280399952,0.5811808740090673,0.7232471659861327,0.8331741534307824,27.490413269231446,-2.4625007629394524,219.80687937595232,147.23559236335035,72.57128701260197,28.25,27.524999618530273,27.887499809265137,25.800000190734863,92.19107649005036,38.29960642164714,57.44767965327422,7.113930872951513,283.95469797284414,20.15000009536743,19.300000190734863,100.0,0.0,100.0,21.948613793117673,24.276346400786835,0.0,0.0,85.85345952497306,1.0,0.9591307102834356,0.9591307102834356,47.27292529882963,74.78900271354375,100.0,91.75029486722993,-0.0,6.133823170381433,70.26378585369402,10.579063699539462,5.640289445363747,4.938774254175716,45.27146511026954,23.718947028188158,21.55251808208138,29.618828993716676,9.907123339086077,9.446548987317582,647.3684210526316
2024-01-09 00:00:00+05:30,37.5,39.04999923706055,35.849998474121094,37.04999923706055,186790122,0.0,0.0,-607600004.6542041,3445742151,0.13718868549926902,300086617.2488907,5.39643160710386,2.495877816278736,355695197.75908333,29.611136857383645,88.89836846112263,250.1595968137045,24.69749994277954,34.182512635175854,15.212487250383226,76.80949662412542,1.1511588173299663,1.0,0.0,26.818333053588866,28.963333320617675,24.67333278656006,15.99652195192468,2.8850034754644316,1.0,0.0,20.5,39.04999923706055,29.774999618530273,75.10881376673005,0.8921832839753301,2.1959282422092428,6.182076633083063,3.1903785978695254,1.6750869394534313,1.515291658416094,26.208333174387615,23.905769201425407,28.25106379992103,25.060685202051506,1.3534338696678345,0.5276381842117925,0.825795685456042,1.059418231412421,27.994802479182873,-3.047500324249267,268.0552972620714,160.8378040214358,107.2174932406356,30.024999618530273,29.375,29.699999809265137,27.574999809265137,96.09553824502518,41.43172262539506,63.043896185401906,6.178350927246202,242.08601280653292,20.15000009536743,19.300000190734863,100.0,4.0,96.0,23.03272468966826,24.276346400786835,0.0,0.0,87.09916583023092,1.0,1.0,0.9727538068556235,53.61185496081775,71.07799056347889,89.21832839753301,95.71454648983153,-10.781671602466988,8.480587751725139,71.92575660672841,12.730612001017258,7.05835395649445,5.672258044522808,46.827617841913074,28.34068119093314,18.486936650979935,32.18397872840571,4.366195033973375,4.273563466856745,679.9999839381168
2024-01-10 00:00:00+05:30,37.599998474121094,38.400001525878906,36.400001525878906,37.5,71780749,0.0,0.0,-600422039.2829349,3517522900,0.18798582570696773,261831585.04395851,-0.13930567849581524,2.949442563322562,356567030.21467096,30.433306859741304,92.31145558108219,253.19797769739935,25.42249994277954,36.38003005256239,14.46496983299669,86.20340355547913,1.0511050362726224,1.0,0.0,28.398333168029787,30.67333354949951,26.12333278656006,16.02206980253947,2.5003660012773796,1.0,0.0,20.5,39.04999923706055,29.774999618530273,72.96685722809526,0.916442086209694,2.1763354179883185,5.479969401431532,3.6918611336461744,2.07844177829198,1.6134193553541945,27.52916653951009,24.57307690840501,29.673977061471643,25.98211592782547,1.4649124145507812,0.5438595821982936,0.9210528323524877,1.3010464574136176,28.345881729513145,-3.572499561309815,319.19703970736066,180.75638281757978,138.44065688978088,30.024999618530273,29.375,29.699999809265137,27.574999809265137,98.04776912251259,44.34011624316099,58.38523908380131,5.721798902943159,185.28438763926482,19.887500286102295,19.300000190734863,96.0,0.0,96.0,24.63445214440749,24.276346400786835,0.0,0.0,87.44483007608488,1.0,1.0,0.9863769034278116,58.1145256748287,72.29262889340583,91.64420862096941,93.62084567283414,-8.355791379030597,9.866764466902787,73.21016471475447,14.20923970896607,8.488531106988775,5.720708601977295,39.49300120176411,30.571145193099333,8.921856008664776,34.174579538286906,1.2145769830119946,1.2072601826427665,689.4736842105262
2024-01-11 00:00:00+05:30,37.79999923706055,38.75,36.5,36.79999923706055,50418947,0.0,0.0,-637395967.9421383,3467103953,0.15645607082358345,219385172.6995925,1.0040800074076537,3.4498144510759654,355625875.5115615,30.91851042344068,88.57118542803141,248.47161029572186,26.117499923706056,38.065397758637175,14.169602088774935,91.49342678153032,0.9470451396949059,0.0,0.0,30.001666450500487,32.43666667938233,27.566666221618654,16.232433174332662,1.8959614265995126,1.0,0.0,20.5,39.04999923706055,29.774999618530273,71.02517197759529,0.8787061944722464,2.183701876189487,5.1023804170381455,3.986847548009962,2.4601229322355764,1.5267246157743855,28.774999777475994,25.221153772794285,30.7702881654084,26.783440617398437,1.452542450468419,0.47627116057832364,0.9762712898900954,1.5289396149971555,28.50952313369029,-4.617499923706056,376.9483173570036,207.9978142142779,168.9505031427257,30.024999618530273,29.449999809265137,29.737499713897705,28.074999809265137,99.0238845612563,47.067877378662736,54.86588964635656,5.251634843665814,149.0946075281638,19.987500190734863,19.300000190734863,92.0,0.0,92.0,26.076006853672794,24.276346400786835,0.0,0.0,83.68842839473527,0.9007730632450991,0.966924354415033,0.9889747848050107,59.98808468663722,63.70499437812419,87.5346255118933,89.46572084346523,-12.465374488106704,11.377205725277172,68.42104619947479,14.88549438050957,9.767923761692934,5.117570618816636,31.64604470176983,30.786125094833437,0.8599196069363941,35.07730741931204,-1.8666687011718697,-1.884310853353055,674.73682604338
2024-01-12 00:00:00+05:30,36.95000076293945,37.25,33.70000076293945,34.5,55325695,0.0,0.0,-667786156.8565128,3411778258,0.136115669999183,169865997.12967294,-13.79557365788706,2.2984923312811043,352168020.6493882,31.219645019160346,83.78734123892335,248.47161029572186,26.70999994277954,39.07917887333423,14.340821012224847,92.61833737965563,0.8148956006278391,0.0,0.0,31.37999979654948,34.115000025431314,28.644999567667647,17.431486594098526,1.070383901709231,1.0,0.0,20.5,39.04999923706055,29.774999618530273,69.44964162036672,0.7547170121726892,2.320331612276593,5.178762084005017,3.9890523774125484,2.765908821270971,1.2231435561415775,29.858333110809326,25.77115374345046,31.344089986114803,27.355037608702254,1.3044822928181632,0.5734157347239507,0.7310665580942125,1.7101287332081272,28.652927523309824,-5.5099991798400865,425.6216715211079,242.33931355132881,183.28235796977907,30.024999618530273,29.625,29.824999809265137,28.074999809265137,99.51194228062815,47.58229892361457,48.144026426636735,14.271343240994334,103.40662827784865,20.03749990463257,19.300000190734863,88.0,0.0,88.0,27.37340609201157,24.276346400786835,0.0,0.0,72.64602505716081,0.6090833158361004,0.8366187930270664,0.9345143824806996,57.22400811897656,58.73838070719207,74.79224692864022,84.65702702050096,-25.20775307135978,12.034558851578659,60.46511627906976,14.58251468878822,10.730841947111992,3.8516727416762286,25.376506213527307,29.704201318572213,-4.327695105044906,34.95648242572033,-6.249998056370243,-6.453850040552034,626.3157894736843
2024-01-15 00:00:00+05:30,35.150001525878906,35.849998474121094,33.79999923706055,34.04999923706055,28395773,0.0,0.0,-689256128.9862851,3383382485,0.12527088003598844,143773980.4662546,-4.692609115236796,1.9055101823723883,351797640.37361264,31.376414464860673,81.49871522051153,245.2306707536387,27.264999866485596,39.90272461884322,14.627275114127968,92.70291446355033,0.7684422830663873,0.0,0.0,32.67833302815755,35.57333310445149,29.783332951863606,17.71816251336592,0.736902620510281,0.0,0.0,20.5,39.04999923706055,29.774999618530273,68.03594105225868,0.7304582099383253,2.2932983747549884,5.469699371442348,3.909423024745184,2.9946116619658136,0.9148113627793704,30.929166316986084,26.286538344163162,31.760383717029534,27.85096069228435,1.2842415861905032,0.6362297823144898,0.6480118038760134,1.8421837007240143,28.326511779133927,-5.914999485015869,473.0371268720161,281.7494534211499,191.28767345086618,32.92499923706055,29.774999618530273,31.34999942779541,28.074999809265137,99.75597114031407,48.05997607249842,44.73562398483149,13.26098983350423,85.05452877976786,20.112500190734863,19.300000190734863,84.0,32.0,52.0,28.54106540651647,24.276346400786835,0.0,0.0,70.68098666926846,0.5571759969770875,0.6890107920194289,0.8308513131538425,54.45216638160115,56.45248091483183,72.29916780420733,78.20868008158027,-27.700832195792675,11.715294119890999,60.6131981682976,14.036941374981815,11.392061832685958,2.6448795422958575,17.477386746928445,27.258838404243463,-9.781451657315017,34.78570073249404,-1.3043500375056638,-1.3129313848238233,616.8420892012747
2024-01-16 00:00:00+05:30,34.20000076293945,34.349998474121094,31.25,32.5,33764787,0.0,0.0,-695791235.6478351,3349617698,0.12495539682729476,115758355.52971654,-18.591841635309724,0.5910448357561852,350260624.3600396,31.487080647333645,79.57677755869061,245.2306707536387,27.75999984741211,40.40359855317714,15.116401141647081,91.09221019641836,0.6874466385281043,0.0,0.0,33.52833302815755,36.253333028157556,30.803333028157557,16.25490893156846,0.3113150407050355,0.0,0.0,20.5,39.04999923706055,29.774999618530273,66.82276418956769,0.6469002961480194,2.373968384691599,6.175133157151349,3.678836863149165,3.1314567022024837,0.5473801609466813,31.858332951863606,26.64038452735314,31.874170837486528,28.195333974337363,1.1994498545167802,0.7042640866229108,0.49518576789386937,1.9170150100695023,28.167802654613666,-6.259999847412111,498.53276030862236,322.7678142555966,175.76494605302577,32.92499923706055,29.774999618530273,31.34999942779541,28.074999809265137,99.87798557015704,46.95487733552577,40.11111471353088,20.39350876514476,56.8017061835648,21.049999713897705,19.949999809265137,80.0,28.000000000000004,52.0,29.591958789570878,24.276346400786835,0.0,0.0,64.23574959058746,0.38692233769673995,0.5177272168366426,0.6811189339610458,49.89241639955549,48.61013747300597,63.71191405032315,70.26777626105688,-36.28808594967685,10.413970694822424,52.22482163610487,13.047679685218638,11.723185403192494,1.3244942820261443,11.218092784478486,24.05068928029047,-12.832596495811984,34.59021315832678,-4.552127083085233,-4.65899208533842,584.2105263157895
2024-01-17 00:00:00+05:30,32.29999923706055,34.0,31.549999237060547,33.099998474121094,31474430,0.0,0.0,-687440908.6723442,3381092128,0.132712472145213,101919249.02173293,-0.1945995033821588,0.7459427382705879,350841689.2823113,31.59582614666463,80.50321359836963,249.75799470009642,28.267499732971192,40.91290453175792,15.622094934184467,89.46956694607931,0.6910772655381329,0.0,0.0,34.02499961853027,36.78499965667724,31.2649995803833,16.223365578783753,0.3324273312274641,0.0,0.0,20.5,39.04999923706055,29.774999618530273,65.62306327865227,0.6792452286977939,2.3815716225163848,6.473799456299638,3.504117248858254,3.205988811533638,0.2981284373246158,32.824999491373696,27.015384453993576,32.062759704661076,28.558642455802822,1.2057667826941323,0.7182175453486539,0.4875492373454784,1.951132516660315,27.914197870516446,-2.4675004959106452,520.5583023394956,364.51479108400656,156.04351125548908,33.22499942779541,29.774999618530273,31.499999523162842,28.149999618530273,99.93899278507851,45.9287142226226,36.867390127234096,18.744316857744487,52.77410990805071,21.3125,20.175000190734863,76.0,24.0,52.0,30.537762834319846,24.276346400786835,0.0,0.0,65.54549142148127,0.4028330755289846,0.4489771367342706,0.5519050485301139,46.771313917662994,44.97581384163095,67.03600546019517,67.68236243824187,-32.96399453980484,9.120587971631217,53.953481274981826,12.26990132420056,11.832528587394107,0.43737273680645394,5.592437735440569,20.359038971320494,-14.766601235879925,34.48634109681024,1.8461491511418293,1.8293146948263672,596.8420731393915
2024-01-18 00:00:00+05:30,31.0,31.450000762939453,29.799999237060547,31.049999237060547,45270398,0.0,0.0,-664119857.9827956,3335821730,0.1756255103806611,74101601.82413861,-7.8362524032017955,0.1862104237561739,348037934.42915064,31.663105517023336,77.59781828738352,249.75799470009642,28.777499675750732,41.00085699404853,16.554142357452935,84.95079458621467,0.5929572580647703,0.0,0.0,34.3616662979126,37.141666412353516,31.58166618347168,16.180822491776528,-0.09562354757637391,0.0,1.0,20.5,39.04999923706055,29.774999618530273,64.46007973615457,0.5687331359013205,2.473414383970801,7.602709292259267,3.1637629993906486,3.1975436491050404,-0.033780649714391764,33.262499491373696,27.324999809265137,31.906950401953303,28.743187402562654,1.11246945327364,0.7579462060501848,0.3545232472234553,1.9355913229978174,27.71420618853976,-1.127500057220459,540.6065332716366,404.7071031128073,135.89943015882932,34.42499923706055,29.774999618530273,32.09999942779541,28.324999809265137,90.871240105315,44.02305651864773,32.99675066947474,22.343940750968827,24.465639682964017,21.700000286102295,20.475000381469727,72.0,20.0,52.0,30.537762834319846,39.04999923706055,0.0,1.0,57.76211720054783,0.16285417840906277,0.31753653054492903,0.4280802947052806,41.398712491699754,43.51385602703548,55.67866848673172,62.142195999083334,-44.32133151326828,7.402940907197838,20.348837811043843,11.007001259396086,11.667423121794503,-0.660421862398417,2.585756388805973,16.80438245481759,-14.218626066011616,34.35569821250767,-6.193351454874896,-6.393445247578677,553.6841944644325
2024-01-19 00:00:00+05:30,31.600000381469727,32.599998474121094,31.600000381469727,31.899999618530273,20994756,0.0,0.0,-672517768.3916748,3356816486,0.15846619465224565,66065023.079099365,7.025547781823557,0.6104123841660386,348612670.3727047,31.750425155491417,77.84459447818598,256.5951733148001,29.29499969482422,41.12047590984822,17.469523479800223,80.73375209567453,0.610143552629046,0.0,0.0,34.48999964396159,36.85499960581461,32.124999682108566,13.7141199551568,-0.047568724568181515,0.0,1.0,21.0,39.04999923706055,30.024999618530273,61.614608039233346,0.6038781207342225,2.381072869279776,8.407853614743699,2.928855706171273,3.1438060605182874,-0.21495035434701437,33.61666615804037,27.671153655418983,31.905881050657452,28.97702534448618,1.1334922714864317,0.7365911790007038,0.3969010924857279,1.891485831229547,27.52946906104449,-2.1450000762939467,546.1870734256091,440.97156911832485,105.21550430728428,34.42499923706055,29.774999618530273,32.09999942779541,28.449999809265137,50.74900165635051,42.63688114650015,35.07421177075164,21.217183440548016,34.58080140892296,21.77500009536743,20.475000381469727,68.0,16.0,52.0,30.537762834319846,38.864999237060545,0.0,0.0,59.88897731708656,0.07165315803366398,0.21244680399057037,0.3263201570899232,37.811977311276216,43.39264457289256,60.38781207342225,61.03416200678303,-39.61218792657775,6.3676465988159165,15.370705456182959,10.10750990259455,11.355440477954513,-1.2479305753599625,-3.209966161964718,12.801512731461129,-16.011478893425846,34.33914694578512,2.7375214246549318,2.700721402433137,571.5789393374794
2024-01-23 00:00:00+05:30,31.899999618530273,32.150001525878906,30.0,30.100000381469727,17720522,0.0,0.0,-688589864.6221923,3339095964,0.14329692566898397,52070458.9134688,-12.436138695373359,-0.9273902126767934,347612766.7218662,32.3213647674048,75.47162946932937,242.11645476548185,29.71749973297119,41.01211183657858,18.4228876293638,76.01320572118092,0.5169328811379175,0.0,0.0,34.0949997584025,36.43499972025553,31.75499979654948,13.72635271115582,-0.3536323594144791,0.0,1.0,21.0,39.04999923706055,30.024999618530273,60.7386200025243,0.5041551670974844,2.3579657349396888,9.925049254985005,2.567844574838766,3.0286137633823835,-0.4607691885436176,33.86249955495199,27.95769214630127,31.628053255397802,29.060208680559036,1.1119592799986877,0.8307887134268319,0.2811705665718558,1.8128134509413782,27.423241887157563,2.5824995040893555,538.8649081053093,471.0615258786846,67.80338222662465,34.27499961853027,29.774999618530273,32.02499961853027,28.59999942779541,25.374500828175254,40.54356019560495,32.61718937219484,24.944052578163788,14.206755382398804,21.887500286102295,20.475000381469727,64.0,12.0,52.0,30.537762834319846,38.683699237060544,0.0,0.0,53.72003184161764,0.0,0.0781691121475755,0.20271748222769148,32.683544421614556,40.51085144661385,26.938784852319834,47.66842180415792,-73.06121514768017,5.294117540471696,10.86556465704712,8.836290898890296,10.85161056214167,-2.0153196632513737,-8.715460884187525,8.498118008331398,-17.213578892518925,33.88064625235526,-5.642630904656665,-5.808081340425719,533.6842185572574
2024-01-24 00:00:00+05:30,30.299999237060547,33.099998474121094,29.049999237060547,33.0,49794980,0.0,0.0,-641253858.9219031,3388890944,0.16929179929967744,65261168.0693622,-1.551313105798838e-05,-1.2508404186440176,352410289.0200261,33.2038555472559,72.32401103697967,242.11645476548185,30.274999713897706,41.049993451596855,19.50000597619856,71.18080158232272,0.6264502027768315,0.0,0.0,33.53499978383382,35.959999593098956,31.109999974568684,14.46250081942242,0.38969075754361715,0.0,0.0,21.0,39.04999923706055,30.024999618530273,59.62014668087582,0.6648199726990242,2.5271690851517747,10.43035555480218,2.4870769107449,2.9203063928548874,-0.43322948210998735,33.92083295186361,28.344230578495907,31.8391219853366,29.3520450745917,0.9662921230591893,0.8626716512682583,0.10362047179093103,1.734564563432473,27.57152732076711,5.2250002861022935,526.3195487127609,494.07513799039566,32.244410722365274,33.89999961853027,29.774999618530273,31.837499618530273,28.774999618530273,12.687250414087627,38.156633219355925,28.558732125766674,24.758999947447872,22.40651130486545,21.975000381469727,20.475000381469727,60.0,8.0,52.0,30.537762834319846,38.50602523706054,0.0,0.0,60.73711393789399,0.20806891259929866,0.09324069021098746,0.1279522021163776,30.654070433135043,51.3525058146805,50.612251126036355,45.97961601725947,-49.387748873963645,4.624852797564337,2.1671850757701643,8.473266187839881,10.375941687281312,-1.9026754994414308,-8.221258318672106,5.1542427429306965,-13.375501061602803,33.82856954262641,9.634550105572703,9.19823770382373,594.7368421052632
2024-01-25 00:00:00+05:30,32.79999923706055,33.599998474121094,32.04999923706055,32.25,21213985,0.0,0.0,-656993243.5691543,3367676959,0.16040075747749402,53665217.0951676,12.786370240461455,-0.25121503044517685,351928152.99729884,33.55723065243589,76.61337602943593,236.61380806626636,30.812499713897704,40.82872985690538,20.796269570890022,65.01407049743484,0.5717585491536361,0.0,0.0,33.054999605814615,35.43499933878581,30.674999872843426,14.400240576935488,0.3308824167787499,0.0,0.0,21.0,39.04999923706055,30.024999618530273,58.58011977171478,0.6232687244053352,2.429452100342652,11.070625298380849,2.3356255851927834,2.8033702313224667,-0.46774464612968325,33.64999961853027,28.71538440997784,31.902333987592506,29.566708402399723,1.0460772247775207,0.8293897609619233,0.21668746381559745,1.6506301228652553,27.673396502330064,6.2374995231628425,506.65881094209163,508.4874150554055,-1.8286041133138724,33.14999961853027,29.774999618530273,31.462499618530273,28.774999618530273,6.3436252070438135,36.1398356155305,28.739192201209573,23.55121666395167,31.326151950079467,22.012500286102295,20.475000381469727,56.00000000000001,4.0,52.00000000000001,30.537762834319846,38.12778419706054,0.0,0.0,58.27616568654789,0.13509743818938003,0.11438878359622616,0.09526619531826286,28.233946218150358,51.754881542126256,41.63090592514188,39.72731396783267,-58.36909407485812,4.270882084790401,-9.15492957746479,7.899511685254815,9.880655686876013,-1.9811440016211979,-12.411437463416533,1.6411067016612506,-14.052544165077784,33.69477342107831,-2.2727272727272707,-2.2989518224698635,578.9473684210526
2024-01-29 00:00:00+05:30,32.5,32.849998474121094,31.799999237060547,32.04999923706055,16312280,0.0,0.0,-665537765.544079,3351364679,0.15691947668014822,45532690.58938909,-3.2184318717571885,-0.7425188971283841,351826991.185042,34.965336703503716,64.34695082490452,235.14643001556055,31.35499963760376,40.35354926553505,22.35645000967247,57.39786146984618,0.5386173121332533,0.0,0.0,32.543332862854,34.80333251953125,30.283333206176756,13.889171500666325,0.39085537594311437,0.0,0.0,21.0,39.04999923706055,30.024999618530273,57.5665745357348,0.6121883492589025,2.2915068140144412,11.73225182342055,2.174395846646039,2.6775753543871814,-0.5031795077411423,33.23333295186361,29.065384351290188,31.925051718279896,29.750655871633857,1.034916205581947,0.9567038731116447,0.07821233247030224,1.5619385408630213,27.353937215635867,6.145000362396239,485.63960024037425,515.1560738019907,-29.516473561616465,32.44999885559082,29.774999618530273,31.112499237060547,28.799999237060547,3.1718126035219067,34.14189606204393,27.751581393433415,23.56009387987332,18.07095554409314,22.112500190734863,20.475000381469727,52.0,0.0,52.0,30.537762834319846,37.76467279866054,0.0,0.0,57.605864328198464,0.11522181569671916,0.15279605549513253,0.12014184310078187,26.138357795032558,49.7920319493526,30.0,40.74771901705939,-70.0,4.271176024044262,-13.495276931068265,7.308732473085558,9.366271044117923,-2.0575385710323646,-16.85274165965559,-2.0576629706021174,-14.795078689053472,33.56841515740006,-0.6201574044634173,-0.6220883679766143,574.73682604338
2024-01-30 00:00:00+05:30,32.349998474121094,32.45000076293945,31.299999237060547,31.600000381469727,10906221,0.0,0.0,-670753770.126881,3340458458,0.15412414864046511,38326908.08107343,-4.7449925191613564,-2.8169522111528416,351673862.1028065,34.928833378728434,60.98570657735053,231.84485039240377,31.86749963760376,39.607995323035844,24.127003952171677,48.57924702883355,0.48272079289201864,0.0,0.0,32.20666618347168,34.22666606903076,30.1866662979126,12.543986229755982,0.34983518901684363,0.0,0.0,21.0,39.04999923706055,30.024999618530273,56.64077647234515,0.5872576636848624,2.1773562852008874,12.463025331075452,1.987399466465181,2.5395401768027814,-0.5521407103376004,32.741666316986084,29.478845889751728,31.875043820309102,29.88764435384392,0.8770370344415774,1.0444443929538747,-0.16740735851229727,1.4677431879062006,27.065952189220404,4.932499599456786,459.24664153115407,513.623797653006,-54.377156121851954,31.69999885559082,29.774999618530273,30.737499237060547,28.84999942779541,1.5859063017609534,32.030118283541675,26.670552250656897,24.3359796327492,-0.22772785169802492,22.21250009536743,20.475000381469727,48.0,0.0,48.0,30.537762834319846,37.41608585619654,0.0,0.0,56.04389717081217,0.06890672297097712,0.1064086589523587,0.12453116601457227,23.973120461815896,45.82187511237386,25.500011444091797,32.37697245641121,-74.4999885559082,3.9416173093459186,-15.733332316080729,6.649568774762193,8.822930590246777,-2.1733618154845837,-21.742945893894383,-5.994719555260571,-15.748226338633813,33.47737965137374,-1.4040526249700203,-1.414002689732241,565.2631659256784
2024-01-31 00:00:00+05:30,32.0,32.70000076293945,30.850000381469727,32.5,8421138,0.0,0.0,-664153425.291778,3348879596,0.16310540837460427,33934352.78200449,-2.196840611901422,-3.3593287982246474,351913704.53622735,33.90987998787107,44.29121675928414,238.4480236326715,32.41749963760376,38.52391225474127,26.311087020466253,37.67355709355308,0.5067552233667197,0.0,0.0,31.951666323343908,33.951666323343915,29.951666323343915,12.51890890296885,0.6370834191640213,0.0,0.0,21.0,39.04999923706055,30.024999618530273,55.67980084473525,0.6371191405032315,2.144620694827771,12.96246169141653,1.89003874539182,2.409639890520589,-0.5196011451287692,32.38333304723104,29.899999765249397,31.971190924876932,30.081152179485112,0.7815912454535321,1.138845529683257,-0.35725428422972483,1.3779138764362577,26.923969151503805,2.082500362396239,431.7775740849266,506.20655473926195,-74.42898065433536,31.524999618530273,30.024999618530273,30.774999618530273,29.174999237060547,0.7929531508804767,29.836279798952894,24.984473145010718,24.33523857086962,-8.322271724121547,22.375,20.475000381469727,44.0,24.0,20.0,30.537762834319846,37.081442391431096,0.0,0.0,58.46933256457403,0.14082517825421817,0.10831790564063808,0.12250754002937625,22.875965972401612,51.30331743835354,35.56701537716145,30.355675607084397,-64.43298462283855,3.8441172487595487,-11.68478077774008,6.283132820559971,8.314971036309416,-2.0318382157494446,-26.55288916005403,-10.106353476219263,-16.446535683834767,33.45767977013139,2.8481000242583265,2.8082956670998804,584.2105263157895
2024-02-01 00:00:00+05:30,32.5,32.599998474121094,31.5,31.600000381469727,5275738,0.0,0.0,-668469933.2111074,3343603858,0.09977731670993648,28408279.214937326,5.733759176950993,-2.939824165692733,351767607.2381515,33.243230113625756,32.33271552006299,231.84485039240374,32.70749969482422,38.029836927140735,27.385162462507704,32.54505713965501,0.39595742762879566,0.0,0.0,31.87166633605957,33.67166633605957,30.07166633605957,11.295298971949155,0.42453723483615396,0.0,0.0,26.799999237060547,39.04999923706055,32.92499923706055,37.45318387005441,0.39183682811503506,2.0401584727571036,13.501388529012692,1.720425233723475,2.2717969591611666,-0.5513717254376918,32.141666412353516,30.28269210228553,31.91408468742967,30.193659453706196,0.7784910316945053,1.1252007691361436,-0.34670973744163835,1.2857183089212343,26.854546332717547,1.3424995422363253,397.8254205994153,492.56956787925304,-94.74414727983776,31.32499885559082,30.024999618530273,30.674999237060547,29.25,0.39647657544023834,27.799144063263316,24.01242686763593,23.38845142332615,-26.016262310874577,22.412500381469727,20.475000381469727,40.0,20.0,20.0,30.537762834319846,36.760184665256276,0.0,0.0,55.18978513045849,0.04904344102080262,0.08625844741533256,0.10032833733610959,20.983194142988822,48.741907584951505,26.28866952414998,29.118565448467724,-73.71133047585002,3.794999700434065,-8.405795995739924,5.6979685962255795,7.791570548292649,-2.0936019520670692,-31.54393337521085,-14.393869456017581,-17.150063919193272,33.434354427952364,-2.7692295954777624,-2.8082956670998804,565.2631659256784
2024-02-02 00:00:00+05:30,32.25,32.25,30.299999237060547,31.149999618530273,6631746,0.0,0.0,-669320156.7246104,3336972112,0.19172856904198166,23923626.36142904,-22.788114131811113,-4.639266604208359,351673167.6582909,32.61624123058948,37.05941627876593,231.84485039240374,32.88249969482422,37.73783423609849,28.02716515354994,29.531419973150747,0.32158798105812386,0.0,0.0,31.70666637420654,33.45666637420654,29.95666637420654,11.038688074906732,0.34095235552106623,0.0,0.0,26.799999237060547,39.04999923706055,32.92499923706055,37.253858781083416,0.3551020719567124,2.0311427017753383,13.739482665728609,1.5320336724528367,2.1238443018195006,-0.5918106293666638,31.899999777475994,30.640384380634014,31.796533138368225,30.26449946591539,0.7341976148185363,1.1491086189106496,-0.41491100409211334,1.190491616522184,26.872825455171032,-0.38249969482421875,358.55090414517514,472.3411646429796,-113.79026049780447,31.32499885559082,30.024999618530273,30.674999237060547,29.274999618530273,0.19823828772011917,26.355930781151063,22.35221080201039,26.026139193461717,-56.27612491407608,22.175000190734863,20.475000381469727,36.0,16.0,20.0,30.537762834319846,36.451777248128444,0.0,0.0,53.57178878476612,0.0,0.06328953975834019,0.0859552976047701,18.953159951816872,53.05697044292473,25.609758366863122,29.155147756058167,-74.39024163313688,3.2401469174553377,-8.516886001494733,5.062147729151278,7.245685984464375,-2.1835382553130964,-35.591986212944285,-18.633492807402924,-16.95849340554136,33.369196765862306,-1.4240530300858256,-1.434289967744995,555.7894656532688
2024-02-05 00:00:00+05:30,31.200000762939453,31.850000381469727,30.5,30.549999237060547,8217556,0.0,0.0,-676929014.3329033,3328754556,0.22531997637025936,19801603.06197506,-1.64281528073016,-3.7712124344114373,351514883.97305405,32.11118102972646,43.46783714448835,231.84485039240374,33.05249967575073,37.29213100238546,28.812868349116002,25.653922506473382,0.20486815410473658,0.0,0.0,31.726666386922197,33.44666627248128,30.006666501363117,10.84261336872171,0.15794557321171582,0.0,0.0,27.399999618530273,39.04999923706055,33.22499942779541,35.24695479258231,0.2703862422038145,1.963028469744777,13.847344383952143,1.3191110949018672,1.962897660435974,-0.6437865655341068,31.737499713897705,30.98846127436711,31.604758692013196,30.28564759711133,0.818499019695956,1.1221640586251778,-0.3036650389292218,1.0911638817731362,26.908504227960613,0.04749879837036275,323.35094241765637,447.58159453098483,-124.23065211332846,31.32499885559082,30.024999618530273,30.674999237060547,29.274999618530273,0.09911914386005959,25.015804162046827,21.256480411517664,24.750308721296303,-75.88347201696104,22.175000190734863,20.475000381469727,32.0,12.0,20.0,30.537762834319846,36.155706127685725,0.0,0.0,51.407724422814354,0.0,0.01634781367360079,0.05529860028242433,16.630837697800214,39.66381792742463,22.058826004345388,24.65241796511948,-77.94117399565461,2.768235408558567,-6.000002347506009,4.355565092911156,6.667661806153731,-2.3120967132425756,-38.64509019327293,-22.635812284576925,-16.009277908696003,33.34362581193577,-1.9261649721266871,-1.9449572343107402,543.1578786749589
2024-02-06 00:00:00+05:30,31.350000381469727,31.350000381469727,30.299999237060547,30.549999237060547,5793069,0.0,0.0,-679963482.0538257,3334547625,-0.10643776758341665,16972802.624550052,-6.343801551247919,-3.8891547512693747,351514883.97305405,31.83541925685016,47.36114728749986,231.84485039240374,32.96499967575073,37.33342033920174,28.59657901229973,26.503386661122537,0.22358426251212216,0.0,0.0,31.596666399637854,33.32166659037272,29.871666208902997,10.918874598458483,0.1966182472909104,0.0,0.0,29.049999237060547,39.04999923706055,34.04999923706055,30.335204302629087,0.15,1.8717257372112173,13.781964617780112,1.137258806565331,1.7977698896618455,-0.6605110830965144,31.524999777475994,31.348076600294846,31.442488006635863,30.30522920007053,0.8010849192322346,1.0940324958405658,-0.29294757660833126,0.9916366325406606,26.9448809128301,-1.9150004386901855,285.8293030264864,419.4665273000045,-133.6372242735181,31.32499885559082,30.024999618530273,30.674999237060547,29.274999618530273,0.04955957193002979,23.881731038155312,20.41810372528643,24.525391027189695,-84.3527488221942,22.175000190734863,20.475000381469727,28.000000000000004,8.0,20.000000000000004,30.537762834319846,35.87147785206072,0.0,0.0,51.407724422814354,0.0,0.0,0.026545784477313473,14.722738938829094,41.343666659968754,28.3018908665338,25.323491745914083,-71.6981091334662,2.3310295048881997,-7.70392554263783,3.7526817535591652,6.084665795634819,-2.3319840420756535,-42.01956139694318,-26.51256210705018,-15.506999289893002,33.27621126132845,0.0,0.0,543.1578786749589
2024-02-07 00:00:00+05:30,30.899999618530273,31.100000381469727,30.600000381469727,30.799999237060547,5186982,0.0,0.0,-681000902.197945,3339734607,-0.17669583874948222,14733365.892471474,0.2409934351477395,-2.543952246236699,351557330.6353252,31.699604506725894,54.924641028407194,233.74210780797145,32.72999963760376,37.03283580370007,28.427163471507452,26.29291911847591,0.27572927180560297,0.0,0.0,31.604999669392907,33.16499970753988,30.04499963124593,9.871856063695631,0.24198704722835596,0.0,0.0,29.049999237060547,39.04999923706055,34.04999923706055,30.553009809724895,0.175,1.7395532779310134,13.44220826184932,1.0017647481071918,1.6385688613509148,-0.636804113243723,31.50416644414266,31.711538094740646,31.343643580547354,30.341878832440162,0.8924301823075573,1.0517927175764061,-0.1593625352688488,0.896311976695813,26.945651375838803,-0.8300000190734877,253.8386963071904,389.1908770327189,-135.3521807255285,31.94999885559082,30.024999618530273,30.987499237060547,29.274999618530273,0.024779785965014896,22.828663137398905,19.973712840872746,23.991606873881338,-76.38887832762786,22.175000190734863,20.475000381469727,24.0,4.0,20.0,30.537762834319846,35.598618707460716,0.0,0.0,52.33811034620523,0.06580854837108296,0.021936182790360904,0.012761332154653712,13.346583354422092,42.722707480779256,35.35352990452469,28.571415591801273,-64.64647009547531,1.9077941614038814,-0.8051529988496937,3.301591024205628,5.528050841348981,-2.226459817143353,-45.15149566072785,-30.240348817785716,-14.911146842942138,33.23967110495232,0.8183306260012069,0.8150004564631441,548.4210365696957
2024-02-08 00:00:00+05:30,31.049999237060547,31.25,30.450000762939453,30.5,4494438,0.0,0.0,-684933543.484634,3335240169,-0.15547736661425424,12435981.054830417,0.0,-2.530052281709402,351513553.75206494,31.51572389666217,47.317409247212154,231.46540469926035,32.40249967575073,36.3200849704307,28.484914381070766,24.180759718434903,0.25718465168654986,0.0,0.0,31.506666437784833,32.74166647593181,30.27166639963786,7.839610963512679,0.09244275032765949,0.0,0.0,29.049999237060547,38.75,33.89999961853027,29.935964385484446,0.1494846029785311,1.645597873843967,13.22719702954709,0.8602607489444765,1.4829072388696274,-0.6226464899251509,31.387499809265137,32.05769194089449,31.213852260463145,30.35359151151867,0.8656715810919209,1.0341151049480932,-0.16844352385617234,0.8042666873157236,26.30477117977451,-2.302499294281006,220.96224489288682,357.4468141383628,-136.484569245476,31.57499885559082,30.024999618530273,30.799999237060547,29.274999618530273,0.012389892982507448,21.850814372410813,19.315206802721402,23.2006363559176,-79.07103476776781,22.175000190734863,20.475000381469727,20.0,0.0,20.0,30.537762834319846,35.33667392864471,0.0,0.0,51.074353286880275,0.0,0.021936182790360904,0.014624121860240417,11.845242256795743,41.017255086308786,31.86815397965215,31.841191583570193,-68.13184602034785,1.4376473090227897,-4.388713590194004,2.83413166648837,4.989267006376859,-2.155135339888489,-48.1207552416311,-33.8164301025548,-14.304325139076305,32.84793368693921,-0.9740235210771275,-0.9787981595401174,542.1052631578948
2024-02-09 00:00:00+05:30,31.0,31.049999237060547,29.350000381469727,29.899999618530273,5286060,0.0,0.0,-686799214.1620238,3329954109,-0.20045782062553136,10206321.18750152,-20.904042498215706,-3.463465859924681,351409565.62037736,31.657611696354376,57.217984629960426,231.46540469926035,32.02249965667725,35.31270844628966,28.732290867064833,20.54935638933701,0.17745207464523793,0.0,0.0,31.25333315531413,32.503333155314124,30.003333155314124,7.999146803242377,-0.04133341471354015,0.0,1.0,29.049999237060547,38.75,33.89999961853027,30.29120420621766,0.08762889841383327,1.651037972018652,12.654272081245521,0.6917289727431175,1.3246715856443254,-0.6329426129012079,31.370833079020183,32.21538426325871,31.011721084781165,30.319992112038047,0.951945028554798,1.004576589124726,-0.052631560569928015,0.7129338299995945,25.793577174740925,0.9775003433227525,188.13405361539745,324.3906422911432,-136.25658867574575,31.02500057220459,32.92499923706055,31.97499990463257,29.274999618530273,0.006194946491253724,21.611281708671815,17.960158245224132,26.112420512417987,-110.10610257393346,22.899999618530273,20.949999809265137,16.0,4.0,12.0,30.537762834319846,35.085206940981344,0.0,0.0,48.54944346614047,0.0,0.021936182790360904,0.021936182790360904,9.876717495972642,33.91065955626331,18.681330197735495,28.634338027304093,-81.31866980226451,0.9866179466247544,-0.6644543535041891,2.2814286038962326,4.447699325880734,-2.1662707219845014,-50.35290834033943,-37.12372575011173,-13.229182590227701,32.446912319854164,-1.9672143654745122,-1.9868215974910175,529.4736761795847
2024-02-12 00:00:00+05:30,30.700000762939453,30.700000762939453,28.399999618530273,28.549999237060547,5819015,0.0,0.0,-691859229.5133986,3324135094,-0.14098711451386697,7626036.3793187225,-25.69163108335619,-5.80040720743752,351146834.096297,31.528473985405636,50.08001317540845,231.46540469926035,31.609999656677246,34.436941513875226,28.783057799479266,17.886377019310224,-0.04122096848672426,0.0,1.0,30.95166657765706,32.32666676839193,29.576666386922206,8.884821676952463,-0.3733334572531809,0.0,1.0,28.399999618530273,37.25,32.82499980926514,27.997470666217694,0.016949108707875884,1.7159342892577052,12.537558297462681,0.4441131179639193,1.1485598921082443,-0.704446774144325,30.999999682108562,32.24999963320219,30.6329946466703,30.188881528706382,0.8561946204334407,1.0818582468767168,-0.2256636264432761,0.6158208378820986,25.528041681607004,0.6400003433227539,155.95542509744587,290.6916182429534,-134.7361931455075,30.550000190734863,32.92499923706055,31.737499713897705,29.274999618530273,0.003097473245626862,21.89779199473818,16.29458788655722,27.521274738413876,-161.84387020351073,24.550000190734863,22.600000381469727,12.0,0.0,12.0,30.537762834319846,34.84379863282451,0.0,0.0,43.355958964168025,0.0,0.0,0.01462412186024042,6.642668145255562,30.95664590038528,2.8846086835,17.81136428696253,-97.1153913165,0.41382382336784573,-13.48485079678622,1.4711148458468575,3.8523824298739586,-2.381267584027101,-51.98025074463784,-40.095030749016956,-11.885219995620886,31.733450822254188,-4.515051500646427,-4.620155825936001,501.0526155170641
2024-02-13 00:00:00+05:30,28.549999237060547,29.5,27.149999618530273,29.049999237060547,6019549,0.0,0.0,-688145043.2392186,3330154643,-0.060413304810123344,6966570.396558905,-47.82337287651314,-8.328066791804646,351252255.2724942,31.503163558846474,53.80002238797303,231.46540469926035,31.337499618530273,34.04579709362861,28.629202143431936,17.284706872381637,0.07768664585365244,0.0,0.0,30.629999860127764,32.12499993642171,29.13499978383382,9.761672106567934,-0.028428275062027546,0.0,1.0,27.149999618530273,35.849998474121094,31.499999046325684,27.762262342227196,0.21839078947801122,1.7793408984789074,11.815650787553363,0.2849370138723657,0.9758353164610686,-0.6908983025887029,30.733332951863606,32.32307654160719,30.389456891345723,30.104519877473358,0.8728069570035956,1.114035098726619,-0.24122814172302343,0.5214340129218972,25.058828732208784,0.7124996185302734,130.58334232464304,257.22559249181074,-126.6422501671677,29.874999046325684,33.09999942779541,31.487499237060547,29.274999618530273,0.001548736622813431,22.749413676869505,14.785818828551186,29.898162867052203,-184.8730838522869,24.675000190734863,22.600000381469727,8.0,100.0,-92.0,30.537762834319846,34.45717069196685,0.0,0.0,45.67390780735723,0.13335988584723565,0.0444532952824118,0.022129826024257383,4.4840148308258065,38.17535309507311,29.457363653380575,17.00776751153867,-70.54263634661942,-0.28544087129480644,-9.92248298585877,0.9464924703402384,3.271204437967215,-2.3247119676269765,-53.183160140118915,-42.71265662723735,-10.470503512881564,31.44652588291891,1.751313531914045,1.7361547655847964,511.57893130653787
2024-02-14 00:00:00+05:30,28.950000762939453,29.200000762939453,28.299999237060547,29.0,2489053,0.0,0.0,-686762238.3614328,3327665590,0.008016705956256458,5953567.3754785955,15.367323241417646,-7.23039973790831,351247971.2534143,31.34899935231369,33.97487251361939,231.06701936553168,31.084999656677248,33.67364801980064,28.496351293553857,16.65528963624957,0.09728024741036173,0.0,0.0,30.311666488647454,31.711666679382326,28.911666297912596,9.237368663047299,0.03154774644746195,0.0,0.0,27.149999618530273,34.349998474121094,30.749999046325684,23.162293502050005,0.25694453826658536,1.6914069612189073,11.730639919302575,0.15299070242404156,0.8112663936536633,-0.6582756912296217,30.479166348775227,32.196153494027946,30.17569429267715,30.02270359025311,0.9592874806802119,1.1959285442292715,-0.23664106354905967,0.43170253795136143,24.639841394477212,0.515000724792479,112.64247722487755,225.53859878352876,-112.8961215586512,29.699999809265137,33.09999942779541,31.399999618530273,29.274999618530273,0.0007743683114067155,23.54020523884859,14.241932300856902,28.798378798631248,-156.08377141642868,26.399999618530273,24.324999809265137,4.0,96.0,-92.0,30.537762834319846,33.87259700609192,0.0,0.0,45.47351312991975,0.1401112830092972,0.09115705628551087,0.04520345052264071,2.626796246154393,40.255059096522515,28.682181545910776,20.341384627597098,-71.31781845408922,-0.9120585834278785,-9.516378501294081,0.5095833623515176,2.7188802228440756,-2.2092968604925582,-55.90795723991393,-45.35171674977266,-10.556240490141263,30.86861511406255,-0.1721144178095546,-0.17226270484695938,510.5263157894737
2024-02-15 00:00:00+05:30,29.200000762939453,29.799999237060547,29.100000381469727,29.399999618530273,3084651,0.0,0.0,-687202905.1914387,3330750241,0.030628135953736133,5279323.353738657,15.885073073076605,-7.009063821292943,351290518.1231832,30.99605203180031,20.33553241696528,231.06701936553168,30.92999963760376,33.53238319035702,28.3276160848505,16.827569241800823,0.2060387164192644,0.0,0.0,30.064999834696454,31.425000063578285,28.704999605814614,9.04706626548742,0.2555146675552675,0.0,0.0,27.149999618530273,34.0,30.574999809265137,22.14678455133799,0.32846713499266156,1.6022661888030711,11.406430052953839,0.0797792803752202,0.6649689709979747,-0.5851896906227545,30.295832951863606,31.961538094740646,30.05635665050071,29.97657737012549,0.8359788455900644,1.1931215369392307,-0.3571426913491663,0.35078264762262656,24.17263478281727,1.5700003623962395,96.07785422184284,196.37492656982516,-100.29707234798232,29.5,33.09999942779541,31.299999713897705,29.299999237060547,0.00038718415570335776,23.721911097366007,16.308585596053742,27.8188153683326,-105.2992829068878,27.887499809265137,25.800000190734863,0.0,92.0,-92.0,30.537762834319846,33.33478921508699,0.0,0.0,47.45957368830173,0.27152208584478227,0.18166441823377164,0.10575825660056458,1.5226743297687442,42.582121996498195,39.47369213579923,32.53774577836351,-60.52630786420077,-1.419999874339382,-6.962027646776662,0.26613872354462936,2.2283319229841863,-1.962193199439557,-57.947353567235574,-47.87084411326524,-10.076509453970331,30.67944292304219,1.3793090294147436,1.3698831383000876,518.947360390111
2024-02-16 00:00:00+05:30,29.899999618530273,29.950000762939453,29.0,29.049999237060547,2848978,0.0,0.0,-689751995.5872192,3327901263,-0.00917895257900933,4382685.247947584,0.8336520207696667,-6.719629257541025,351256601.68101525,30.686388645450865,23.977201407742186,228.31621848211822,30.72749967575073,33.252074200012196,28.202925151489264,16.432020508676715,0.1677657120894627,0.0,0.0,29.87499987284342,31.13500010172526,28.61499964396159,8.435148011680393,0.17261885479377662,0.0,0.0,27.149999618530273,33.599998474121094,30.374999046325684,20.990965498832878,0.29457363653380575,1.5370396462167093,11.093632843079854,-0.006409519813043829,0.5306932728357711,-0.5371027926488149,30.00833288828532,31.65384578704834,29.901532433048377,29.90794195286142,0.8430851071924577,1.1462763542501448,-0.3031912470576872,0.2762502700959343,23.809574873396276,0.8725007057189949,80.55240080061374,169.39731083459822,-88.84491003398448,29.25,32.94999980926514,31.09999990463257,29.375,0.00019359207785167888,23.75260859360949,16.286952006723926,26.65915716857819,-102.91262109771657,29.699999809265137,27.574999809265137,4.0,88.0,-84.0,30.537762834319846,32.84000604736246,0.0,0.0,45.88469732522953,0.16731792834086853,0.19298376573164924,0.15526841341697706,0.1655043561601036,39.41583496278923,34.23422030181466,34.13003132784153,-65.76577969818534,-1.803235065235814,-10.615386962890625,-0.021430828718157928,1.7783793726437176,-1.7998102013618755,-59.814342021373015,-50.259543694886794,-9.554798326486221,30.477655878189477,-1.1904775034389026,-1.1976204334531282,511.57893130653787
2024-02-19 00:00:00+05:30,29.100000381469727,30.0,28.399999618530273,29.399999618530273,4344564,0.0,0.0,-688665855.8819999,3332245827,-0.11641158705057246,3973815.792143592,-10.127622022180748,-7.1041027934709815,351308945.8840189,30.4410771270337,26.316176060531845,228.31621848211822,30.644999694824218,33.22916331737477,28.060836072273666,16.865156784367688,0.25910966599995355,0.0,0.0,29.704999860127764,30.990000089009605,28.419999631245936,8.65174371272532,0.3813228843301847,0.0,0.0,27.149999618530273,33.599998474121094,30.374999046325684,21.047475672451032,0.34883727119574814,1.543335719742011,10.577625240987686,-0.045943056255683956,0.41536600701748005,-0.461309063273164,29.8249994913737,31.342307310837967,29.824373538507132,29.870316594762816,0.841558413506364,1.1194804561703262,-0.27792204266396225,0.21093083478547367,23.57226744419017,0.5049999237060554,68.28388762750288,145.22559801248894,-76.94171038498607,29.199999809265137,32.94999980926514,31.074999809265137,29.375,9.679603892583944e-05,24.11664401494233,15.142078072804635,27.421203709529106,-94.15523359099659,29.699999809265137,27.574999809265137,0.0,84.0,-84.0,30.537762834319846,32.38480553305588,0.0,0.0,47.75184336622497,0.29086056616365596,0.24323352678310217,0.2059605702495075,-0.5446684501258473,43.24165364985978,40.5405321810888,38.082814872900876,-59.4594678189112,-2.1033821947434355,-6.962027646776662,-0.15380840075775823,1.3919418179634226,-1.545750218721181,-60.404351931876896,-52.28850534228482,-8.115846589592074,30.419963169068453,1.2048206218994162,1.1976204334531282,518.947360390111
2024-02-20 00:00:00+05:30,29.5,29.700000762939453,29.0,29.049999237060547,2392311,0.0,0.0,-690716413.7550197,3329853516,-0.0946599579074354,3286512.141466762,4.389082982294836,-6.633679679599821,351280465.9597516,30.203646275510327,15.728703422972899,225.59816526438618,30.502499675750734,33.108354034060625,27.896645317440843,17.086169238657682,0.221300533535525,0.0,0.0,29.556666564941406,30.806666755676268,28.306666374206543,8.458329954011447,0.2973330997721712,0.0,0.0,27.149999618530273,33.599998474121094,30.374999046325684,21.14580419361015,0.29457363653380575,1.4590022240617553,10.190146607918654,-0.1043133154518614,0.3114301425236118,-0.4157434579754732,29.649999459584553,31.044230387761043,29.70523903059227,29.809552346044132,0.8895026826694233,1.157458442729236,-0.2679557600598127,0.15185864607305208,23.227927433163718,0.04749956130981303,54.61681413890954,123.0898333271244,-68.47301918821486,29.199999809265137,32.19999980926514,30.699999809265137,29.449999809265137,4.839801946291972e-05,24.454676906179973,14.656659964099205,26.542146767733772,-83.33332334930557,29.737499713897705,28.074999809265137,0.0,80.0,-80.0,30.537762834319846,31.966021059893833,0.0,0.0,46.0410859239627,0.22690268743709088,0.2283603939805384,0.22152589549842974,-1.5929606722594007,41.06118859087904,34.86238564217642,36.545712708359936,-65.13761435782358,-2.1255879738751595,-6.741574340888577,-0.3499325123736864,1.043566951896001,-1.3934994642696874,-62.11918100095393,-54.25464047401864,-7.864540526935286,30.323588218956363,-1.1904775034389026,-1.1976204334531282,511.57893130653787
2024-02-21 00:00:00+05:30,29.299999237060547,29.399999618530273,28.450000762939453,28.5,3099819,0.0,0.0,-693489940.6040057,3326753697,-0.02758552689233042,2573453.5376821123,-13.024944192677072,-7.973587063144682,351221777.55597186,30.00044010711028,16.359626171571776,225.59816526438618,30.422499656677246,33.16739979664822,27.677599516706273,18.045197935393922,0.14980517347753564,0.0,0.0,29.351666577657063,30.64666665395101,28.056666501363118,8.824030982143407,0.1711712249105119,0.0,0.0,27.149999618530273,33.599998474121094,30.374999046325684,21.20140990510341,0.20930242186005263,1.4081018872146618,9.733781195185893,-0.19273082728899382,0.21059794856109068,-0.40332877585008453,29.47916618982951,30.813461156991814,29.519817641270386,29.71254846855938,0.8217270224584665,1.16991624244552,-0.34818921998705354,0.09561338983224807,22.96277688804344,0.12749958038330078,39.10726775714151,102.88372475648605,-63.77645699934454,29.09999942779541,31.499999046325684,30.299999237060547,29.625,2.419900973145986e-05,25.082510022135985,14.000682453389274,27.945371452616325,-98.07607536341705,29.824999809265137,28.074999809265137,0.0,76.0,-76.0,30.537762834319846,31.58073934458475,0.0,0.0,43.40924987920398,0.005216503795757108,0.17432658579883456,0.21530683552082486,-3.1965998917395475,44.32958246550015,26.470593735145588,33.95783718613691,-73.52940626485442,-2.2530879525577348,-6.710308635862976,-0.6486512844663386,0.705123304623533,-1.3537745890898716,-63.01970827637702,-56.00765403449032,-7.012054241886695,30.0962927859448,-1.8932848588818052,-1.9114369760338867,500.0
2024-02-22 00:00:00+05:30,28.5,28.799999237060547,28.0,28.549999237060547,2653186,0.0,0.0,-692494997.4354293,3329406883,-0.3926814728677054,2224768.3574103424,-15.830026889182381,-7.476580831528343,351226432.1972273,29.801347402924073,17.5303707696242,225.99394548001698,30.199999618530274,32.79017368041072,27.60982555664983,17.15347082515293,0.1814885135032505,0.0,0.0,29.123333168029784,30.41833324432373,27.82833309173584,8.893213347677765,0.2786355609298437,0.0,0.0,27.149999618530273,33.599998474121094,30.374999046325684,21.357612374382935,0.21705424293475062,1.3472916221992501,9.582461236100938,-0.2558189008170899,0.11731457868545456,-0.3731334795025445,29.312499523162842,30.60192269545335,29.37061480985349,29.62643371067058,0.8541666477445606,1.1964284903338314,-0.3422618425892707,0.043792374330818236,22.66349975856654,0.5999996185302727,23.046748039596476,84.54069080361926,-61.493942764022776,28.925000190734863,30.749999046325684,29.837499618530273,29.774999618530273,1.209950486572993e-05,25.911636678653217,13.454578634625076,29.049413856676022,-104.33568454739834,31.34999942779541,28.074999809265137,0.0,72.0,-72.0,30.537762834319846,31.22628016650039,0.0,0.0,43.72418495998805,0.04099530058649608,0.09103816393978127,0.16457504790638455,-4.482938402130555,39.88586978714839,29.787221090889613,30.373400156070517,-70.21277890911038,-2.473382091522218,-6.546645008009616,-0.8634819273740376,0.3914022582240189,-1.2548841855980566,-64.03829109180363,-57.61378144595299,-6.424509645850641,29.935388006369717,0.17543591951068027,0.17528221044909031,501.0526155170641
2024-02-23 00:00:00+05:30,28.649999618530273,29.899999618530273,28.5,29.649999618530273,5973666,0.0,0.0,-688654784.1596062,3335380549,-0.2747204780567672,2845663.5747478274,18.748955195234462,-6.020025797530871,351456591.0432648,29.595039845285882,28.27756238172492,225.99394548001698,30.069999599456786,32.49103271327341,27.64896648564016,16.102648128138735,0.41326017423520384,0.0,0.0,29.048333168029785,30.313333320617676,27.783333015441894,8.709622994686207,0.7378127975991232,0.0,0.0,27.149999618530273,32.849998474121094,29.999999046325684,18.955766316983226,0.4385965792866582,1.3525624218323524,9.234303332786375,-0.21458224536354464,0.05093521387565472,-0.26551745923919934,29.216666221618652,30.492307296166054,29.413597088111455,29.628179333475,0.8724034876063106,1.1068248660271711,-0.23442137842086053,0.004167744460845067,22.47391483747169,0.4300004005432143,13.213485674594072,68.68047531219128,-55.46698963759721,28.574999809265137,30.574999809265137,29.574999809265137,29.774999618530273,6.049752432864965e-06,25.51349937008349,17.91356834507879,27.060206135191844,-48.20304955870931,31.34999942779541,28.074999809265137,0.0,68.0,-68.0,30.537762834319846,30.900177722662782,0.0,0.0,50.27992209155482,0.7708579863431788,0.27235659690847724,0.17924044888236415,-3.942333622821147,44.01785587311198,59.52379871117751,38.59387117907088,-40.47620128882249,-2.5776469174553363,-3.733765087716365,-0.7242505283512368,0.16827170090896781,-0.8925222292602046,-61.99384280055663,-58.48979371687372,-3.504049083682908,29.93284881672248,3.8528911063570925,3.7805203198880477,524.2105182848479
2024-02-26 00:00:00+05:30,30.049999237060547,30.5,29.600000381469727,29.700000762939453,4550216,0.0,0.0,-692193836.7626423,3339930765,-0.2575765552714497,2471642.4936851324,16.812389105777413,-4.366012179171919,351464264.4331547,29.508249247829774,36.89101251726891,226.37505698251036,29.952499675750733,32.19960370643903,27.705395645062442,15.004450747110951,0.44381681725390776,0.0,0.0,29.119999885559082,30.244999885559082,27.994999885559082,7.726648382013898,0.7577781677246094,0.0,0.0,27.149999618530273,32.70000076293945,29.925000190734863,18.529342140023157,0.45945957091881606,1.3073061415021445,9.052298883654482,-0.1758402474301093,0.005580121614501922,-0.1814203690446112,29.149999618530273,30.3615381534283,29.45765919193115,29.63349943936126,0.9491017758899722,1.041916097222238,-0.09281432133226586,-0.025311722795350246,22.350991296401027,-0.052500057220459695,2.737031219763497,54.47532963387133,-51.73829841410784,29.25,30.374999046325684,29.812499523162842,29.774999618530273,3.0248762164324825e-06,24.579421683530747,20.120197033008157,25.835427758157664,-6.84871061471439,31.499999523162842,28.149999618530273,16.0,64.0,-48.0,30.537762834319846,30.60016347433218,0.0,0.0,50.56184720574472,0.8022452456086705,0.5380328441794484,0.3004758683425688,-3.41413047174146,41.279760160448156,62.195144076915454,50.502054626327514,-37.804855923084546,-2.409852745953728,-2.6229483182313014,-0.5933833356061422,0.015940693605945813,-0.6093240292120881,-61.18168929076854,-59.02817283165269,-2.153516459115849,29.918391603484427,0.1686379259780102,0.16849589188745462,525.26317395662
2024-02-27 00:00:00+05:30,29.700000762939453,29.75,28.700000762939453,28.899999618530273,2485616,0.0,0.0,-693732556.1594982,3337445149,-0.24171059560308222,1834479.9025070039,-34.85048254853084,-6.872546178006103,351397311.7195695,29.366975347871623,29.066079384814827,220.2774037838719,29.81749963760376,31.975108509145993,27.659890766061526,14.472097914080006,0.2873803655577139,0.0,0.0,29.17499993642171,30.1699998219808,28.180000050862628,6.820907542261483,0.3618088695874983,0.0,0.0,27.149999618530273,32.70000076293945,29.925000190734863,18.61323454972027,0.3153152502973573,1.2815754510579846,8.97000370780207,-0.2073007078917648,-0.03699604428675143,-0.17030466360501337,29.06666628519694,30.278845860407902,29.37186541140794,29.579166119299703,0.8837209224958812,1.0726744234400742,-0.18895350094419305,-0.05189176135813072,22.339828185910097,-1.267500400543213,-9.090558234949103,40.9494368050017,-50.03999503995081,29.25,30.374999046325684,29.812499523162842,29.774999618530273,1.5124381082162412e-06,24.311837302343353,19.037592649302937,29.057321763577683,-56.16603735695283,32.09999942779541,28.324999809265137,12.0,60.0,-48.0,30.537762834319846,30.5,0.0,0.0,46.06160037397178,0.35054459472770094,0.6412159422265167,0.4838684611048139,-4.125735074353268,41.64787724397848,42.68292285798953,54.80062188202748,-57.31707714201047,-2.2855880737304695,-3.3444816480206856,-0.7008335091519231,-0.12741414694562797,-0.5734193622062951,-62.15847582026864,-59.654233429375886,-2.504242390892756,29.91071562225714,-2.693606477638366,-2.7305489578108855,508.4210446006374
2024-02-28 00:00:00+05:30,28.899999618530273,29.399999618530273,27.5,27.899999618530273,3646516,0.0,0.0,-695843698.1575888,3333798633,-0.35097258900892186,1051480.4878631465,-40.38103196446867,-9.756905604039579,351271134.69368255,29.1813342346662,29.704472468214576,220.2774037838719,29.587499618530273,31.521375424584207,27.65362381247634,13.072248963158561,0.06370000733311368,0.0,0.0,29.11833324432373,30.21333293914795,28.02333354949951,7.521032784647288,-0.056316879151750425,0.0,1.0,27.149999618530273,32.599998474121094,29.874999046325684,18.419937223007366,0.13761470779587795,1.3434178678052136,8.919495735189537,-0.3093588953430171,-0.09146861449800456,-0.21789028084501252,29.012499650319416,30.12499970656175,29.145424520195988,29.454783415539005,0.833333263848863,1.0956284192873604,-0.26229515543849746,-0.08179767883142196,22.436706369090516,-0.5375003814697266,-25.42863441843614,27.448715844970703,-52.87735026340684,29.0,30.374999046325684,29.687499523162842,29.774999618530273,7.562190541081206e-07,24.74775807011843,17.2308606526478,32.29358660488299,-110.81357494580438,32.09999942779541,28.449999809265137,8.0,56.00000000000001,-48.00000000000001,30.537762834319846,30.5,0.0,0.0,41.133260869726165,0.0,0.38426328011212374,0.5211706888393628,-6.166012025415459,35.808824946409985,19.230771111783845,41.369612682229594,-80.76922888821615,-2.11588229572072,-2.27670625534208,-1.050284060753994,-0.3119881297073012,-0.7382959310466928,-61.728416816496676,-60.06907010680005,-1.659346709696628,29.83269026679259,-3.4602076581302543,-3.521490676417205,487.36841302168995
2024-02-29 00:00:00+05:30,28.049999237060547,29.25,27.399999618530273,28.850000381469727,3653924,0.0,0.0,-693769847.568144,3337452557,-0.2853237090993893,1397159.0735573797,-6.3288138364048026,-8.715817842481657,351395551.56232715,29.042896292237184,37.52165421601533,220.2774037838719,29.449999618530274,31.17133624859639,27.72866298846416,11.689892375978376,0.32571705424130143,0.0,0.0,29.02499993642171,30.234999783833825,27.8150000890096,8.337638932386398,0.4276861251981698,0.0,0.0,27.149999618530273,32.25,29.699999809265137,17.317488786182356,0.33333345799663333,1.3940761191716649,8.592971880890136,-0.3100100195749711,-0.13517689551339787,-0.17483312406157323,28.995833079020183,30.076922783484825,29.09997465269964,29.40998467227461,0.8888888314559303,1.0921408555714323,-0.20325202411550192,-0.10636154451213922,22.456973656038777,-0.44999961853027415,-37.12057310679827,14.373940966369373,-51.49451407316764,28.949999809265137,30.374999046325684,29.66249942779541,29.774999618530273,3.781095270540603e-07,25.20594793853562,15.671340992669686,29.860010149944827,-90.26126935541784,32.02499961853027,28.59999942779541,4.0,52.0,-48.0,30.537762834319846,30.231999969482423,0.0,0.0,46.94126749839265,0.6159997290876007,0.3221814412717671,0.449220221203469,-6.277536329085239,44.023766419399315,47.88732999753388,36.60034132243573,-52.11267000246612,-1.8639704423792232,-0.6884642369823945,-1.0540978617619745,-0.4604100761182359,-0.5936877856437386,-61.13100615998421,-60.28145731743689,-0.8495488425473212,29.817534431628864,3.40502070225297,3.348333102205947,507.3684290835732
2024-03-01 00:00:00+05:30,29.399999618530273,29.549999237060547,28.600000381469727,28.649999618530273,2518374,0.0,0.0,-696023133.2937906,3334934183,-0.3157965052175212,1125611.1028539138,28.29203055992141,-4.859842010818972,351378093.09734595,29.01703049879413,45.092555054895264,218.75034491965806,29.324999618530274,30.89040684797806,27.75959238908249,10.676264278336872,0.2844011490102437,0.0,0.0,28.9849999109904,30.19499956766764,27.775000254313152,8.349143766727712,0.3615700878047931,0.0,0.0,27.149999618530273,31.850000381469727,29.5,16.027283287565854,0.3191488843635584,1.3496683928135804,7.857689003463159,-0.3229417587424699,-0.17272986815921226,-0.15021189058325762,28.966666380564373,29.909615076505222,29.03074772436589,29.35368948310836,1.005847976046376,1.0614035811756497,-0.0555556051292736,-0.1274103280307016,22.48497993107217,0.07499999999999929,-48.176442425114836,1.4339042938562925,-49.61034671897113,28.949999809265137,30.374999046325684,29.66249942779541,29.774999618530273,1.8905476352703015e-07,25.317093334840877,16.429591629001628,28.43670161923925,-49.24806992428549,31.837499618530273,28.774999618530273,0.0,48.0,-48.0,30.537762834319846,29.985439941406252,0.0,0.0,45.91420568717691,0.5070691031577925,0.374356277415131,0.36026699959967373,-6.65936717124548,44.659225481021444,44.77611430425908,37.298071804525584,-55.22388569574092,-1.6374998485340804,-1.206897867136988,-1.1001743372951716,-0.5883629283536231,-0.5118114089415484,-61.637553296057234,-60.55267651316096,-1.0848767828962735,29.803632441527487,-0.6932435365509138,-0.6956576330705566,503.15788670590047
2024-03-04 00:00:00+05:30,29.0,29.0,28.049999237060547,28.100000381469727,2269527,0.0,0.0,-698053757.438773,3332664656,-0.2687301069673307,786489.7855193102,-23.022444800831398,-3.0883471482702762,351334524.5760507,29.0446937294661,48.721320922495615,214.55095488773892,29.202499675750733,30.7486156685415,27.656383682959966,10.588929098248641,0.1434616486014819,0.0,0.0,28.896666590372725,30.041666285196936,27.751666895548503,7.9247873884919775,0.15211073308395104,0.0,0.0,27.149999618530273,31.350000381469727,29.25,14.382333052218346,0.2261906167546923,1.3097016298261677,7.320002751711652,-0.37326779826893386,-0.21283745418115657,-0.1604303440877773,28.858333110809326,29.74999970656175,28.88755582545879,29.260823623727724,1.0509553691321236,1.0254776845660618,0.02547768456606181,-0.1485585068474374,22.553547868180445,-0.15250043869018626,-59.49427299958264,-11.245105388198393,-48.24916761138425,28.949999809265137,29.999999046325684,29.47499942779541,29.774999618530273,9.452738176351508e-08,25.74528832311222,15.627394273390099,29.87503422231069,-101.21345449748159,31.462499618530273,28.774999618530273,0.0,44.0,-44.0,30.537762834319846,29.758604715576173,0.0,0.0,43.120137356473236,0.21072899116985522,0.44459927447174935,0.3803789977195489,-7.7807323797766434,39.06694289034989,22.58066699358208,38.41470376512499,-77.41933300641792,-1.7380881758297164,-4.421766169823966,-1.2756571826852114,-0.7258217792199408,-0.5498354034652706,-62.21281679658496,-60.884704569845766,-1.3281122267391936,29.732524760200715,-1.9197181304840827,-1.9383839930788849,491.5789553993626
2024-03-05 00:00:00+05:30,28.299999237060547,28.350000381469727,27.600000381469727,27.700000762939453,2237705,0.0,0.0,-699694738.8291285,3330426951,-0.2628936144810488,546265.3666760823,-18.43403968777878,-5.50273021464145,351302671.15490365,28.999397914471913,43.65713129468512,211.49685172242386,29.05999975204468,30.608418084793378,27.51158141929598,10.65669887102977,0.06084251899452735,0.0,0.0,28.75999997456869,29.909999593098956,27.610000356038416,7.997215713123563,0.03913062467623254,0.0,0.0,27.149999618530273,31.25,29.199999809265137,14.108741969900562,0.13414660810641701,1.253731466843551,6.966884305637174,-0.44035206891152967,-0.25834037712723124,-0.18201169178429843,28.7458332379659,29.582692072941708,28.70485504660966,29.14520711552119,0.948553094891408,1.0482315195364664,-0.09967842464505838,-0.17122569687308264,22.615910308672824,0.339999866485595,-72.03039002774754,-23.593734030963844,-48.4366559967837,28.949999809265137,29.925000190734863,29.4375,29.774999618530273,4.726369088175754e-08,26.397523059329384,15.004522529525627,31.075739509248514,-144.88629547278916,31.112499237060547,28.799999237060547,4.0,40.0,-36.0,30.537762834319846,29.549999237060547,0.0,0.0,41.15844422668307,0.0026709578784578354,0.24015635073536845,0.35303730087408275,-9.288115404186716,31.586607443233934,9.677455080407041,25.67807879274938,-90.32254491959296,-1.7866176324732166,-4.647154938299733,-1.510890168548576,-0.882835457085668,-0.628054711462908,-62.60090261944675,-61.22794417976597,-1.3729584396807795,29.644257369657314,-1.4234861676160282,-1.4337149178901942,483.15791079872537
2024-03-06 00:00:00+05:30,29.049999237060547,29.049999237060547,29.049999237060547,29.049999237060547,3495385,0.0,0.0,-699694738.8291285,3333922336,-0.254814423254648,1142336.659503179,0.0,-6.637378291289778,351473023.6562212,28.974237143526565,44.10987470420327,211.49685172242386,28.972499752044676,30.299705347904325,27.645294156185027,9.161830061045968,0.5291964881920472,0.0,0.0,28.78666655222575,29.841666285196943,27.731666819254553,7.329780480537258,0.6248022518892848,0.0,0.0,27.149999618530273,31.25,29.199999809265137,14.151351856273214,0.4634144979882126,1.2633581675713053,6.510059188920678,-0.38020052724678877,-0.28271240715114276,-0.097488120095646,28.71666653951009,29.484615105849045,28.757954152832873,29.138154680079662,0.9130434834116906,1.0496894042022098,-0.13664592079051918,-0.18484747258061585,22.512792405560493,0.07749948501587056,-78.93705402078064,-34.92526759322797,-44.011786427552664,28.949999809265137,29.925000190734863,29.4375,29.774999618530273,2.363184544087877e-08,26.2325839229627,17.647253311741157,28.846951881883225,-2.534522375371779,30.737499237060547,28.84999942779541,0.0,36.0,-36.0,30.537762834319846,29.357999267578126,0.0,0.0,49.507480719720085,0.8881734282904318,0.3671911257795815,0.3506489169955662,-8.1308933069814,40.71467824240194,53.22578759645184,28.49463655681363,-46.77421240354816,-1.556323629267073,-1.1904775034389041,-1.3048201968215694,-0.9672324050328484,-0.337587791788721,-61.10744666225225,-61.20384467626323,0.0963980140109797,29.636280016159954,4.873640566563786,4.758601629871073,511.57893130653787
2024-03-07 00:00:00+05:30,30.5,30.5,29.899999618530273,30.5,8862660,0.0,0.0,-690832078.8291285,3342784996,-0.0758841700020933,2814983.3883845783,7.785481808093256,-6.140819020766664,351915394.19319797,29.179795098402355,56.38733118738652,211.49685172242386,28.972499752044676,30.299705347904325,27.645294156185027,9.161830061045968,1.0754572813437926,1.0,0.0,28.971666590372717,30.006666437784833,27.936666742960615,7.144910660790496,1.2383254275102973,1.0,0.0,27.149999618530273,31.049999237060547,29.09999942779541,13.461039440530287,0.8589745408057717,1.28202242710812,5.859337777267518,-0.21307090494167014,-0.26878410670924824,0.0557132017675781,28.83749993642171,29.40769202892597,29.025961206243203,29.239032111184873,0.9216867767513457,1.0210843646901897,-0.09939758793884401,-0.1819764787006385,22.440357119363533,-0.4724997520446763,-76.63169444492449,-44.90806538428559,-31.7236290606389,28.949999809265137,29.874999046325684,29.41249942779541,30.024999618530273,50.00000001181593,24.737380549210627,23.95584863930772,26.637144034848394,172.96738060115112,30.774999618530273,29.174999237060547,0.0,32.0,-32.0,27.149999618530273,29.357999267578126,1.0,0.0,56.62616415287736,1.0,0.6302814620562964,0.4125429795237486,-4.725953191605343,49.94150869332505,100.0,54.30108089228627,-0.0,-1.105588340759276,4.991396905407193,-0.7287207871021272,-0.9195300814467042,0.19080929434457705,-52.53423683527433,-59.46992310806545,6.9356862727911235,29.675870040968054,4.991396905407197,4.870822657842222,542.1052631578948
2024-03-11 00:00:00+05:30,32.0,32.0,29.649999618530273,29.899999618530273,7925918,0.0,0.0,-697071631.5709572,3334859078,-0.12781307083811805,1733478.0724013858,18.530979482989594,-4.093776056111641,351759474.39570624,29.36303811573793,67.20823210912016,207.33625527281401,28.972499752044676,30.299705347904325,27.645294156185027,9.161830061045968,0.84941830767555,0.0,0.0,29.088333257039388,30.218333180745446,27.958333333333332,7.769437414793072,0.8591444319875989,0.0,0.0,27.149999618530273,32.0,29.574999809265137,16.740013540348542,0.5670102646809793,1.3888202225442807,5.301842065876873,-0.12756401299716558,-0.2405400879668317,0.11297607496966613,28.954166571299236,29.34230738419753,29.16042865428737,29.287992667284534,0.9452450118975704,0.9365993890986484,0.008645622798922004,-0.17168512225274848,22.58756368261831,-0.42250051498412944,-75.79024366963002,-53.63331814977376,-22.15692551985626,29.699999809265137,29.699999809265137,29.699999809265137,30.024999618530273,75.00000000590796,23.677483483528757,28.658350233238316,23.495712582486565,191.832194934718,30.674999237060547,29.25,0.0,28.000000000000004,-28.000000000000004,27.21699962615967,29.357999267578126,0.0,0.0,53.27885733934158,0.7839458007088939,0.8907064096664419,0.6293929991674397,-2.9809298481874564,45.60131672729687,54.34782157998943,69.19120305881374,-45.65217842001057,-0.7614706880906041,4.912279363264117,-0.4355505494907405,-0.8227341750555115,0.387183625564771,-46.320269862258556,-56.83999245890408,10.519722596645522,29.677489279376967,-1.9672143654745122,-1.9868215974910175,529.4736761795847
2024-03-12 00:00:00+05:30,30.0,30.5,28.399999618530273,28.549999237060547,3750144,0.0,0.0,-700286042.1735758,3331108934,-0.10761970669545082,762596.0862631298,-76.99705730022298,-9.907071790577197,351590153.4627578,29.353786047445215,65.63134004775094,197.9749165677347,28.972499752044676,30.299705347904325,27.645294156185027,9.161830061045968,0.34083079656152665,0.0,0.0,29.00999984741211,30.25999984741211,27.75999984741211,8.617718073593911,0.31599975585937445,0.0,0.0,27.149999618530273,32.0,29.574999809265137,16.740013540348542,0.28865969245677103,1.4599382384368254,5.13594283132196,-0.1668100510154673,-0.22579408057655884,0.05898402956109153,28.954166571299236,29.242307369525616,29.066516436252474,29.23332648726794,0.8506666769748285,1.0053333547634593,-0.15466667778863086,-0.16535401004431913,22.874719867208928,0.6774998664855971,-79.524394665043,-61.459299975339746,-18.06509468970326,29.699999809265137,29.574999809265137,29.637499809265137,30.024999618530273,62.49999873490123,22.17938805912718,25.73729992748335,27.16793555224847,11.33329955207183,30.674999237060547,29.274999618530273,96.0,24.0,72.0,27.408319641113284,29.357999267578126,0.0,0.0,46.60364195874221,0.3530894751641018,0.7123450919576652,0.7444443212268009,-3.6701868857365665,36.040346678336036,24.99998963397568,59.78260373798835,-75.00001036602431,-0.4985294846927424,0.0,-0.5706160436039274,-0.7723105487651948,0.2016945051612674,-46.01974009543707,-54.67594198621068,8.656201890773609,29.653923891864597,-4.515051500646427,-4.620155825936001,501.0526155170641
2024-03-13 00:00:00+05:30,28.5,28.549999237060547,27.149999618530273,27.149999618530273,3264820,0.0,0.0,-703550862.1735758,3327844114,-0.20392354699564574,689.9661441104254,-68.61021200880627,-13.877448063157857,351430057.2499132,29.28565472223351,65.59455502953361,188.2668670027594,28.877499771118163,30.42296889778278,27.332030644453546,10.703621427851717,-0.05889183510126997,0.0,1.0,28.859999783833825,30.144999821980793,27.574999745686853,8.90505923611804,-0.16536969437349172,0.0,1.0,27.149999618530273,32.0,29.574999809265137,16.795084130934544,0.0,1.4539443764461701,5.46127625826669,-0.3073382834081144,-0.24210292114286996,-0.06523536226524446,28.7458332379659,29.1115381534283,28.771667695064444,29.07900597847256,0.8177083043588487,1.0911458478205758,-0.2734375434617271,-0.1708521355832558,23.167849638450264,0.8225009918212898,-80.77712745771957,-67.60913253526013,-13.167994922459442,29.574999809265137,29.574999809265137,29.574999809265137,30.024999618530273,43.74999746537149,21.552237258989692,23.98231955747246,31.40363725013416,-169.56680448331443,30.674999237060547,29.274999618530273,92.0,20.0,72.0,27.408319641113284,32.0,0.0,1.0,40.88314929048687,0.0,0.37901175862433184,0.660687753416146,-6.2484621399374545,34.49473865234305,0.0,26.44927040465502,-100.0,-0.42867669498219385,-8.431703312527471,-1.056907803642393,-0.8292299997406345,-0.2276778039017584,-46.178611859047756,-52.976475960778096,6.79786410173034,29.57419998239251,-4.903676553213154,-5.027987704960157,471.5789393374794
2024-03-14 00:00:00+05:30,26.049999237060547,28.350000381469727,25.799999237060547,28.149999618530273,5960900,0.0,0.0,-698525008.4580997,3333805014,-0.1488602482934055,852148.5424092375,-33.153549198424315,-15.114842513817994,351649611.58080655,29.140027173824137,62.32386630517228,188.2668670027594,28.834999752044677,30.411102492406606,27.25889701168275,10.931872751274554,0.28269178906538056,0.0,0.0,28.77666645050049,30.126666641235353,27.426666259765625,9.382603040953581,0.2679012061364623,0.0,0.0,25.799999237060547,32.0,28.899999618530273,21.501650134398957,0.3790322729501696,1.563550053242471,5.500373003891871,-0.3341642400301801,-0.260515184920332,-0.0736490551098481,28.616666475931805,29.01923047579252,28.676026452520727,29.010190692550907,0.7899761403874221,1.0644390714971723,-0.2744629311097502,-0.17719179491879192,23.651174770543072,0.06499986648559641,-73.61488052705073,-71.66405558195486,-1.9508249450958743,28.899999618530273,28.899999618530273,28.899999618530273,30.024999618530273,28.124996513593437,21.671083844844482,21.15302075122046,33.94451362211554,-160.80358878838274,30.674999237060547,29.274999618530273,88.0,100.0,-12.0,27.408319641113284,31.902999992370606,0.0,0.0,45.983465049237694,0.3239732543818719,0.22568757651532453,0.43901480903244033,-6.616920697167022,45.05500333785597,37.90322729501696,20.96773897633086,-62.09677270498304,-0.7060295497669884,-5.218858938021703,-1.1518857065492683,-0.8937611411023613,-0.258124565446907,-42.419893194100474,-50.865159407442576,8.445266213342101,29.564904084622757,3.6832413040532197,3.6170308704882803,492.6315709164268
2024-03-15 00:00:00+05:30,28.049999237060547,28.100000381469727,26.899999618530273,27.399999618530273,3232195,0.0,0.0,-699063709.3372438,3330572819,-0.14982114318824116,384106.42920791794,15.778768085813171,-15.326998735919515,351563496.25992376,29.024858898411495,60.381961210855756,183.25087580682626,28.73499975204468,30.40595754773789,27.064041956351467,11.630122221068143,0.100528470271576,0.0,0.0,28.6733331044515,29.958333333333332,27.388332875569667,8.963033521082611,0.00453958789204217,0.0,0.0,25.799999237060547,32.0,28.899999618530273,21.576477523714903,0.2580645459003392,1.532195047918224,6.052874354163841,-0.41120264775367943,-0.2906526774870015,-0.12054997026667791,28.491666475931805,28.888461259695198,28.47971463190681,28.89091727966049,0.814903912724125,1.1274038324871,-0.3124999197629751,-0.18845247684476293,24.048027932040487,-0.8350001335144057,-70.5105452738111,-74.14562256514333,3.635077291332223,28.899999618530273,28.899999618530273,28.899999618530273,30.024999618530273,17.187495879197815,21.7814413888525,19.91286642571503,31.954422661077935,-134.37006589972006,30.987499237060547,29.274999618530273,84.0,96.0,-12.0,27.408319641113284,31.658879962158203,0.0,0.0,42.98790518631296,0.13369458863017883,0.15255594767068356,0.25241842760344646,-7.9231356184503134,45.18790650177918,25.80645459003392,21.236560628350276,-74.19354540996608,-1.0894118982202876,-5.1903114871953875,-1.4232938462053277,-0.9996676821229546,-0.4236261640823731,-42.71531177358007,-49.23518988067008,6.519878107090008,29.508792234434942,-2.664298437525725,-2.700434156260556,476.8420972322163
2024-03-18 00:00:00+05:30,27.399999618530273,28.75,27.399999618530273,27.700000762939453,2390209,0.0,0.0,-700391599.4739017,3332963028,-0.13517876865576064,431672.0015178041,32.476237929526434,-14.208152391366013,351589666.5316522,28.90450649722589,58.67407381414523,185.25727993899469,28.667499828338624,30.39036797261559,26.944631684061658,12.019660972135856,0.21921848209538983,0.0,0.0,28.574999809265137,29.900000190734865,27.24999942779541,9.273843501759961,0.1698117756935625,0.0,0.0,25.799999237060547,32.0,28.899999618530273,21.627281067638062,0.3064518213023744,1.5139755812733742,6.4611218498897465,-0.4429425893191805,-0.32111065985343734,-0.12183192946574317,28.47499990463257,28.780768981346718,28.359758652065675,28.802701241384856,0.7905882891486673,1.122352959127987,-0.33176466997931975,-0.20023270872605725,24.305125266113258,0.1825005531311028,-67.54133344367851,-75.03974039226507,7.498406948586563,28.899999618530273,28.899999618530273,28.899999618530273,30.024999618530273,10.156245482746709,21.359976321529484,21.71528408290947,29.914588187740566,-78.26494544142015,30.799999237060547,29.274999618530273,80.0,92.0,-12.0,27.408319641113284,31.424524733154296,0.0,0.0,44.54412242733079,0.23254587312814257,0.23007123871339774,0.20277158763313508,-8.46130482142474,40.365533049057206,30.64518213023744,31.45162133842942,-69.35481786976256,-1.5144119262695312,-0.7168417861123825,-1.5378508619974267,-1.107304318097849,-0.4305465438995777,-44.00568668209558,-48.18928924095518,4.183602558859604,29.479602421810014,1.0948947028681433,1.0889441264461563,483.15791079872537
2024-03-19 00:00:00+05:30,27.700000762939453,28.0,27.0,27.149999618530273,2890492,0.0,0.0,-702414946.0791721,3330072536,-0.17797349538042978,142894.0144573209,-19.892800577380484,-13.139746536283846,351532273.9733808,28.816727596833648,58.42804905166155,185.25727993899469,28.554999828338623,30.363562747175536,26.74643690950171,12.667224161858016,0.1115699942825584,0.0,0.0,28.474999809265135,29.80500011444092,27.144999504089355,9.341529861875742,0.0018797418397047362,0.0,0.0,25.799999237060547,32.0,28.899999618530273,21.712487481041528,0.2177419702170624,1.4625780231460368,6.956833645405421,-0.5066370212755693,-0.3582159321378638,-0.14842108913770552,28.333333174387615,28.674999750577488,28.173641877675614,28.680278898951183,0.8136793059698391,1.1226415230142297,-0.30896221704439064,-0.21514851176497482,24.356360660148237,0.09499979019165039,-66.55208520904338,-74.4310398568535,7.878954647810119,28.899999618530273,28.899999618530273,28.899999618530273,32.42499923706055,5.859370244894507,21.19666853694436,20.66305736443464,30.403280833708262,-115.39313440947203,31.97499990463257,29.274999618530273,76.0,88.0,-12.0,27.408319641113284,31.199543713310547,0.0,0.0,42.26628529167637,0.08785712351029802,0.15136586175620645,0.17799768271342906,-9.613958789213376,34.88972669981656,21.77419702170624,26.07527791399251,-78.22580297829376,-1.7757354175343245,-5.8925502269017604,-1.7664996322406634,-1.239143380926412,-0.5273562513142513,-44.17584757787032,-47.38660090833822,3.2107533304678952,29.442007822975256,-1.9855636435398227,-2.0055408406738806,471.5789393374794
2024-03-20 00:00:00+05:30,27.399999618530273,27.600000381469727,25.799999237060547,26.600000381469727,3168975,0.0,0.0,-702767052.1738623,3326903561,-0.15443547703805993,-126509.96364571729,-45.44060015778969,-13.501144264378203,351468077.51456857,28.73029148963389,59.106980333514606,185.25727993899469,28.432499885559082,30.41398280801703,26.451016963101136,13.938154790703752,0.037593919352023254,0.0,0.0,28.35333309173584,29.78833351135254,26.918332672119142,10.122269681478539,-0.11091714200837821,0.0,1.0,25.799999237060547,32.0,28.899999618530273,21.806034600877446,0.1290324267685888,1.496320335272351,7.54191929678126,-0.5946410080009237,-0.4055009473104758,-0.18914006069044786,28.16249990463257,28.599999794593224,27.931543185951632,28.526184193952556,0.812796283075094,1.125592385358868,-0.3127961022837741,-0.2348216883518904,24.362332048699493,-0.33249950408935547,-65.99757188143323,-72.99331961914825,6.995747737715021,28.899999618530273,28.899999618530273,28.899999618530273,32.42499923706055,3.320307606155082,21.676423038749686,18.888840981584487,33.517006557239945,-155.1087330604672,31.737499713897705,29.274999618530273,72.0,84.0,-12.0,27.408319641113284,30.983561934260546,0.0,0.0,40.06016989392344,0.0,0.10680099887948018,0.16274603311636127,-11.247213559898073,39.20321842707779,12.90324267685888,21.7742072762675,-87.09675732314112,-1.8564706129186277,-7.155320294436048,-2.084544515165072,-1.4082236077741441,-0.676320907390928,-43.65689503783806,-46.640659734238184,2.9837646964001223,29.389644196973705,-2.025779907139169,-2.0465802200873906,460.0000080309417
2024-03-21 00:00:00+05:30,27.0,27.299999237060547,26.850000381469727,27.049999237060547,2289731,0.0,0.0,-703021473.1995311,3329193292,-0.12343321639010603,38759.506819502974,7.3698426079988275,-12.522668804063658,351506813.46625406,28.67559283899786,57.99883620742477,188.391323652035,28.35999984741211,30.430410411864752,26.289589282959465,14.6009208433869,0.18363747924125187,0.0,0.0,28.154999796549475,29.63500010172526,26.6749994913737,10.513232575886299,0.12668907714931432,0.0,0.0,25.799999237060547,32.0,28.899999618530273,21.861779958737245,0.201612878416384,1.416688187304198,8.089174445474717,-0.6209161201403148,-0.44858398187644366,-0.17233213826387117,28.074999809265137,28.523076717670147,27.795921039968388,28.416837160108702,0.8471179341818469,1.1278196013478978,-0.28070166716605094,-0.253479338306169,24.32732535295647,-0.6599990844726555,-65.77490196842278,-71.7870093439814,6.012107375558614,28.899999618530273,28.899999618530273,28.899999618530273,32.42499923706055,1.660153803077541,22.121909361854627,18.233173710574217,32.35356808882125,-108.69216485644607,31.487499237060547,29.274999618530273,68.0,80.0,-12.0,27.408319641113284,30.776219426372545,0.0,0.0,42.69562679215969,0.1590883624031073,0.08231516197113507,0.11349400753560705,-11.816607559303282,43.245839676829284,20.1612878416384,18.279575846734488,-79.8387121583616,-1.7101471003364104,-3.7366588261742257,-2.1850289553404316,-1.5635846772874018,-0.6214442780530298,-44.47279616385734,-46.20708702016202,1.734290856304682,29.288533424075872,1.691724996757138,1.6775746959084348,469.47366814864307
2024-03-22 00:00:00+05:30,27.0,27.950000762939453,27.0,27.350000381469727,2420236,0.0,0.0,-703658376.8985637,3331613528,-0.14500304151998117,136947.2300939019,15.700983241740813,-13.422029326790845,351533655.373471,28.608094297199077,57.82345048366459,188.391323652035,28.299999904632568,30.41400079476728,26.185999014497856,14.939935669672282,0.2753076813741777,0.0,0.0,27.86833318074544,29.383333524068195,26.35333283742269,10.872557992592709,0.3289331083124077,0.0,0.0,25.799999237060547,32.0,28.899999618530273,21.90812997820733,0.2500001538184192,1.3700194448677236,8.494756798447037,-0.610494351805027,-0.48096605586216035,-0.12952829594286663,28.045833110809326,28.45961519388052,27.727317861737824,28.33781221354285,0.7944863195318115,1.110275617098905,-0.3157892975670935,-0.268224799979906,24.347335446691517,0.7499993324279792,-70.2990332859888,-71.17687485691015,0.8778415709213476,28.149999618530273,28.899999618530273,28.524999618530273,32.42499923706055,0.8300769015387705,21.948886382642964,20.65641654150655,30.79143020731609,-72.52232449121007,31.399999618530273,29.274999618530273,64.0,76.0,-12.0,27.408319641113284,30.577170618800064,0.0,0.0,44.44921178961799,0.2649428598782881,0.1413437407604651,0.1101533005370266,-11.779086077720336,47.26686426562196,25.00001538184192,19.35484863344638,-74.99998461815808,-1.6033823405995093,-1.263539248482625,-2.154345392666789,-1.6817368203632792,-0.47260857230350983,-44.757539749777116,-45.917177566085044,1.159637816307928,29.082336829328657,1.1090615632926015,1.102956572799041,475.7894817151521
2024-03-26 00:00:00+05:30,27.5,27.700000762939453,26.600000381469727,26.649999618530273,4569939,0.0,0.0,-707812873.381884,3327043589,-0.25346925962312555,-339611.0580033357,-7.822859652376952,-12.33634467332981,351416691.54378295,28.485617488855084,55.705945054391535,188.391323652035,28.14999990463257,30.28518142076021,26.014818388504928,15.170028585160033,0.14874174050956296,0.0,0.0,27.514999898274738,28.90500024159749,26.12499955495199,10.103582398413216,0.18884889708850253,0.0,0.0,25.799999237060547,32.0,28.899999618530273,22.02486956996094,0.1370968188505088,1.343017538527924,9.026031510685586,-0.6512124648046864,-0.5150153376506655,-0.13619712715402088,27.84583314259847,28.35384596311129,27.561576593552047,28.212789058356734,0.803482761271148,1.0945273334415113,-0.2910445721703633,-0.283914604449017,24.397028530037886,2.350000095367431,-75.80053468552069,-70.76311263696321,-5.037422048557474,27.274999618530273,28.899999618530273,28.087499618530273,32.42499923706055,0.4150384507693852,22.022343559971464,19.483371069158405,31.10786436309787,-95.86133982518447,31.299999713897705,29.299999237060547,60.0,72.0,-12.0,27.408319641113284,30.386083763530483,0.0,0.0,41.27533579128672,0.07335303141895559,0.1657947512334503,0.12981788465501665,-12.66948227712253,35.722859766062946,13.70968188505088,19.623661702843716,-86.29031811494912,-1.669999846290139,-8.26161680399796,-2.3082172537344188,-1.8070329070375073,-0.5011843466969115,-40.83425733674938,-44.90059352021792,4.066336183468536,28.816212784583385,-2.559417744702186,-2.5927406517902707,461.0526235480058
2024-03-27 00:00:00+05:30,26.700000762939453,27.200000762939453,26.0,26.100000381469727,4946768,0.0,0.0,-711935177.4276603,3322096821,-0.25982274060338134,-679769.2819907917,-13.342057854718083,-11.972631685254047,351314600.7871278,28.33681436524837,53.43454283986941,188.391323652035,27.969999885559083,30.158469477806257,25.78153029331191,15.648692178773164,0.07276091230283073,0.0,0.0,27.24333330790202,28.543333689371742,25.943332926432294,9.543622043435152,0.060256695794316174,0.0,0.0,25.799999237060547,32.0,28.899999618530273,22.166609897415533,0.048387275402035204,1.3287158609690768,9.648607023886049,-0.7195674786319906,-0.5559257658469305,-0.16364171278506,27.479166507720947,28.24038446866549,27.33671871477015,28.05628619340214,0.8004867218854069,1.0851581382052549,-0.28467141631984794,-0.30277936574465075,24.40530517324305,1.92999973297119,-80.50792674412678,-70.73320144656401,-9.774725297562767,27.274999618530273,28.899999618530273,28.087499618530273,32.27499961853027,0.2075192253846926,22.43087363711253,18.264807121261832,32.289450203873805,-124.37261057357861,31.09999990463257,29.375,56.00000000000001,68.0,-11.999999999999993,27.408319641113284,30.202640382471685,0.0,0.0,38.92360704631341,0.0,0.11276529709908119,0.13996792969766533,-14.111511826669778,32.47136888838772,4.838727540203521,14.51614160236542,-95.16127245979648,-1.7257350809433873,-14.426228257476307,-2.56472818131292,-1.95857196189259,-0.6061562194203298,-36.61422175180971,-43.243319166536274,6.629097414726566,28.588176363150247,-2.06378703539688,-2.085380735344655,449.4736922414679
2024-03-28 00:00:00+05:30,26.299999237060547,26.399999618530273,25.799999237060547,25.850000381469727,5506293,0.0,0.0,-716523734.5063003,3316590528,-0.2884933320005445,-779312.7059921073,-5.448325451257623,-12.361797788915307,351261858.5177837,28.08724833349467,46.228193092321405,188.391323652035,27.817499923706055,30.146077575735802,25.48892227167631,16.741818340370223,0.07753190224914287,0.0,0.0,27.083333333333336,28.303333791097003,25.86333287556966,9.009234149639417,-0.005464134875971124,0.0,1.0,25.799999237060547,32.0,28.899999618530273,22.288130780781692,0.008064699718758402,1.2558443130191417,10.457349912707535,-0.7848647974011627,-0.601713572157777,-0.18315122524338567,27.141666571299236,28.103846036470852,27.107992817339316,27.89285761474048,0.7777778527016671,1.1616161596700865,-0.38383830696841936,-0.32416718105388925,24.409538531342548,0.7324993133544915,-81.0393101338166,-71.55813806953799,-9.48117206427861,27.274999618530273,28.899999618530273,28.087499618530273,32.27499961853027,0.1037596126923463,22.92234281348522,17.669735871190685,32.3234635876796,-139.74270322365084,31.074999809265137,29.375,52.0,64.0,-12.0,27.408319641113284,30.02653473665524,0.0,0.0,37.86745762475566,0.0,0.02445101047298516,0.10100368626850537,-15.610850073996232,30.561276708319355,0.8064699718758402,6.451626465710061,-99.19353002812416,-1.706029246835147,-13.54514812284678,-2.8138558201594477,-2.1296287335459616,-0.6842270866134861,-31.897429495284324,-40.97414123228589,9.076711737001563,28.468022179547418,-0.9578543921305527,-0.9624713232858184,444.21053434673115
2024-04-01 00:00:00+05:30,26.049999237060547,27.100000381469727,26.049999237060547,27.100000381469727,3371897,0.0,0.0,-713151837.5063003,3319962425,-0.2198526423579037,-65857.85513609205,14.791405079633506,-11.861374698091003,351424909.62756324,27.654126219618117,40.00119608743636,197.5011554156682,27.777499961853028,30.12643030829416,25.428569615411895,16.91246764227832,0.3557855107517807,0.0,0.0,27.015000025431316,28.08500048319498,25.944999567667644,7.921528460162092,0.539719775548539,0.0,0.0,25.799999237060547,32.0,28.899999618530273,22.32022597949399,0.2096775781351424,1.2552598817172274,10.752677619079535,-0.7273642374921003,-0.6268437052246417,-0.1005205322674586,27.020833333333332,28.02884608048659,27.106763211820915,27.834127449313016,0.77806134985564,1.1479592298478198,-0.3698978799921798,-0.3373851207024285,24.44292537089448,-0.6275003433227546,-83.39661126488723,-72.98992317965757,-10.40668808522966,27.274999618530273,28.899999618530273,28.087499618530273,31.524999618530273,0.05187980634617315,22.6796627671856,20.28069901520028,30.12167240137607,-79.43385505527499,30.699999809265137,29.449999809265137,48.0,60.0,-12.0,27.408319641113284,29.857473316671452,0.0,0.0,45.78811905390154,0.5139482185806571,0.171316072860219,0.1028441268107616,-14.600455664679046,38.5730877434233,20.96775781351424,8.870985108531181,-79.03224218648576,-1.6802939358879563,-5.078805234112186,-2.6132101278068003,-2.2263450123981294,-0.38686511540867086,-31.50848607098018,-39.08101020002475,7.57252412904457,28.425443798536566,4.835589870613877,4.722312625054137,470.52632382041526
2024-04-02 00:00:00+05:30,28.0,28.450000762939453,27.5,28.450000762939453,5699975,0.0,0.0,-707451862.5063003,3325662400,-0.16939026785702915,1042831.6133644788,23.33346394870208,-11.518340093397255,351708856.7978972,27.28084102440532,36.64796543035658,197.5011554156682,27.757499980926514,30.076179305663032,25.438820656189996,16.706687031107208,0.6493308657702441,0.0,0.0,27.08166675567627,28.12666721343994,26.036666297912596,7.717401348974519,1.1547049798386952,1.0,0.0,25.799999237060547,32.0,28.899999618530273,22.336308266954035,0.4274195483522048,1.2647339316924773,10.740224164918265,-0.5663325520045959,-0.6147414745806326,0.048408922576036684,27.1291667620341,28.02692303290734,27.313415142762228,27.879747694766824,0.836021685933789,1.1854838701407613,-0.3494621842069723,-0.334775830580875,24.500867821127812,0.39249963760375906,-80.26605983225316,-74.40378166727697,-5.862278164976189,27.125,28.899999618530273,28.012499809265137,30.82499885559082,50.02593990317309,21.294625542586026,26.132882716034807,27.910444278555207,18.139425013103924,30.299999237060547,29.625,44.0,56.00000000000001,-12.000000000000007,27.408319641113284,29.695174353487015,0.0,0.0,52.78817730461349,1.0,0.5046494061935524,0.2334721631755853,-11.440633380565671,46.81012629287573,56.3830020363987,26.052409940596238,-43.6169979636013,-1.5148527762469115,4.788217910404351,-2.031340305532605,-2.1873440710250245,0.15600376549241934,-26.84492157210859,-36.63379247444152,9.788870902332931,28.426117863477298,4.981551153013353,4.861444542716287,498.9473844829359
2024-04-03 00:00:00+05:30,28.5,29.5,28.0,29.299999237060547,5481086,0.0,0.0,-703432405.0152826,3331143486,-0.08848491732017642,1559414.9166733376,21.209290053018876,-4.503600996737122,351872614.7807299,27.31794388226374,45.96832219879327,203.4018821727358,27.789999961853027,30.17507825958875,25.404921664117303,17.165011162358333,0.8165513007772195,0.0,0.0,27.180000050862628,28.240000470479327,26.11999963124593,7.79985590605661,1.4999992202665922,1.0,0.0,25.799999237060547,32.0,28.899999618530273,22.3101862952505,0.5645160595658753,1.2882605385232295,10.603428256327264,-0.3659080477525407,-0.5649747892150142,0.1990667414624735,27.22500006357829,28.055769186753494,27.61904346496197,27.98495151271451,0.9277779414329653,1.0500000741746534,-0.12222213274168803,-0.3151401749689865,24.574410950483063,-0.3900003433227539,-74.19543191530381,-75.25304241241702,1.0576104971132025,27.649999618530273,28.899999618530273,28.274999618530273,30.07499885559082,75.01296995158654,20.29231141338378,29.675055561320562,25.656734926901898,74.86187460420155,29.837499618530273,29.774999618530273,40.0,52.0,-12.0,27.408319641113284,29.539367348829956,0.0,0.0,56.58898628660323,1.0,0.8379827395268856,0.5046494061935521,-7.537475772161476,52.60758195316462,94.5945750892072,57.31511164637336,-5.405424910792807,-1.1713234733132758,4.085256249073852,-1.3075171761019357,-2.011378692040407,0.7038615159384711,-23.24697371538757,-33.95642872263073,10.709455007243164,28.463273391773008,2.9876922717989807,2.943930259494021,516.8420892012747
2024-04-04 00:00:00+05:30,29.600000381469727,29.950000762939453,28.600000381469727,29.0,3439334,0.0,0.0,-704833617.6830494,3327704152,-0.07985262628189127,1189241.703434804,20.607215604765955,1.8690724042323226,351837399.8454786,27.41620318847178,52.271357146909125,201.3192742868176,27.83499994277954,30.275102084007855,25.394897801551224,17.532618259345703,0.738719526846121,0.0,0.0,27.360000101725262,28.455000559488933,26.264999643961584,8.004389281377424,1.2488580879793063,1.0,0.0,25.799999237060547,32.0,28.899999618530273,22.274118109160433,0.5161290918006785,1.294434522817879,10.192666753248885,-0.2286419730441871,-0.4977082259808488,0.2690662529366617,27.358333428700764,28.030769201425407,27.831498316506284,28.06014028955047,1.0306408307239676,0.9164345617009593,0.11420626902300834,-0.2862111630678269,24.697864958851813,-0.13499917984008647,-65.33746698765445,-75.17969742421937,9.842230436564918,27.875,28.899999618530273,28.387499809265137,29.899999618530273,87.50648497579328,19.659843361028233,29.940586967328663,23.794497660846023,85.44271423948359,29.574999809265137,29.774999618530273,36.0,48.0,-12.0,25.799999237060547,29.539367348829956,1.0,0.0,54.908813211388285,0.9102544933395875,0.9700848311131957,0.7709056589445443,-4.888777926421952,52.16035297524477,77.1084237676694,76.02866696442508,-22.891576232330603,-0.6642646340762894,5.839417531917287,-0.8148283318787712,-1.77206862000808,0.9572402881293087,-23.604653901690888,-31.886073758442766,8.281419856751878,28.492810601931225,-1.0238882077549305,-1.029165999765791,510.5263157894737
2024-04-05 00:00:00+05:30,29.0,29.399999618530273,28.600000381469727,28.700000762939453,2643940,0.0,0.0,-706816569.5312244,3325060212,-0.08348090282177868,906038.6053964233,-8.320924376305276,3.6428313200979683,351810048.81158775,27.489611109763132,55.45387512023928,199.2366664008994,27.88499994277954,30.35281249394524,25.41718739161384,17.699928680148396,0.6651261599619748,0.0,0.0,27.583333460489904,28.578333727518714,26.588333193461104,7.214503413476359,1.0611391973712991,1.0,0.0,25.799999237060547,32.0,28.899999618530273,22.234178861975803,0.4677421240354816,1.2449909942421458,9.997478198745736,-0.14242328415735628,-0.4266512376161503,0.28422795345879404,27.4416667620341,27.992307662963867,27.965114077496004,28.10753736165336,1.11728414321266,0.9290124986651506,0.18827164454750933,-0.25368805250971277,24.753486801971636,-0.7350003242492669,-54.3702375497038,-73.91251248880616,19.542274939102356,27.875,28.899999618530273,28.387499809265137,29.69999885559082,93.75324248789664,19.072551598126655,28.61511809374273,22.741115973757523,59.6076131872827,29.812499523162842,29.774999618530273,32.0,44.0,-12.0,25.882999267578125,29.539367348829956,0.0,0.0,53.20751757853262,0.8193807370569223,0.9098784101321699,0.9059819935907503,-3.212095944754039,51.13794134122902,69.879529147034,80.52750933463686,-30.120470852965994,-0.09161746081183963,3.6101082038161016,-0.5067085114032863,-1.5189965982871214,1.012288086883835,-25.170410028026996,-30.542941012359613,5.3725309843326166,28.507386138749283,-1.03448012779499,-1.0398680637643043,504.2105423776727
2024-04-08 00:00:00+05:30,28.799999237060547,29.0,28.149999618530273,28.200000762939453,2227145,0.0,0.0,-708781691.592899,3322833067,-0.10812310186445465,617522.7331969343,-16.220332499650464,1.3571812782791375,351771248.3770791,27.532965849728985,50.13999582124389,195.76564443043702,27.842500019073487,30.257303167538414,25.42769687060856,17.346166090046992,0.5740227509006742,0.0,0.0,27.72166684468587,28.756667264302575,26.686666425069177,7.467086488091924,0.7310790938764657,0.0,0.0,25.799999237060547,32.0,28.899999618530273,22.268118016313718,0.387096972668928,1.2054919329649039,9.673538548370098,-0.1131360118482192,-0.3639481924625641,0.2508121806143449,27.52916685740153,27.965384630056526,28.001250490641148,28.114386502489367,1.0253165473809454,0.9398735017658665,0.08544304561507887,-0.22303181051753174,24.65525575088166,-1.2424996376037605,-48.674734809470685,-71.50981265808191,22.835077848611228,27.875,28.899999618530273,28.387499809265137,29.69999885559082,96.87662124394832,18.132185855655653,27.235500224883946,24.19715169647715,33.868395257014804,29.812499523162842,29.774999618530273,28.000000000000004,40.0,-11.999999999999996,25.964339297485353,29.539367348829956,0.0,0.0,50.40440365585524,0.6696539720417439,0.7997630674794177,0.8932421029082609,-2.6101619642507576,51.404755423434,57.83134080584761,68.27309790685032,-42.16865919415239,0.33411783330580747,3.867407584391045,-0.40241323365957726,-1.2956799253616127,0.8932666917020354,-27.154329597688292,-29.86521872942535,2.7108891317370585,28.498125979829684,-1.742160232433354,-1.7575144350173044,493.68422658819895
2024-04-09 00:00:00+05:30,28.399999618530273,28.950000762939453,28.200000762939453,28.399999618530273,2441486,0.0,0.0,-709921059.1770563,3325274553,-0.24592393252687186,599061.5435889451,2.9295918031259955e-05,-0.9625479098357484,351788563.78107667,27.560460329933665,50.239721900078784,195.76564443043702,27.7375,29.84388889115197,25.63111110884803,15.188022649135425,0.6572595690456657,0.0,0.0,27.83000017801921,28.845000521341955,26.814999834696454,7.294289161553233,0.7807878067533913,0.0,0.0,25.799999237060547,32.0,28.899999618530273,22.352413746514475,0.4193548486334464,1.1599427396684134,9.393157320825614,-0.0729465192871146,-0.3057478578274742,0.23280133854035961,27.679166793823242,27.984615399287296,28.062596510316396,28.13554302960351,0.9967107025704907,0.9835526344683687,0.013158068102121945,-0.19312519634775896,24.455751240565768,-0.6875007629394538,-42.88867766244102,-67.85293965551752,24.964261993076498,27.875,28.899999618530273,28.387499809265137,29.69999885559082,98.43831062197415,17.25898909478972,26.042415309473142,23.137165412157064,48.95043078566994,29.687499523162842,29.774999618530273,24.0,36.0,-12.0,26.044052526794434,29.539367348829956,0.0,0.0,51.50494756403179,0.7284389103902527,0.739157873162973,0.8162664502581868,-1.8007250681497728,52.21224264158074,62.650588566207496,63.453819506363025,-37.349411433792504,0.4805884866153498,6.766914327995553,-0.25926821177882403,-1.088397582645055,0.8291293708662308,-28.273251083372735,-29.54682520021483,1.273574116842095,28.49543250900601,0.7092157807799149,0.7067126736469476,497.89472881116365
2024-04-10 00:00:00+05:30,28.700000762939453,28.700000762939453,27.0,27.799999237060547,2749377,0.0,0.0,-710082790.8649582,3322525176,-0.17960065858015178,277820.2875327969,-44.82838117980654,-2.7436608100090383,351730478.31378925,27.585230931735627,50.33361427721141,195.76564443043702,27.632499980926514,29.492143617660343,25.772856344192686,13.459829099918268,0.545035310213579,0.0,0.0,27.91500015258789,28.990000534057618,26.839999771118165,7.701955046344983,0.4465112210610953,0.0,0.0,25.799999237060547,30.5,28.149999618530273,17.008959617058373,0.4255318458180779,1.2139485419955174,9.026978737275117,-0.08849100404409072,-0.2622964870707975,0.1738054830267068,27.741666793823242,27.944230739886944,28.022196929815497,28.110687933859587,0.946540988013576,0.9528301988644441,-0.006289210850868088,-0.16874428075923686,24.453160724048942,-0.2824995994567878,-37.683856916677726,-63.09470967468984,25.410852758012112,27.875,28.899999618530273,28.387499809265137,29.69999885559082,99.21915531098708,16.610814533631505,23.526657837902178,27.72104964017811,10.35966676954951,29.66249942779541,29.774999618530273,20.0,32.0,-12.0,26.122171491517335,29.539367348829956,0.0,0.0,48.05945143634195,0.544399658578974,0.6474975136703235,0.7288061514375713,-2.0770885753114214,48.027443385953795,48.19275336474559,56.22489424560022,-51.80724663525441,0.3402944284326921,2.7726433314365617,-0.31479487180213217,-0.9336770404764704,0.6188821686743382,-28.404217782360657,-29.318303716643996,0.9140859342833387,28.473617348099037,-2.112677427918841,-2.1353138482401945,485.2631418328536
2024-04-12 00:00:00+05:30,28.0,28.100000381469727,27.549999237060547,27.649999618530273,2008698,0.0,0.0,-711361051.9620559,3320516478,-0.15664020048570296,195088.2559220369,-0.6845401012700139,0.4532006225995101,351719640.0424939,27.65100654679761,51.38389789723808,194.70935763936572,27.5875,29.399094527749803,25.775905472250194,13.133444695965956,0.5172498916211417,0.0,0.0,28.04833342234294,29.058333841959637,27.038333002726233,7.201856911841677,0.30280512954448546,0.0,0.0,25.799999237060547,29.950000762939453,27.875,15.043050388324083,0.44578306054427896,1.1475538022368836,8.489561130668008,-0.11162706846243609,-0.23216260334912522,0.12053553488668914,27.766666730244953,27.905769201425407,27.964935805002387,28.076562873464823,1.0614335368575833,0.9624573987598461,0.0989761380977372,-0.14983387150808003,24.40903152651978,-0.9375003814697251,-30.622194995515805,-57.49280799265643,26.870612997140626,28.0,28.899999618530273,28.449999809265137,29.69999885559082,99.21630591131091,16.008938155413166,22.76058495389571,26.81839935334794,11.752756703530164,29.66249942779541,29.774999618530273,16.0,28.000000000000004,-12.000000000000004,26.198728076945777,29.539367348829956,0.0,0.0,47.20918962461346,0.4989833986631245,0.5906073225441171,0.6590875697924711,-2.5411888968378706,41.444233984196124,44.5783060544279,51.807215995126974,-55.4216939455721,0.09514723385081325,1.0968893340996202,-0.3975809609086263,-0.8264578245629016,0.4288768636542753,-29.95100180785744,-29.444843334886688,-0.5061584729707533,28.431238825863943,-0.5395669879382892,-0.5410279080755309,482.1052551269531
2024-04-15 00:00:00+05:30,26.649999618530273,27.850000381469727,26.299999237060547,27.0,3356230,0.0,0.0,-711685847.3478631,3317160248,-0.11490918815948734,-144431.24059537685,-34.637103485365564,-2.547295526926518,351640741.3716151,27.637654157520256,45.92196041394103,194.70935763936572,27.580000019073488,29.399999927688928,25.760000110458048,13.19796887133273,0.3406593274186697,0.0,0.0,28.151666768391927,29.25666726430257,27.046666272481282,7.85033799242974,-0.021115950922186613,0.0,1.0,25.799999237060547,29.950000762939453,27.875,15.047141127660957,0.28915670402923804,1.1877985364541133,8.205778997227139,-0.1803333327360619,-0.22179674922651257,0.04146341649045068,27.795833428700764,27.8634614944458,27.81648414269433,27.99681747543039,0.9258065036134399,0.9774193385637325,-0.051612834950292674,-0.13961313516943288,24.513754678704345,-1.4799996376037612,-23.36693693187125,-50.822844177876874,27.455907246005623,28.125,28.899999618530273,28.512499809265137,29.32499885559082,93.30615253361842,16.35827794823867,20.713583280112786,31.65937115256735,-53.21768731039315,29.47499942779541,29.774999618530273,12.0,24.0,-12.0,26.27375353066565,29.539367348829956,0.0,0.0,43.608753058727594,0.30666808985913996,0.4500170490337461,0.5627072950827288,-3.9651915210857314,36.264727888611745,28.915670402923805,40.56224327403242,-71.08432959707619,-0.2354410283705768,1.3133222757210261,-0.6441208287131917,-0.7899904253929597,0.14586959667976807,-28.029995543419727,-29.161873776593296,1.1318782331735697,28.3863420592839,-2.350812396014146,-2.3788848167641152,468.42105263157896
2024-04-16 00:00:00+05:30,26.799999237060547,28.100000381469727,26.549999237060547,27.350000381469727,2901093,0.0,0.0,-711592261.6298392,3320061341,-0.19291701591429503,21256.601872413186,13.35704460705999,-2.7147197151180054,351678348.17371434,27.6300901790304,46.41376438763122,197.23337058193994,27.54000005722046,29.343219327733795,25.736780786707126,13.095274268458581,0.44731653580414393,0.0,0.0,28.210000101725264,29.365000597635905,27.05499960581461,8.188589094262426,0.12770590865527082,0.0,0.0,25.799999237060547,29.950000762939453,27.875,15.068996068468982,0.37349411433792506,1.22401879724962,7.92966993000867,-0.20418768790173303,-0.21827493696155667,0.014087249059823642,27.90000009536743,27.84999994131235,27.744717410198238,27.94890509809997,0.9347826808071044,1.0031056599660706,-0.06832297915896623,-0.13299383749682014,24.81712155293352,-1.6899996757507338,-18.60865340149313,-43.97202124112575,25.363367839632623,28.125,28.899999618530273,28.512499809265137,29.25,80.86362842890375,16.432542283176026,20.30875726914172,28.863785809392574,-26.014369524034606,29.4375,29.774999618530273,8.0,20.0,-12.0,26.299999237060547,29.539367348829956,0.0,0.0,45.997038833043156,0.43423704095567234,0.41329617649264555,0.48464018269016945,-4.521525417691423,39.284779004801,37.349411433792504,36.947795963714725,-62.650588566207496,-0.4538233869216022,4.789271960652787,-0.7305749086951322,-0.7781073220533943,0.04753241335826208,-27.254591787031785,-28.780417378680998,1.5258255916492125,28.37734208128443,1.2962977091471428,1.2879676811365925,475.7894817151521
2024-04-18 00:00:00+05:30,27.799999237060547,28.700000762939453,27.5,28.700000762939453,4481867,0.0,0.0,-707110394.6298392,3324543208,-0.1166443720251712,882580.2529901512,20.750309590267193,-0.6737790549291377,351899573.8437438,27.74633376891644,55.21744056587659,197.23337058193994,27.60500011444092,29.475802084367988,25.73419814451385,13.554080508396025,0.7926554135874737,0.0,0.0,28.226666768391926,29.40666726430257,27.046666272481282,8.360891532768596,0.7005651676367476,0.0,0.0,25.799999237060547,29.950000762939453,27.875,15.033513887608821,0.69879529147034,1.2366169556716307,7.197071736183815,-0.11285773416327416,-0.19719149640190017,0.08433376223862601,28.137500127156574,27.83653846153846,27.891684079850734,28.004541814014008,1.0091744018276942,0.9418961161496723,0.06727828567802197,-0.11947902975634678,25.112030182619947,-0.5049997329711928,-12.117773781519075,-37.07450367070523,24.95672988918615,28.125,28.899999618530273,28.512499809265137,29.25,66.84649438154878,15.917475563255922,22.154873501625534,26.656023152028652,57.98731085978853,29.4375,29.774999618530273,4.0,16.0,-12.0,26.299999237060547,29.539367348829956,0.0,0.0,54.076139820088606,0.8657777090801602,0.5355609466316574,0.46629139071934955,-2.596740778032998,49.06410686731028,69.879529147034,45.38153699458343,-30.120470852965994,-0.5164705388686244,11.025146380704568,-0.4029979669469114,-0.7030854510320977,0.3000874840851863,-22.818633834883645,-27.58806066992153,4.7694268350378834,28.380144169725337,4.936015951152917,4.818060653313605,504.2105423776727
2024-04-19 00:00:00+05:30,28.100000381469727,28.600000381469727,27.299999237060547,27.799999237060547,5220393,0.0,0.0,-708315104.2418276,3319322815,-0.11033223884810192,85302.83603619237,-3.735368496739586,0.012413042069326221,351735867.8667128,27.887949735031043,54.64532134030038,197.23337058193994,27.61000003814697,29.48232477511334,25.7376753011806,13.562656532991657,0.5507388475840524,0.0,0.0,28.123333422342938,29.2833340326945,26.963332811991375,8.249382055329088,0.36063189001926566,0.0,0.0,25.799999237060547,29.950000762939453,27.875,15.030791452897915,0.48192753364745594,1.252955412692358,6.229323112610663,-0.11181179259598295,-0.18011555564071674,0.06830376304473379,28.19583336512248,27.732692278348484,27.87757871942147,27.989390512017454,1.0271903671442912,0.9123868124472022,0.11480355469708903,-0.10790110383082004,25.140254682293758,0.8400007247924819,-10.407892312574992,-30.971217595696398,20.563325283121408,27.84999942779541,28.899999618530273,28.374999523162842,29.19999885559082,46.13493892099942,15.597358621512887,20.411267460902156,25.68247313863295,22.37232997524,29.41249942779541,30.024999618530273,0.0,12.0,-12.0,26.372999267578123,29.539367348829956,0.0,0.0,48.83123939300571,0.5856242813437046,0.628546343793179,0.5258011556391605,-2.544394954640047,50.806872450751975,48.19275336474559,51.807231315190684,-51.80724663525441,-0.434705936207493,2.5830215709866233,-0.3994791974765428,-0.6423642003209867,0.24288500284444392,-17.528700350941413,-25.576188606125505,8.047488255184092,28.34812308229625,-3.1358937350311367,-3.1861156096105514,485.2631418328536
2024-04-22 00:00:00+05:30,27.799999237060547,27.799999237060547,26.549999237060547,27.399999618530273,4720134,0.0,0.0,-706615853.1208864,3314602681,-0.05704297684885346,-196604.96902780273,-20.523796893387715,-1.0644063466542517,351667952.332496,28.031667540594913,55.207438480847465,194.39548298627977,27.622500038146974,29.485689475293533,25.759310601000415,13.490375125882698,0.44029044626899133,0.0,0.0,27.929999987284344,29.08000055948893,26.779999415079754,8.234876997695292,0.2695651717207233,0.0,0.0,25.799999237060547,29.950000762939453,27.875,15.02398957425182,0.385542118838347,1.2526598714231223,5.020498082854606,-0.14162691572264308,-0.172417827657102,0.03079091193445893,28.108333269755047,27.636538432194637,27.804105011592057,27.9457319273147,0.9941861374175418,0.9156977727388307,0.07848836467871112,-0.10068601688001952,25.033621046097018,1.6774991989135728,-10.020608881546012,-26.043481077012203,16.022872195466192,27.649999618530273,28.149999618530273,27.899999618530273,29.024999618530273,23.06746946049971,15.867368074178648,18.97533279859288,28.096714509942107,-35.26791397887042,29.699999809265137,30.024999618530273,0.0,8.0,-8.0,26.44453929748535,29.539367348829956,0.0,0.0,46.66491705310332,0.23544754094344622,0.562283177122437,0.5754634891824243,-3.1597846971502364,53.812711382484736,34.61538085335722,50.89588778837893,-65.38461914664278,-0.5044118993422586,-3.690689336560473,-0.5067926511676517,-0.6152498904903198,0.10845723932266804,-14.267132254657469,-23.3143773358319,9.047245081174431,28.292169056826353,-1.438847588157588,-1.4492993780954144,476.8420972322163
2024-04-23 00:00:00+05:30,27.799999237060547,27.799999237060547,27.100000381469727,27.399999618530273,5040344,0.0,0.0,-707335906.1877065,3319643025,-0.06050182836625386,-168518.5448809738,3.819185472857282,-1.8481363185668394,351667952.332496,28.056582861431668,56.67186926920921,194.39548298627977,27.6625,29.469673225971004,25.855326774029,13.065870589939465,0.4273726564511586,0.0,0.0,27.783333269755047,28.923333803812664,26.64333273569743,8.206362591479415,0.3318712843666966,0.0,0.0,25.799999237060547,29.950000762939453,27.875,15.002264892467803,0.385542118838347,1.197393769839892,4.684560152529795,-0.16337236072817163,-0.17060873427131593,0.007236373543144298,27.949999968210857,27.59230767763578,27.741934951121014,27.905307311849185,1.0240241079625423,0.9669670233846596,0.05705708457788272,-0.09651884697991867,24.87085397488213,1.3374999999999986,-8.737748991235451,-21.606038208319394,12.868289217083943,27.625,27.875,27.75,28.899999618530273,11.533734730249854,16.118091137368285,18.203042312872885,26.953186460851537,-23.529435524062215,29.637499809265137,30.024999618530273,56.00000000000001,4.0,52.00000000000001,26.51464852679443,29.539367348829956,0.0,0.0,46.664917053103316,0.23544754094344567,0.3521731210768655,0.5143342139974937,-3.654722186981216,52.7087878210031,30.136984153858695,37.64837279065382,-69.86301584614131,-0.4000001346363753,-6.4846405051336315,-0.5854526484960094,-0.6092904420914577,0.023837793595448242,-10.935346792642985,-20.838571227194116,9.90322443455113,28.249767415990988,0.0,0.0,476.8420972322163
2024-04-24 00:00:00+05:30,27.549999237060547,28.5,27.399999618530273,27.700000762939453,6124687,0.0,0.0,-710119843.2387055,3325767712,-0.08945541980185359,118043.1199803118,8.980053849851647,-2.873379897056156,351735011.20602626,28.02628797204835,56.97369645218868,194.39548298627977,27.695000076293944,29.480189106440026,25.909811046147862,12.89177848151839,0.5014006042388408,0.0,0.0,27.724999936421717,28.89000047047933,26.55999940236409,8.40397141012926,0.48927074591322856,0.0,0.0,25.799999237060547,29.950000762939453,27.875,14.984659738026787,0.4578315246466121,1.1876544310028754,4.905743848179333,-0.15461588178273544,-0.16741016377359985,0.012794281990864409,27.84166669845581,27.613461567805363,27.735483537554618,27.890099419337353,0.9786585202747604,0.9817073695507706,-0.003048849276010235,-0.0923071563061554,24.592182534555512,1.0050006866455092,-6.826344171380715,-17.599112264868253,10.772768093487539,27.5,27.875,27.6875,28.899999618530273,5.766867365124927,15.59647042930869,21.130690290924214,25.216369573772134,13.997401085664825,29.574999809265137,30.024999618530273,52.0,0.0,52.0,26.549999237060547,29.539367348829956,0.0,0.0,48.64656952064875,0.38811447941491645,0.2863365204339361,0.4002642728777461,-3.5182905788927417,50.68771529109294,38.35619015369566,34.369518386970505,-61.64380984630434,-0.2639707228716688,-4.482755989863954,-0.554375513181333,-0.5983074563094328,0.04393194312809978,-6.2210921449793934,-17.91507541075117,11.693983265771777,28.24104485551555,1.0948947028681433,1.0889441264461563,483.15791079872537
2024-04-25 00:00:00+05:30,27.549999237060547,27.899999618530273,27.5,27.600000381469727,3637311,0.0,0.0,-711938490.0666721,3322130401,-0.10277173910762598,49218.0331939769,-2.7492811209315993,-4.58470640948119,351721880.0696542,27.90313841987824,48.1485411940425,193.69369158125468,27.707500076293947,29.48634096402716,25.928659188560733,12.840139910385917,0.4697837801105394,0.0,0.0,27.639999898274738,28.770000394185388,26.509999402364098,8.176559334800709,0.4823011065261606,0.0,0.0,25.799999237060547,29.950000762939453,27.875,14.977899537856809,0.43373505604385704,1.1088889497556154,5.072573971436796,-0.15397062663750916,-0.1647222563463817,0.010751629708872557,27.75,27.592307750995342,27.71463997508002,27.868610601717528,0.9509804080453186,1.0882352904510804,-0.13725488240576178,-0.08876261517493748,24.319841001422937,0.4925006866455064,-8.153457462189653,-14.317956769925132,6.164499307735479,27.5,27.875,27.6875,28.899999618530273,2.8834336825624636,15.112108343253352,20.610591554123708,24.5957082616499,-6.801031250750075,28.899999618530273,30.024999618530273,48.0,12.0,36.0,26.617999267578124,29.539367348829956,0.0,0.0,48.006280573098664,0.3891596553435724,0.3375738919006448,0.3253611778038153,-3.577405971520541,49.87027206828033,35.61645482041667,34.70320970932366,-64.38354517958334,-0.30352966084199906,-3.832753840516151,-0.552487631471732,-0.5891434913418927,0.036655859870160734,-7.080507539678738,-15.748161836536687,8.667654296857949,28.223618981202982,-0.3610121975285985,-0.36166541917617145,481.052639609889
2024-04-26 00:00:00+05:30,27.799999237060547,27.850000381469727,27.25,27.549999237060547,4815220,0.0,0.0,-711938505.3738345,3317315181,-0.05105141251602438,7791.669797413029,-1.8690699145309566,-6.190155375145254,351713156.64547837,27.786588852582458,40.18239458009415,193.69369158125468,27.75250005722046,29.466406346950357,26.03859376749056,12.351365002764757,0.4409241854781264,0.0,0.0,27.61166655222575,28.631667009989417,26.591666094462077,7.388184670667399,0.46977093750506504,0.0,0.0,25.799999237060547,29.950000762939453,27.875,14.95361325041845,0.4216865919415239,1.0580000929270263,5.177158529281545,-0.15569912912175354,-0.16291763090145608,0.007218501779702541,27.695833206176758,27.59807696709266,27.68931063076933,27.845009759891084,0.8900343755231279,1.1271477492048456,-0.2371133736817177,-0.08599465214815191,24.063682853797424,0.6474995613098145,-9.14685371179036,-11.931807738400085,2.784954026609725,27.5,27.875,27.6875,28.899999618530273,1.4417168412812318,14.892594182911369,19.822446767326085,25.24849719099859,-22.268626289161833,28.899999618530273,30.024999618530273,44.0,8.0,36.0,26.68463929748535,29.539367348829956,0.0,0.0,47.668435449797336,0.38784106134833274,0.3883717320356072,0.33742738145672924,-3.714812411501639,50.725156677769135,40.3225756832768,38.09840688579636,-59.6774243167232,-0.3548531307893654,-2.304969887565183,-0.559163492720437,-0.5831474916176016,0.023983998897164627,-5.507175482833109,-13.699964565795971,8.192789082962863,28.216891306786017,-0.18116356419599633,-0.18132786384503774,479.99998393811677
2024-04-29 00:00:00+05:30,27.75,28.399999618530273,27.5,27.549999237060547,7261537,0.0,0.0,-718393216.8987752,3324576718,-0.07768785270649427,6678.5741120683115,4.9576212871944465,-5.2416878277524175,351713156.64547837,27.73876294073599,49.76860240164014,193.69369158125468,27.825,29.36723865984658,26.282761340153417,11.085273386138955,0.41084364239487786,0.0,0.0,27.616666539510096,28.67166684468587,26.561666234334307,7.640316065419649,0.4684041312014437,0.0,0.0,25.799999237060547,29.950000762939453,27.875,14.914650587165882,0.4216865919415239,1.042200045487351,5.258354151246528,-0.15527901991001514,-0.1613899087031679,0.0061108887931527744,27.62499984105428,27.59230767763578,27.667878108660286,27.8231571285703,0.907849836905477,1.0511945205864686,-0.1433446836809915,-0.08370088791556868,23.911156065397936,-0.025000762939452414,-9.104062503227746,-10.34704391299525,1.2429814097675038,27.625,27.875,27.75,28.899999618530273,0.7208584206406159,14.070282534631804,22.224540862947215,23.77958669309951,-1.8546050483600238,28.899999618530273,30.024999618530273,40.0,4.0,36.0,26.74994652679443,29.539367348829956,0.0,0.0,47.668435449797336,0.38784106134833274,0.3882805926800792,0.3714087388721103,-3.8306532052883493,40.35361065477432,46.29628321434778,40.745104572680404,-53.70371678565222,-0.19911770540124962,-2.99295912988366,-0.5580927397723904,-0.5781365412485594,0.02004380147616902,0.031669650172157164,-10.953637722602346,10.985307372774503,28.212707840455693,0.0,0.0,479.99998393811677
2024-04-30 00:00:00+05:30,27.75,27.950000762939453,27.25,27.299999237060547,3715817,0.0,0.0,-721578211.5771639,3320860901,-0.06214197213810667,-126983.25790394144,-6.593431982392006,-4.55405207651967,351679437.7969947,27.69650108864946,48.57557082374486,191.9360355291204,27.89749994277954,29.175183619865415,26.619816265693665,9.15984356810845,0.26617815644253795,0.0,0.0,27.66166655222575,28.63166681925456,26.69166628519694,7.013317619149445,0.31357360020476077,0.0,0.0,26.049999237060547,29.950000762939453,28.0,13.979752787447566,0.3205126951119075,1.0079801172325613,5.323834355382265,-0.17312333297877203,-0.16373659355828876,-0.009386739420483264,27.583333174387615,27.598076893733097,27.6112813591834,27.784404692162173,0.9206897127784021,1.0551723394042682,-0.1344826266258662,-0.08340669727116762,23.705180813789994,-0.24750032424926616,-8.39704576747293,-9.21242084254856,0.8153750750756306,27.625,27.875,27.75,28.899999618530273,0.36042921032030795,13.558276232457905,21.191851793282762,24.334144517580178,-53.473570512817695,28.899999618530273,32.42499923706055,36.0,0.0,36.0,26.81394761151733,29.539367348829956,0.0,0.0,45.79943607156667,0.2092865261199379,0.32832288293886774,0.36832506921818453,-4.400139559834006,38.509023726364696,37.735827328187575,41.45156207527071,-62.264172671812425,-0.12647056579589844,-1.798561200438608,-0.6230953475408064,-0.5871283025070089,-0.03596704503379755,-1.7666082925173607,-9.11623183658535,7.349623544067988,28.200983441215094,-0.9074410414636191,-0.9115833661607287,474.73682604337995
2024-05-02 00:00:00+05:30,27.399999618530273,27.549999237060547,26.75,26.950000762939453,5166350,0.0,0.0,-724161374.2596139,3315694551,-0.1324343643228663,-367159.1663141659,-6.968174185415749,-5.0517808966149405,351613202.8274962,27.612018367682712,42.434646435839184,191.9360355291204,27.88999996185303,29.18792153457526,26.592078389130798,9.307433305826338,0.13788289729168968,0.0,0.0,27.63666655222575,28.53166662851969,26.741666475931805,6.476903244482379,0.1163878599152352,0.0,0.0,26.299999237060547,29.950000762939453,28.125,13.087133491829514,0.17808253538260874,0.9871820292153599,5.506814322371008,-0.21305111086305217,-0.17359949701924143,-0.03945161384381074,27.52499993642171,27.61153844686655,27.50954588283818,27.72259699370123,0.8831614994140968,1.079037878620045,-0.19587637920594814,-0.08675316073998206,23.64592685014096,-0.8899999618530288,-9.913427701400742,-8.967493500313191,-0.9459342010875513,27.574999809265137,27.875,27.72499990463257,28.899999618530273,0.18021460516015397,13.566925120455121,20.045471275975878,26.398742831491244,-113.05513629092718,28.899999618530273,32.42499923706055,32.0,16.0,16.0,26.81394761151733,29.950000762939453,0.0,1.0,43.24316693342216,0.0,0.1990425291560902,0.30521533492501224,-5.559753565271942,33.09570529976188,27.08337969247202,37.03849674500244,-72.91662030752798,-0.1967647159800805,-2.531641465635682,-0.7685106518392157,-0.6234047723734503,-0.14510587946576547,-0.6850276176738967,-7.429990992803059,6.744963375129163,28.17996739873658,-1.2820457285799503,-1.2903348579966334,467.3684371145148
2024-05-03 00:00:00+05:30,27.100000381469727,27.649999618530273,26.799999237060547,27.0,3711970,0.0,0.0,-726126528.9682497,3319406521,-0.23014224205420564,-288194.1899847653,1.717413300364037,-1.7270812908884705,351620089.49401706,27.57464037055379,47.71368291954233,192.292126626308,27.817499923706055,29.14387664009876,26.49112320731335,9.536275510239996,0.19182966136145013,0.0,0.0,27.521666463216143,28.381666501363117,26.66166642506917,6.2496218337388765,0.19670555809499157,0.0,0.0,26.299999237060547,29.950000762939453,28.125,13.121242152923948,0.1917809507684783,0.9734638644407966,5.564089521704526,-0.23791708190872285,-0.18646301399713772,-0.05145406791158513,27.52499993642171,27.609615399287296,27.43115420855538,27.669071290464103,0.9671532399577432,1.0583942246059586,-0.0912409846482154,-0.09188979437561079,23.635241640591097,-0.46749954223632884,-15.76830158880041,-9.563094531004904,-6.205207057795507,27.524999618530273,27.875,27.699999809265137,28.899999618530273,0.09010730258007699,13.449606891808019,19.562790651128324,24.859969298712446,-95.33214426797393,28.899999618530273,32.42499923706055,28.000000000000004,12.0,16.000000000000004,26.81394761151733,29.886000747680665,0.0,0.0,43.7263739769333,0.04460521119792419,0.08463057910595399,0.20399866373363718,-6.432455157552916,31.211294590779847,29.166679912134864,31.32862897759814,-70.83332008786513,-0.18588242811315325,0.0,-0.8598665253745572,-0.6706971229736717,-0.18916940240088553,-2.331055558482989,-6.410203905939046,4.079148347456057,27.89545408425649,0.18552592076102048,0.18535403398818318,468.42105263157896
2024-05-06 00:00:00+05:30,27.149999618530273,27.200000762939453,26.399999618530273,26.600000381469727,3227570,0.0,0.0,-727740310.1206919,3316178951,-0.3081220702244598,-431455.9869554781,-10.534237089248746,-2.4306310757440945,351572273.68776596,27.52571210816916,46.87928250213221,189.44335709679325,27.682499980926515,28.924786356862683,26.440213604990348,8.975247010148028,0.06431157081593453,0.0,0.0,27.404999860127766,28.214999898274737,26.594999821980792,5.9113303578261425,0.00308676497125476,0.0,0.0,26.299999237060547,29.950000762939453,28.125,13.185230844012604,0.08219205999836961,0.9561175924376348,5.702469527744809,-0.28659646375707837,-0.20648970394912586,-0.08010675980795251,27.46249993642171,27.580769245441143,27.30328438900374,27.589880852760817,0.8996416373386275,1.04659493944341,-0.14695330210478252,-0.1006359847565836,23.63039488700573,1.017500782012938,-19.68227272817699,-10.636612736186123,-9.045659991990867,27.449999809265137,27.875,27.66249990463257,28.899999618530273,0.04505365129003849,13.732932213515538,18.471477784863858,26.26240258941328,-140.48829154626884,28.524999618530273,32.42499923706055,24.0,8.0,16.0,26.81394761151733,29.823280732727053,0.0,0.0,40.73825165822915,0.0,0.01486840373264136,0.0995138373315617,-7.9855746525211995,30.749717728822624,12.500039736404586,22.91669978033714,-87.49996026359541,-0.2579412628622606,-2.7422303091013585,-1.0387738362719305,-0.7443124656333235,-0.294461370638607,-4.518463148997793,-6.031855754550795,1.513392605553002,27.639127688645818,-1.4814800686306473,-1.4925635875708831,460.0000080309417
2024-05-07 00:00:00+05:30,26.549999237060547,26.649999618530273,26.100000381469727,26.149999618530273,4790379,0.0,0.0,-731659723.2025901,3311388572,-0.3343168992644602,-677772.8752145718,-4.879567580242852,-0.30509279680675766,351491233.3052902,27.45975441148314,45.952099812255206,189.44335709679325,27.539999961853027,28.798809173048298,26.281190750657757,9.141679106310148,-0.05210921995197121,0.0,1.0,27.3099999109904,28.049999872843426,26.569999949137372,5.41926008249621,-0.28378402179601486,0.0,1.0,26.100000381469727,29.399999618530273,27.75,11.982568052402083,0.015151287460624802,0.9155057568999261,5.809954758084072,-0.35736702078150273,-0.23666516731560125,-0.12070185346590148,27.24999984105428,27.561538476210373,27.125855962777052,27.483222983558555,0.9652510607875566,1.0733591171466776,-0.10810805635912102,-0.11440108804991915,23.571322509944746,0.25999927520751953,-24.033999349220647,-12.33619610929559,-11.697803239925056,27.300000190734863,27.875,27.58750009536743,28.899999618530273,0.022526825645019247,14.278849363996391,17.7388229348028,27.384222361248977,-182.69893873557658,28.087499618530273,32.42499923706055,20.0,4.0,16.0,26.81394761151733,29.68634948815918,0.0,0.0,37.62330770208418,0.0,0.01486840373264136,0.03812246219041209,-10.216318580877688,29.172180152924675,1.923047297103985,14.529922315214463,-98.07695270289601,-0.5295588886036597,-8.885021172898425,-1.3003097234821857,-0.855511917203096,-0.4447978062790896,-3.3832895849422173,-5.50214252062908,2.118852935686863,27.336895474886543,-1.6917321672406227,-1.7062054205441157,450.5263077585321
2024-05-08 00:00:00+05:30,26.149999618530273,26.75,26.049999237060547,26.200000762939453,2967160,0.0,0.0,-733355231.6527892,3314355732,-0.32940778929028414,-559753.6936631843,0.5897812064191582,-1.2170401825668171,351496906.78130585,27.41389315424052,45.9168101527027,189.8055897848903,27.414999961853027,28.684684894859497,26.145315028846557,9.262702424024734,0.021535159105734315,0.0,0.0,27.19999993642171,27.9400000890096,26.45999978383382,5.441177605276432,-0.17567497789366024,0.0,1.0,26.049999237060547,29.0,27.524999618530273,10.760535353070479,0.05084796172372547,0.8939552575038787,6.000971708790413,-0.404752784471345,-0.27028269074675004,-0.13447009372459495,27.11666663487752,27.56538464472844,26.983416701263575,27.38816948573492,0.9380165406503206,1.0909091052392808,-0.15289256458896017,-0.13039841638347976,23.583764845940653,-0.015000343322753906,-27.97413651224183,-14.685950813835714,-13.288185698406117,27.22499942779541,27.875,27.549999713897705,28.899999618530273,0.011263412822509623,14.639077110514714,17.56077649709757,25.972242983202587,-162.2883501937363,28.087499618530273,32.27499961853027,16.0,0.0,16.0,26.81394761151733,29.471168541757812,0.0,0.0,38.18885123867816,0.03437362835393553,0.011457876117978473,0.013731561194420249,-11.965056404525047,26.56842700952931,5.660431679531066,6.694506237679865,-94.33956832046893,-0.7497060944052301,-5.75539035263035,-1.4778380303297005,-0.979977139828417,-0.49786089050128346,-5.8057401157778985,-5.562862039658844,-0.24287807611905432,27.13076447234529,0.1912089680251805,0.1910263963698089,451.57896343030427
2024-05-09 00:00:00+05:30,26.299999237060547,26.399999618530273,25.600000381469727,25.75,3221870,0.0,0.0,-735368902.3231752,3311133862,-0.32598548314021486,-686909.445724406,-9.932101222232074,-3.408640954888194,351441569.22726494,27.275647605114443,39.754291091243154,189.8055897848903,27.292499923706053,28.700787719141516,25.88421212827059,10.31996188969289,-0.04765081707929239,0.0,1.0,27.004999923706055,27.714999961853028,26.294999885559083,5.258285800058133,-0.3838027156882108,0.0,1.0,25.600000381469727,28.950000762939453,27.27500057220459,12.274435800437402,0.04477600043271188,0.8845596554595456,6.292553399387639,-0.4731633122181371,-0.31085881504102747,-0.16230449717710965,26.979166666666668,27.561538476210373,26.793660285684567,27.266823597902704,0.8268398439970626,1.1904762376585887,-0.3636363936615261,-0.1501441045503931,23.603398599672047,0.10749969482422017,-34.19678920817426,-17.579654341167338,-16.61713486700692,27.0,27.77500057220459,27.387500286102295,28.800000190734863,0.005631706411254812,15.410298136483673,16.512861575671202,27.779020700548042,-188.03416475299792,28.087499618530273,32.27499961853027,12.0,100.0,-88.0,26.81394761151733,29.19747499738203,0.0,0.0,35.10410400361792,0.0,0.011457876117978473,0.012594718656199287,-14.374541797902104,25.518462616900035,4.999987284342448,4.194488753659152,-95.00001271565755,-0.9355883710524644,-6.021896501832065,-1.73530778353857,-1.1310432685704477,-0.6042645149681223,-7.258123915558477,-5.901914414838771,-1.3562095007197064,26.61588228489784,-1.7175601138759933,-1.732481277713216,442.1052631578948
2024-05-10 00:00:00+05:30,25.799999237060547,26.100000381469727,25.649999618530273,26.0,3308664,0.0,0.0,-733530758.7729357,3314442526,-0.28643276878037677,-470612.95347806235,-1.7000848489732303,-3.2632635514763106,351473692.17872125,27.149964600135895,43.396714663253775,189.8055897848903,27.17249994277954,28.59182183327229,25.753178052286792,10.44675236714759,0.0869506591022556,0.0,0.0,26.829999923706055,27.545000076293945,26.114999771118164,5.329855792926345,-0.08041940320007683,0.0,1.0,25.600000381469727,28.700000762939453,27.15000057220459,11.408594674754905,0.1290321191317504,0.8411037662075364,6.3572424768024325,-0.5014261096013186,-0.3489722739530857,-0.1524538356482329,26.862500031789143,27.51923076923077,26.671558703271558,27.172984812872876,0.8443396642310785,1.2358490481161064,-0.3915093838850279,-0.16955562937847599,23.571909497027054,0.5275008201599114,-39.765860418912204,-20.981766197514204,-18.784094221398,27.0,27.77500057220459,27.387500286102295,28.800000190734863,0.002815853205627406,16.126431946311993,15.93677070413611,26.809882785085343,-162.85773009099594,28.087499618530273,31.524999618530273,8.0,96.0,-88.0,26.81394761151733,28.8377275357908,0.0,0.0,38.09578085398971,0.22091079697485627,0.08509480844293056,0.03600352022629569,-15.691362766171949,30.18672458662936,13.79309210850842,8.15117035746063,-86.20690789149158,-1.1408823798684509,-5.109487730005191,-1.8453111171054495,-1.273896838277448,-0.5714142788280014,-8.205780267429457,-6.362687585356909,-1.8430926820725482,26.471963651767297,0.9708737864077666,0.966191091173707,447.3684210526316
2024-05-13 00:00:00+05:30,26.100000381469727,26.200000762939453,25.049999237060547,25.5,4626898,0.0,0.0,-734536604.829632,3309815628,-0.2900664057686913,-733875.2458383392,-6.213674506542538,-2.241111952415941,351384713.37102896,27.024658697295003,43.67841143498088,189.8055897848903,27.057499980926515,28.620277893101505,25.494722068751525,11.551532205685152,0.0016886376520159725,0.0,0.0,26.63333326975505,27.40333353678385,25.86333300272624,5.782229803756649,-0.23593043943233288,0.0,1.0,25.049999237060547,28.700000762939453,26.875,13.489795910383002,0.12328782871702901,0.8719935421746733,6.474301248624333,-0.5577411091510882,-0.39072604099268626,-0.16701506815840195,26.67916663487752,27.405769201425407,26.491318902768242,27.04906001191933,0.857142883093174,1.1523807793788403,-0.2952378962856663,-0.1911445268155266,23.56989803441323,0.5425004005432115,-44.73487745673138,-24.94074563679239,-19.794131819938993,26.5,27.5,27.0,28.524999618530273,0.001407926602813703,17.350092830445707,14.54065188738599,29.03186051393235,-169.23218894079605,28.012499809265137,30.82499885559082,4.0,100.0,-96.0,26.81394761151733,28.513954820358695,0.0,0.0,34.65484852370007,0.0,0.07363693232495205,0.056729872295286886,-17.834690208068203,30.9649155782659,13.04349749059318,10.612192294481337,-86.95650250940682,-1.320735359191893,-7.942240802689403,-2.061961150980168,-1.4315097008179922,-0.6304514501621759,-6.256051299314203,-6.341360328148369,0.0853090288341658,26.215782066464893,-1.9230769230769273,-1.9418085857101808,436.84210526315786
2024-05-14 00:00:00+05:30,25.600000381469727,26.549999237060547,25.600000381469727,26.200000762939453,3824357,0.0,0.0,-733530186.2021196,3313639985,-0.25742188337115807,-246599.80818245676,11.178331516068383,-1.715458663615148,351489695.8344703,26.933063268571367,42.27516205714255,195.01594498722736,26.98500003814697,28.565537811699837,25.404462264594105,11.714195081108473,0.2516670312020033,0.0,0.0,26.463333320617675,27.23833351135254,25.688333129882814,5.857162295809935,0.33010806911639007,0.0,0.0,25.049999237060547,28.700000762939453,26.875,13.526038616709773,0.31506877948550727,0.8897941116632605,6.403712614724013,-0.539666006807149,-0.42051403415557886,-0.11915197265157018,26.5625,27.286538490882286,26.446500727409965,26.986166734217115,0.852534558161464,1.1059907258927884,-0.2534561677313244,-0.2080197423909789,23.568515020508872,0.5649991989135756,-47.5380741902489,-29.289748794878605,-18.248325395370294,26.34999942779541,27.5,26.924999713897705,28.524999618530273,0.0007039633014068515,17.897897300128403,16.03103544873895,26.729427696232484,-96.48205265362695,28.274999618530273,30.07499885559082,0.0,96.0,-96.0,26.81394761151733,28.098280150362918,0.0,0.0,42.486958541865405,0.5597674524723133,0.2602260831490565,0.13965260797231288,-17.50925629276979,36.116736972713795,33.3333701903036,20.05665326313505,-66.6666298096964,-1.3623530443976897,-5.072462315870889,-1.9997875656896444,-1.5451652737923227,-0.45462229189732173,-6.234586354616319,-6.320005533441959,0.08541917882564043,26.21436042383377,2.7451010311351,2.7080987722496896,451.57896343030427
2024-05-15 00:00:00+05:30,26.399999618530273,27.399999618530273,26.350000381469727,26.700000762939453,6327194,0.0,0.0,-735639243.2064538,3319967179,-0.2688649313466334,240571.164415037,13.276020775084476,-1.4086038832413743,351610443.8080534,26.826557542453966,42.23766502006021,195.01594498722736,26.970000076293946,28.555370561640427,25.384629590947466,11.756547874391647,0.41484661918141963,0.0,0.0,26.395000012715656,27.20500005086263,25.58499997456868,6.137526332689984,0.688272059172703,0.0,0.0,25.049999237060547,28.700000762939453,26.875,13.53356142214912,0.4520550235884058,0.9208145860560165,6.295797974974752,-0.4794685219871724,-0.4323049317218976,-0.04716359026527478,26.491666793823242,27.198076981764572,26.48550073287604,26.964969254863213,0.8812786167595141,1.0776256002051228,-0.19634698344560864,-0.21709931792117163,23.662585314597145,0.5799991607666009,-48.254754620223636,-33.549896230303375,-14.704858389920261,26.34999942779541,27.22499942779541,26.78749942779541,28.524999618530273,50.000351981650695,17.163652530579014,20.90453170211285,24.352419165095146,-21.676025730504836,28.387499809265137,29.899999618530273,0.0,92.0,-92.0,26.81394761151733,27.732486440766632,0.0,0.0,47.341928373910115,0.950241127938147,0.5033361934701533,0.27906640298138713,-15.75893946728131,37.61236997684454,49.25377128330387,31.87687965473354,-50.74622871669613,-1.2614706207724176,-3.085294002395713,-1.7781163310642338,-1.591755485246705,-0.18636084581752876,-1.3794722673848716,-5.331898880230542,3.95242661284567,26.22713105518591,1.9083968909926918,1.8904154093837722,462.105279219778
2024-05-16 00:00:00+05:30,26.850000381469727,27.299999237060547,26.5,26.899999618530273,4649387,0.0,0.0,-735639243.2064538,3324616566,-0.26472057950958716,339042.72366986563,0.4301572605382916,-1.181501141707811,351645270.4766911,26.782504874338084,49.572390598563636,196.47673018216807,26.947500038146973,28.523404392913456,25.37159568338049,11.69610800657298,0.48492915529009417,0.0,0.0,26.376666641235353,27.186666679382324,25.56666660308838,6.141792283037596,0.8230450324991002,0.0,0.0,25.049999237060547,28.700000762939453,26.875,13.544861381248543,0.5068492076929347,0.9087330511564696,6.194351946117545,-0.4108868970014612,-0.42802132477781035,0.01713442777634916,26.43750015894572,27.128846168518066,26.54926979220746,26.960156689208922,0.8898678451111968,1.0308370369785314,-0.1409691918673346,-0.21871962687223415,23.760011063219135,0.3524991989135735,-47.10326157227098,-37.031558450689,-10.071703121581983,26.22499942779541,27.024999618530273,26.624999523162842,28.524999618530273,75.00017599082534,16.48185381599744,19.64995813244214,22.8909225921304,-11.03641911279888,28.387499809265137,29.69999885559082,0.0,88.0,-88.0,26.81394761151733,27.410587976321903,0.0,0.0,49.18955982984817,1.0,0.8366695268034867,0.5334106011408987,-13.755674779055486,40.04834768512577,55.22388569574092,45.93700905644945,-44.77611430425908,-1.064558909921086,-2.3593453231602535,-1.524052332996725,-1.5782148547967092,0.054162521799984154,-0.7527227883786047,-4.4160636618601545,3.66334087348155,26.230716507885614,0.7490593628312725,0.7462678446047644,466.3157814427426
2024-05-17 00:00:00+05:30,27.0,27.149999618530273,26.700000762939453,26.75,2549395,0.0,0.0,-737622113.1880796,3322067171,-0.3431883106571716,235978.29493374392,0.4412901445708139,-1.0164754232005415,351631054.5553935,26.72384976975192,51.69256622469565,195.3811378031593,26.85,28.206096973136994,25.49390302686301,10.101280991709439,0.46312948042031377,0.0,0.0,26.34833335876465,27.11833324432373,25.578333473205568,5.844771091018126,0.7608225330733068,0.0,0.0,25.049999237060547,28.600000381469727,26.824999809265137,13.221605751989497,0.4788732999753388,0.8628596315999048,6.150239305340864,-0.36443816440821664,-0.41530469270389164,0.050866528295675006,26.391666889190674,27.07307690840501,26.580151362637082,26.9445895270453,0.9285714893925009,1.0401786436535947,-0.1116071542610938,-0.21589053879762796,23.804195452808738,0.1000007629394517,-45.80079640447012,-39.93361663694379,-5.867179767526331,26.22499942779541,27.0,26.612499713897705,28.524999618530273,87.50008799541267,15.848755009600264,18.960646891070727,22.08791984974454,-7.76512846555411,28.387499809265137,29.69999885559082,0.0,84.0,-84.0,25.049999237060547,27.410587976321903,1.0,0.0,47.833952246682166,0.9067330919333368,0.9523247399571613,0.7641101534102669,-12.463170373159652,39.63030141182492,50.74628565246973,51.74131421050483,-49.25371434753027,-0.8479412134955915,-2.0146492763043993,-1.352546729436781,-1.5330812297247236,0.1805345002879426,-4.163023086559829,-4.3654555468000895,0.20243246024026096,26.236524709005817,-0.5576194076484131,-0.5591799084747162,463.15789473684214
2024-05-21 00:00:00+05:30,26.700000762939453,27.450000762939453,26.350000381469727,26.649999618530273,5210683,0.0,0.0,-739990613.674514,3316856488,-0.35631725979331547,127828.49741209207,-0.5277540376165356,-1.408287946401326,351611575.29230124,26.59379415513847,39.884006817709064,195.3811378031593,26.792500019073486,28.078297176388592,25.50670286175838,9.59818722702063,0.4445867492658133,0.0,0.0,26.35666669209798,27.156666501363123,25.556666882832847,6.070568927481159,0.6833331227302026,0.0,0.0,25.049999237060547,28.5,26.774999618530273,12.876740731486086,0.4637681239544138,0.8865737065868871,6.08962406557335,-0.3318708041813707,-0.3986179149993875,0.06674711081801676,26.366666793823242,27.005769216097317,26.590897248159113,26.922768052340484,0.8771930118089981,1.0614034104398564,-0.1842103986308583,-0.2104799292756792,23.79971382700832,0.20749998092651367,-43.932852775770584,-42.14460035100489,-1.7882524247656946,26.25,26.875,26.5625,28.524999618530273,93.75004399770634,15.701665431306795,17.357724037154494,22.91051294344067,-7.90956825667885,28.387499809265137,29.69999885559082,0.0,80.0,-80.0,25.09199924468994,27.410587976321903,0.0,0.0,46.90587425556854,0.8428805687173405,0.9165378868835591,0.9018440512147355,-11.63396100668296,40.31034776669877,55.17239791743947,53.714189755216694,-44.82760208256053,-0.6017646340762894,-1.113176756646809,-1.2326771286525275,-1.4730004095102844,0.2403232808577569,-1.800797373048401,-3.8525239120497523,2.0517265390013515,26.23875860485544,-0.3738332017559909,-0.3745337044223085,461.0526235480058
2024-05-22 00:00:00+05:30,26.649999618530273,27.350000381469727,26.600000381469727,26.75,5603895,0.0,0.0,-743352956.3750908,3322460383,-0.40918714338883594,189623.23174126368,1.0037635778124419,-0.8656311206724369,351632603.1214096,26.56589305323679,48.72159155367743,195.3811378031593,26.760000038146973,28.01522887480383,25.504771201490115,9.381381426513466,0.49601664738136225,0.0,0.0,26.416666730244952,27.236666615804033,25.59666684468587,6.20820101137323,0.7032520221193563,0.0,0.0,25.049999237060547,28.5,26.774999618530273,12.892379514280272,0.49275373536179357,0.8729163359281984,5.95357771158862,-0.2945958242376072,-0.37781349684703147,0.08321767260942425,26.34583346048991,26.965384630056526,26.615374594596172,26.90997041883378,0.9213974053725935,1.0305677219608478,-0.10917031658825427,-0.2024417101822584,23.863790467860472,-0.1599996566772468,-41.64130727445983,-43.66317488014022,2.0218676056803915,26.25,26.875,26.5625,28.524999618530273,96.87502199885317,15.56508225146286,16.34322785441932,21.571476334961698,4.667974517996033,28.387499809265137,29.69999885559082,12.0,76.0,-64.0,25.18631930541992,27.410587976321903,0.0,0.0,47.992546270519604,0.9176444902058538,0.8890860502855104,0.9193162257087435,-10.64105084911744,37.66729542987946,65.384635135264,57.10110623505773,-34.61536486473599,-0.4474998418022622,-0.9259259259259258,-1.0947459980536625,-1.39734952721896,0.30260352916529754,0.7232589192336836,-2.9373673457930654,3.6606262650267487,26.2562456732263,0.3752359583532483,0.3745337044223085,463.15789473684214
2024-05-23 00:00:00+05:30,26.799999237060547,27.0,26.450000762939453,26.5,3890366,0.0,0.0,-746535992.9143233,3318570017,-0.44228559972741777,23592.55577822603,-3.5343669275625147,-0.6203591736829202,351596244.5606619,26.525380561710243,49.93914368988298,193.5551458610737,26.715000057220458,27.939377266511173,25.490622847929743,9.166215284808084,0.412200237153627,0.0,0.0,26.448333422342937,27.25333315531413,25.643333689371747,6.087338057309476,0.5320910526680322,0.0,0.0,25.049999237060547,28.5,26.774999618530273,12.914096034250228,0.4202899832706212,0.8406246260414332,5.747548131642243,-0.281977582694914,-0.35864631401660796,0.07666873132169394,26.33750009536743,26.921153875497673,26.59762465696599,26.879602239660905,0.9508929202447197,1.0267856489030616,-0.07589272865834185,-0.1943686558398298,23.783241869121596,-0.5650004386901841,-41.645961341813894,-44.49086067276685,2.8448993309529556,26.25,26.875,26.5625,28.524999618530273,98.43751099942658,15.63613890730657,15.622147158287214,21.823020234277102,-22.95439284567926,28.449999809265137,29.69999885559082,8.0,72.0,-64.0,25.276866563720702,27.410587976321903,0.0,0.0,45.486125453206,0.7452006924227219,0.8352419171153054,0.8802886180947915,-10.439876771695824,35.86534476487567,55.76925193064001,58.77542832778115,-44.23074806935999,-0.48191154704374384,-0.37594127832941504,-1.0490392684414636,-1.3276874754634609,0.27864820702199733,-0.4068445194503579,-2.431262780524524,2.024418261074166,26.2598125684618,-0.9345794392523366,-0.938974034983886,457.8947368421052
2024-05-24 00:00:00+05:30,26.549999237060547,26.700000762939453,26.350000381469727,26.350000381469727,3962406,0.0,0.0,-750498398.9143233,3314607611,-0.46697454946958533,-64686.29339895864,-1.7666036629429291,-0.8692175282048462,351573815.9044935,26.48151529951723,42.86943555216764,193.5551458610737,26.647500038146973,27.793569065272777,25.501431011021168,8.601700163130953,0.37020866560571075,0.0,0.0,26.503333473205565,27.263333320617676,25.743333625793458,5.735126475169294,0.39912294570981965,0.0,0.0,25.049999237060547,28.399999618530273,26.72499942779541,12.571537204893765,0.3880599989182203,0.7915622015842625,5.552185577162124,-0.2808438578055359,-0.34308582277439353,0.062241964968857644,26.354166825612385,26.896153890169582,26.55952861458195,26.840372472387486,0.934579539209477,1.065420460790523,-0.1308409215810461,-0.1873164245008456,23.57176698970532,-0.44749927520751953,-39.45258441622942,-44.45605222802432,5.0034678117948985,26.25,26.875,26.5625,28.524999618530273,99.2187554997133,15.836525099020749,15.163645643670348,22.021084630114128,-40.1746120137451,28.512499809265137,29.32499885559082,4.0,68.0,-64.0,25.363791931689452,27.410587976321903,0.0,0.0,44.00128303333374,0.6430423221189253,0.7686291682491669,0.8309857118833275,-10.658826975456433,30.72480303347346,54.16667991213486,58.440188992679616,-45.83332008786514,-0.5142643030951994,0.764821284348049,-1.0463485858642947,-1.2714196975436278,0.22507111167933314,-1.1717656768999407,-2.1793633597996074,1.0075976828996667,26.263037546445236,-0.5660362963406551,-0.5676443527776076,454.73685013620474
2024-05-27 00:00:00+05:30,26.399999618530273,26.649999618530273,26.049999237060547,26.100000381469727,5027247,0.0,0.0,-754687752.769616,3309580364,-0.48657020538618073,-234989.93005625025,-2.0886332699218184,-0.26596011253863716,351526119.0645768,26.449946541996024,41.56164280622463,193.5551458610737,26.572500038146973,27.653922254001376,25.49107782229257,8.139408894924705,0.28153784444684377,0.0,0.0,26.53833344777425,27.313333257039385,25.763333638509113,5.840606463026673,0.2172044037532374,0.0,0.0,25.049999237060547,28.399999618530273,26.72499942779541,12.60701995168136,0.3134331417444552,0.772406019572809,5.25682995110407,-0.29669813194855266,-0.33380828460922535,0.03711015266067269,26.34583346048991,26.84807696709266,26.488831963333915,26.785530095282468,0.9428570961465557,1.028571542752864,-0.08571444660630845,-0.18268791260777545,23.383732378404293,-0.8225000381469734,-38.485098806425356,-43.76163237799031,5.276533571564954,26.52500057220459,26.875,26.700000286102295,28.524999618530273,99.60937774985665,16.41821357090036,14.384255122668868,23.459170550896815,-60.408797818066105,28.512499809265137,29.25,0.0,64.0,-64.0,25.44724028493945,27.410587976321903,0.0,0.0,41.56586889824831,0.4754838420233995,0.6212422855216823,0.7417044569620513,-11.501587143176884,26.94260710038375,43.750019868202294,51.228650570325705,-56.249980131797706,-0.5586762035594255,-0.38168083418982024,-1.107680642843831,-1.2386718866036686,0.1309912437598375,0.18126397952160564,-1.707237891935365,1.8885018714569706,26.261851828948284,-0.9487665896802389,-0.9532960520054701,449.4736922414679
2024-05-28 00:00:00+05:30,26.100000381469727,26.299999237060547,25.799999237060547,25.850000381469727,3677070,0.0,0.0,-757629391.9373254,3305903294,-0.5268769982119045,-332743.86861964304,-4.079337498808335,-0.20880082100760022,351490898.0880801,26.432996206811964,42.42255613412148,191.7011693952487,26.48750009536743,27.514083877558527,25.460916313176334,7.751458450173954,0.18950429328960777,0.0,0.0,26.578333409627277,27.288333066304524,25.86833375295003,5.342695087270367,-0.012910831229202044,0.0,1.0,25.049999237060547,28.399999618530273,26.72499942779541,12.647476618813226,0.23880628457069003,0.7451654176155281,4.804552460082543,-0.3256814164543478,-0.33218291097824987,0.006501494523902085,26.354166825612385,26.738461567805363,26.390550181508658,26.716231597963006,0.9473683057759451,1.0095694155426846,-0.06220110976673954,-0.1813409580645423,23.181241037426954,-0.4875000953674302,-36.69367834407912,-42.55669950619367,5.863021162114549,26.625,26.824999809265137,26.72499990463257,28.524999618530273,89.70244024883598,17.270270883349617,13.750009257776824,24.629437011366505,-90.82624296307092,28.512499809265137,29.25,0.0,60.0,-60.0,25.52735070405945,27.410587976321903,0.0,0.0,39.227653602990834,0.31461272143441166,0.47771296185891216,0.6225281385432536,-12.873473524004398,23.04744673886379,33.33335982426973,43.75001986820228,-66.66664017573028,-0.6338234901428237,0.38835099599893813,-1.2190395013613355,-1.234745409555202,0.015705908193866414,-1.2173961554980655,-1.6092695446479053,0.3918733891498398,26.253306274423757,-0.9578543921305527,-0.9624713232858184,444.21053434673115
2024-05-29 00:00:00+05:30,25.799999237060547,26.899999618530273,25.549999237060547,26.5,7391897,0.0,0.0,-754617872.9295095,3313295191,-0.4170917236959498,401181.0026424592,3.196071647769718,-0.02263721805398879,351676767.7267382,26.424079322721774,46.64773905687424,191.7011693952487,26.435000133514404,27.3389357740237,25.531064493005108,6.838930478107185,0.5359538132875113,0.0,0.0,26.59833335876465,27.348333168029786,25.84833354949951,5.639449653848319,0.434444410818586,0.0,0.0,25.049999237060547,27.950000762939453,26.5,10.970310237306457,0.5,0.8056489140009478,4.221587510936518,-0.2928258274356281,-0.32431149426972555,0.031485666834097426,26.395833492279053,26.68846159714919,26.40738861512271,26.700214442558337,0.9324324231441495,0.9639639933768598,-0.03153157023271025,-0.1772434896781889,23.171275385994388,-0.9350001335144036,-34.64260195417883,-41.04423809885536,6.40163614467653,26.5,26.774999618530273,26.637499809265137,28.524999618530273,82.98846876968508,16.87630971691029,17.238110718624444,21.830560577933753,-34.75326972255605,28.374999523162842,29.19999885559082,8.0,56.00000000000001,-48.00000000000001,25.52735070405945,27.450000762939453,0.0,1.0,47.4973017793024,0.8835712650288445,0.5578892761622186,0.5522815078476041,-11.751129132395253,33.10302639423969,60.416660043932566,45.83334657880152,-39.583339956067434,-0.7022060169893152,1.9230769230769231,-1.0967171371061484,-1.2071397550653913,0.11042261795924291,4.2563396745328195,-0.43614770081176046,4.69248737534458,26.257735569871734,2.51450525701431,2.483411728068896,457.8947368421052
2024-05-30 00:00:00+05:30,26.299999237060547,26.299999237060547,25.549999237060547,25.649999618530273,4976168,0.0,0.0,-758267057.7341564,3308319023,-0.4163938324401733,-260379.81177181297,-4.521554397905124,0.36383041225507906,351517154.7192568,26.40401282127733,45.35940109654638,185.55226120226177,26.35250015258789,27.226270789911787,25.478729515263993,6.631405993849053,0.09800632794827639,0.0,0.0,26.49999993642171,27.2199998219808,25.780000050862633,5.433961413482969,-0.0902780923578989,0.0,1.0,25.049999237060547,27.649999618530273,26.34999942779541,9.86623799038058,0.23076934363008006,0.8200840988947984,3.9344723336972893,-0.33155352085803,-0.32575989958738644,-0.00579362127064359,26.40833346048991,26.621153904841496,26.290867231031562,26.622420751889592,0.9555553860134549,0.9688888549804687,-0.013333468967013817,-0.17725766576334587,23.23006050442309,-0.1524993896484368,-37.13716679530175,-39.93689423474767,2.799727439445917,26.5,26.774999618530273,26.637499809265137,27.774999618530273,57.844817673970454,16.510488633788054,15.871276494651276,20.099584497463354,-104.7619713806162,27.899999618530273,29.024999618530273,4.0,52.0,-48.0,25.52735070405945,27.412000732421873,0.0,0.0,39.85898056336714,0.35804853154983224,0.5187441726710295,0.5181154702307199,-13.142661122820423,30.38779023296725,25.0,39.58333995606742,-75.0,-0.7842650525710191,0.5882337981579351,-1.245392084919615,-1.214790221036236,-0.030601863883378932,4.23264349116028,0.4976105375826476,3.7350329535776323,26.210482627540436,-3.2075486093197214,-3.2601176247512242,439.9999919690583
2024-05-31 00:00:00+05:30,25.799999237060547,25.950000762939453,25.200000762939453,25.5,7180018,0.0,0.0,-759703075.9419404,3301139005,-0.3943618506877992,-377039.83309591067,-3.655963753723463,0.224124776201491,351475166.4160577,26.338416926737953,40.77382507473488,185.55226120226177,26.280000114440917,27.18354868019848,25.376451548683352,6.87632086623213,0.06836846186184835,0.0,0.0,26.365000025431318,27.079999987284346,25.65000006357829,5.423857092079263,-0.10489515495185645,0.0,1.0,25.049999237060547,27.649999618530273,26.34999942779541,9.893456507410823,0.17307719112144013,0.8130756890053185,3.8372456172935063,-0.3700831246374463,-0.33462454459739843,-0.03545858004004787,26.35000006357829,26.548076996436485,26.169195349334398,26.539278473971844,0.9220779499584346,0.9740258732271978,-0.051947923268763185,-0.1807958717233798,23.275913746765813,0.4200006484985366,-38.89831669356978,-39.16995204464763,0.27163535107784753,26.325000762939453,26.774999618530273,26.550000190734863,27.5,30.829501554363333,16.677732890490017,14.868908350811665,21.777445312113787,-138.10011989778525,27.75,28.899999618530273,0.0,48.0,-48.0,25.52735070405945,27.374760702514646,0.0,0.0,38.676928319262444,0.27672237245338743,0.5061140563440213,0.5275825017257563,-14.636166659811147,31.699860696324237,18.750019868202294,34.72222663737827,-81.24998013179771,-0.8860297203063965,-2.6717585593723396,-1.3944731956462266,-1.250726815958234,-0.14374637968799253,7.6729074359418945,1.932669917254497,5.7402375186873975,26.12083836718561,-0.5847938431231325,-0.5865104580283997,436.84210526315786
2024-06-03 00:00:00+05:30,26.75,26.75,25.649999618530273,25.75,7822230,0.0,0.0,-766103077.3734398,3308961235,-0.4242225324102488,-43811.6426536378,8.789043397809413,1.2957474836552016,351551854.9454695,26.35558422495838,49.66572513147279,185.55226120226177,26.217500114440917,27.08541431982243,25.349585909059403,6.620876907355906,0.23067607861342979,0.0,0.0,26.28333333333333,27.063333447774255,25.503333218892415,5.935321099106558,0.15811970828003546,0.0,0.0,25.049999237060547,27.450000762939453,26.25,9.154196683142022,0.29166679912134863,0.8567681201047865,3.3947393548994844,-0.37610964469667607,-0.342921564617254,-0.03318808007942209,26.270833333333332,26.47307696709266,26.10470375712911,26.480813401825785,1.0,0.9012875669987036,0.0987124330012964,-0.18441581313892205,23.485171199173948,0.6824995040893569,-39.53121044580485,-38.68088067465143,-0.8503297711534188,26.27500057220459,26.72499942779541,26.5,27.5,15.414750777181666,15.542812297748583,19.87121385869371,19.560161585904435,-48.66515312557205,27.6875,28.899999618530273,8.0,44.0,-36.0,25.52735070405945,27.287770304931637,0.0,0.0,41.77610460544627,0.2948049955963073,0.3098586331998423,0.44490562073829754,-14.947102450276386,30.65768225782853,24.444410536024307,22.73147680140885,-75.55558946397569,-0.8675002154181968,-3.558055190238376,-1.4203100146113499,-1.2846434556888573,-0.13566655892249257,10.967718346864482,3.739679603176494,7.228038743687987,26.094750432823147,0.9803921568627416,0.9756174945364737,442.1052631578948
2024-06-04 00:00:00+05:30,25.850000381469727,25.950000762939453,24.5,24.5,8791267,0.0,0.0,-774894344.3734398,3300169968,-0.47249217328564047,-1607421.943703118,-16.081298795371303,-0.6513689671619188,351125094.4114889,26.21088881071387,41.775947663578116,185.55226120226177,26.11250009536743,27.239387440955625,24.985612749779236,8.631018412427798,-0.21546641360399846,0.0,1.0,26.1,26.91500015258789,25.28499984741211,6.245211897225213,-0.48159490824601675,0.0,1.0,24.5,27.450000762939453,25.975000381469727,11.297274302213625,0.0,0.9160913843882532,3.887860761082311,-0.47626022713970073,-0.3695892971217433,-0.10667093001795741,26.07083336512248,26.35384618318998,25.85782625603232,26.334086483172022,0.8672198769483053,1.0082986290831906,-0.1410787521348853,-0.1966602179389942,23.831610683222266,0.6374999046325698,-43.62988047248141,-38.9018332522094,-4.7280472202720105,25.75,26.449999809265137,26.09999990463257,27.225000381469727,7.707375388590833,15.84282498277265,17.628963888319156,26.302311058844772,-201.3747912682324,27.6875,28.899999618530273,4.0,100.0,-96.0,25.52735070405945,27.20425952325195,0.0,0.0,32.839482849466606,0.0,0.19050912268323153,0.33549393740903155,-18.371322849700825,25.642851684402615,0.0,14.398143468075519,-100.0,-0.9560294151306152,-8.921931793920974,-1.8085314159047818,-1.3894210477320421,-0.4191103681727397,14.428120583110395,5.877367799163274,8.550752783947122,25.868722660257745,-4.854368932038833,-4.9761509559063555,415.7894736842105
2024-06-05 00:00:00+05:30,24.5,24.549999237060547,23.299999237060547,24.350000381469727,8137056,0.0,0.0,-769361131.3940452,3292032912,-0.36551771635479924,-1552155.2797397403,-19.970385241437132,-3.026112254056319,351075275.82798034,25.941067823299104,32.94865603756615,184.41622983908755,26.022500133514406,27.3857590680397,24.65924119898911,10.47754003290062,-0.11341969221242129,0.0,1.0,25.81666660308838,26.681666755676268,24.95166645050049,6.7010986808375295,-0.3477837935812562,0.0,1.0,23.299999237060547,27.450000762939453,25.375,15.947743316692753,0.25301223092606107,0.9494822459494279,4.557921582535253,-0.5612640977440364,-0.40792425724620196,-0.15333984049783445,25.87083339691162,26.230769304128792,25.62585304456115,26.187117142305187,0.7190081472157834,1.20661156373421,-0.48760341651842665,-0.21494361610640064,24.1610435455758,0.6274994850158677,-50.01184546946238,-39.83137593305922,-10.180469536403159,25.09999942779541,25.84999942779541,25.47499942779541,26.625,3.8536876942954166,17.189270146641466,15.957312040065833,32.911342270497435,-264.51613919419657,27.6875,28.899999618530273,0.0,100.0,-100.0,25.52735070405945,27.04200395185683,0.0,0.0,31.956070174836825,0.0,0.09826833186543572,0.19954536258283637,-21.34965307584639,33.739525343045685,25.301223092606108,16.581877876210125,-74.69877690739389,-1.3233823776245117,-8.971961190767377,-2.143283259069844,-1.5401934899996026,-0.6030897690702415,15.820525931320226,7.865999425594665,7.954526505725561,25.615163244151073,-0.6122433409398886,-0.614125235597518,412.63158697831005
2024-06-06 00:00:00+05:30,24.549999237060547,25.549999237060547,24.5,25.549999237060547,2880259,0.0,0.0,-766480872.3940452,3294913171,-0.3214261448398626,-836660.5963761832,40.10054517005323,-0.19251311766239557,351217218.6390546,25.855556572556416,31.183257357967065,193.50449518990402,25.99000005722046,27.365718061561203,24.614282052879716,10.586517901592279,0.3400832079061271,0.0,0.0,25.671666526794432,26.586666679382326,24.756666374206542,7.128482692254306,0.4335151533091137,0.0,0.0,23.299999237060547,27.450000762939453,25.375,15.967685712743837,0.5421684753533879,0.9745339069135671,4.670596716772,-0.5257399953755808,-0.43148740487207776,-0.09425259050350304,25.77916669845581,26.153846227205715,25.614183228022597,26.139923223398178,0.8,1.1,-0.30000000000000004,-0.22741831105328814,24.460395484268297,0.7599999427795403,-53.196400657968745,-41.358466626585816,-11.837934031382929,25.09999942779541,25.625,25.362499713897705,26.625,1.9268438471477083,17.061551884792966,21.972716407765912,29.972985348837604,-103.92753167542669,27.75,28.899999618530273,0.0,96.0,-96.0,25.52735070405945,26.742643574673128,0.0,0.0,44.75887660242281,0.7983553463489813,0.26611844878299373,0.1849653011105535,-19.434585238478224,42.05658308514052,54.21684753533879,26.50602354264829,-45.78315246466121,-1.435735236897191,-4.127581227824388,-2.011253020456404,-1.634405396090963,-0.37684762436544106,9.920021350304596,8.276803810536652,1.643217539767944,25.61315405833248,4.928126639800867,4.81054215943626,437.894720780222
2024-06-07 00:00:00+05:30,25.950000762939453,26.350000381469727,25.649999618530273,26.0,7495738,0.0,0.0,-766480872.3940452,3302408909,-0.2898661493959936,-235267.96563754993,9.105187653237966,0.42633670438525834,351349237.7357089,25.83733504087726,38.51747460055785,193.50449518990402,26.00250005722046,27.373804188967036,24.631195925473882,10.54747911723041,0.4990884380924038,0.0,0.0,25.624999809265137,26.575,24.674999618530272,7.414635690193258,0.6973684818130333,0.0,0.0,23.299999237060547,27.450000762939453,25.375,15.96000967886363,0.6506023542648299,0.9570806306631283,4.666227262021996,-0.4560188857028393,-0.4363937010382301,-0.01962518466460922,25.71666669845581,26.10384625654954,25.67353965448066,26.1295585401835,0.87159523486508,1.0311283694383728,-0.15953313457329288,-0.23175198544198033,24.65392987513861,0.497499942779541,-53.47253743487729,-43.0237375853027,-10.448799849574591,25.09999942779541,25.47499942779541,25.28749942779541,26.625,4.960342793686794,16.037530342864915,26.67293153297396,28.16746973175585,-7.813288196434867,27.75,28.899999618530273,4.0,92.0,-88.0,25.52735070405945,26.46723202766412,0.0,0.0,48.65999223021289,1.0,0.5994517821163271,0.3212795209215854,-16.511307335719053,40.907890406557385,65.060235426483,48.19276868480929,-34.939764573517,-1.28897067238303,-2.803738317757009,-1.7452223121242096,-1.6565687792976125,-0.08865353282659716,11.29756195008252,8.880955438445826,2.4166065116366937,25.61727297441925,1.7612554848405626,1.7459251232413209,447.3684210526316
2024-06-10 00:00:00+05:30,26.350000381469727,27.299999237060547,26.200000762939453,26.579999923706055,12112498,0.0,0.0,-770224742.285784,3314521407,-0.31595693282097786,801948.5888663486,6.811137187315286,0.950543220451817,351619439.5786277,25.89653010440764,49.48402752464037,193.50449518990402,26.03150005340576,27.425706276219014,24.637293830592508,10.71168561130111,0.6967068649261662,0.0,0.0,25.66766649881999,26.66766649881999,24.667666498819987,7.7919042624772645,0.9561667124430323,0.0,0.0,23.299999237060547,27.450000762939453,25.375,15.94222967314537,0.7903613206385157,0.9913724913028702,4.625754197803064,-0.3499294880772439,-0.4191008584460329,0.06917137036878901,25.72333335876465,26.089615455040565,25.812995080515336,26.16292456859258,0.927203013055179,0.96551733209743,-0.03831431904225091,-0.22573127438883273,24.83489018090438,0.31850032806396555,-49.879930508734596,-44.488876714708866,-5.39105379402573,25.299999237060547,25.47499942779541,25.38749933242798,26.625,21.685897844124298,15.60109059180697,31.098177455053182,25.481319301953594,69.32455256526805,27.72499990463257,28.899999618530273,0.0,88.0,-88.0,23.299999237060547,26.46723202766412,1.0,0.0,53.24320889875826,1.0,0.9327851154496605,0.599451782116327,-12.485147806649763,43.91578991499252,80.98764839050433,66.75491045077536,-19.012351609495674,-1.1436765221988452,0.3018865045511498,-1.3375014217535854,-1.592755307788807,0.2552538860352216,17.610635129514804,10.626891376659621,6.983743752855183,25.629899343959288,2.2307689373309847,2.206251239326562,459.57894576223276
2024-06-11 00:00:00+05:30,26.799999237060547,27.719999313354492,26.31999969482422,27.219999313354492,14950982,0.0,0.0,-765953036.0527986,3329472389,-0.24842956785248516,2054330.1268346952,2.52825669062046,1.0594355856523898,351979432.7833723,26.020344495666155,54.50520821203424,193.50449518990402,26.117500019073486,27.58045410317095,24.65454593497602,11.202864615901802,0.8768058431448201,0.0,0.0,25.777999814351396,26.86799977620443,24.687999852498372,8.456823413011227,1.1614676832426911,1.0,0.0,23.299999237060547,27.719999313354492,25.50999927520752,16.92351899326521,0.8868778300069088,1.0322352040256104,4.6191301574353,-0.2117691313550054,-0.3776345130278274,0.165865381672822,25.795833269755047,26.09807696709266,26.0294572701829,26.241226401537904,0.9211677539481419,0.9291971343550225,-0.008029380406880615,-0.2078443394761781,25.05791448440602,-0.017499637603759055,-42.528409173556575,-45.36507751686194,2.8366683433053623,25.50999927520752,25.50999927520752,25.50999927520752,26.625,56.01156302117259,15.552218570937479,30.988816630594528,22.943757958044845,104.06338803190185,27.699999809265137,28.899999618530273,100.0,84.0,16.0,23.379999237060545,26.46723202766412,0.0,0.0,57.727639103635056,1.0,1.0,0.844078965855329,-7.5603549492638145,47.18736906121962,88.68778300069087,78.24522227255939,-11.312216999309125,-0.7801178819992955,3.301703678519035,-0.807009276603758,-1.4356061015517974,0.6285968249480394,24.181611241255432,13.337835349578784,10.843775891676648,25.69237550978756,2.4078231432861585,2.379292158280011,473.05261712325245
2024-06-12 00:00:00+05:30,27.440000534057617,28.450000762939453,27.200000762939453,27.700000762939453,18389009,0.0,0.0,-769630837.8527986,3347861398,-0.2559880291286347,3021818.819634152,5.472027196042061,1.702749451624145,352303707.25798994,26.28605084052316,64.25076821139231,193.50449518990402,26.192500019073485,27.810287118322645,24.574712919824325,12.353056012759994,0.9659144409562985,0.0,0.0,25.924666595458984,27.00466651916504,24.84466667175293,8.331832694775946,1.3219140244882392,1.0,0.0,23.299999237060547,28.450000762939453,25.875,19.662122829545307,0.8543689751874386,1.0540116836230493,4.592538455219575,-0.06281980026551182,-0.3146715704753643,0.2518517702098525,25.92916663487752,26.140384674072266,26.286463961376214,26.349283761641725,0.9965276986728564,0.8576388245011621,0.13888887417169427,-0.1787623366435448,25.31651240852726,-0.34249963760375834,-36.67239835093646,-45.31343657859914,8.641038227662676,25.875,25.875,25.875,26.625,78.0057815105863,16.077781311632275,33.38421408529623,20.938766558698543,157.89934232830706,27.66249990463257,28.899999618530273,100.0,80.0,20.0,23.5535992401123,26.46723202766412,0.0,0.0,60.76686678692295,1.0,1.0,0.97759503848322,-2.5138690349200816,49.20033795588205,85.43689751874386,85.03744296997967,-14.563102481256138,-0.011147016637465867,6.130269571205379,-0.2384117945435863,-1.196167240150155,0.9577554456065688,30.56046112507006,16.78236050467704,13.778100620393019,25.76104661010774,1.7634146278228124,1.748046873868514,483.15791079872537
2024-06-13 00:00:00+05:30,27.940000534057617,28.34000015258789,27.25,27.719999313354492,10719945,0.0,0.0,-771106074.4420047,3358581343,-0.24389655531972365,2620756.6111905514,-0.30504590295328016,1.8071464344805488,352311446.729276,26.413127380393597,60.32740379067663,193.64419949661902,26.243499946594238,27.981881534701238,24.505118358487238,13.248092606890257,0.924676428024091,0.0,0.0,26.118333307902013,27.232333246866865,25.004333368937175,8.53040602424511,1.2188806522470628,1.0,0.0,23.299999237060547,28.450000762939453,25.875,19.62391272642447,0.8582521877097157,1.0576105305195334,4.559913182700526,0.05618961472678308,-0.24049933343493488,0.296688948161718,26.084999879201252,26.200769277719353,26.507007861680567,26.450818246953784,1.0066049184646324,0.8520475839349859,0.15455733452964648,-0.1428529145339892,25.536424105319433,0.25650005340576243,-28.717875604582915,-44.18227645760059,15.464400853017672,25.875,25.875,25.875,26.625,89.00289075529315,16.565803856563157,30.8523658839004,19.350777148025628,142.19082222171238,27.58750009536743,28.899999618530273,96.0,76.0,20.0,23.847383331481932,26.46723202766412,0.0,0.0,60.893020969188974,1.0,1.0,1.0,1.4178912002229784,54.14787895557077,85.82521877097157,86.64996643013541,-14.17478122902843,0.5474118905908938,7.234038314464601,0.21243053504877554,-0.914447685110369,1.1268782201591445,28.36553170158509,19.09899474405865,9.26653695752644,25.94400704333097,0.07219693091775614,0.07217088147077888,483.57893291272615
2024-06-14 00:00:00+05:30,27.860000610351562,28.079999923706055,27.399999618530273,27.540000915527344,7296462,0.0,0.0,-775398084.427161,3351284881,-0.26852362845284966,2058741.1710480913,-0.512580265672491,1.9197216490697862,352264067.5264499,26.494651699801572,59.02148392811592,192.38678079094396,26.27550001144409,28.083222091274475,24.467777931613707,13.759753984076761,0.8497498089423953,0.0,0.0,26.330666605631514,27.437666575113933,25.223666636149087,8.408446212642879,1.0462214739090085,1.0,0.0,23.299999237060547,28.450000762939453,25.875,19.600013410347522,0.8233010528561334,1.0198495079851582,4.493459034614218,0.13443142533878571,-0.16551318168019077,0.2999446070189765,26.171666622161865,26.25230774512658,26.665929869964685,26.5314984446259,1.0361366092607407,0.866622830234456,0.16951377902628473,-0.10491299023379926,25.640618751698202,-0.6255003929138176,-21.638964648237113,-42.19424914675973,20.555284498522617,25.875,25.875,25.875,26.625,94.50144537764658,17.01896764828469,29.356580759137934,18.41261231750564,122.25038997214793,27.549999713897705,28.899999618530273,92.0,72.0,20.0,24.123540377369384,26.46723202766412,0.0,0.0,59.0524959554323,0.9363953366463234,0.9787984455487745,0.9929328151829248,4.041646634818274,50.12753353127423,82.33010528561334,84.53074052510958,-17.669894714386665,0.8942353753482593,3.9245317567069575,0.5066861399455391,-0.6302209200991874,1.1369070600447264,23.635849987270998,20.00636579270112,3.6294841945698764,26.088360461980628,-0.6493448855910744,-0.6514623006883546,479.78949295847036
2024-06-18 00:00:00+05:30,27.549999237060547,28.389999389648438,27.34000015258789,27.3799991607666,8732776,0.0,0.0,-783465522.0796309,3342552105,-0.2972059100495094,1565026.7917651506,1.5029574173500886,2.3184570002239595,352213331.8896495,26.592662884900047,63.63113695680553,192.38678079094396,26.306999969482423,28.167871742287723,24.446128196677122,14.147350704861934,0.7883055154484427,0.0,0.0,26.495999908447267,27.59799976348877,25.39400005340576,8.318235649526642,0.9010886427412657,0.0,0.0,23.299999237060547,28.450000762939453,25.875,19.576544386867347,0.79223276016598,1.022864480892697,4.382960354257574,0.18143633440899976,-0.09612327846235266,0.27755961287135245,26.31583325068156,26.315000020540676,26.77578668393421,26.59435034952521,1.046924524390477,0.8294229260638155,0.2175015983266615,-0.06820577819624417,25.794273617018078,-0.8069999694824226,-14.828612292620754,-38.99410823788632,24.16549594526557,25.875,25.875,25.875,26.625,97.25072268882329,17.70111160814904,29.36905478683932,17.03892617449053,114.53060427880663,27.387500286102295,28.800000190734863,88.0,68.0,20.0,24.38312800050359,26.46723202766412,0.0,0.0,57.39189397952854,0.8790084340764827,0.9384679235742687,0.9724221230410143,5.704634041339548,41.4061158761456,79.223276016598,82.45953335772762,-20.776723983401997,1.107970636031208,6.744637691871653,0.682236384887811,-0.3677294591017878,1.049965843989599,20.845315083893123,20.174155650939525,0.6711594329535977,26.173400914538497,-0.5809794823591674,-0.5826737335084431,476.4210349635074
2024-06-19 00:00:00+05:30,27.530000686645508,30.0,26.899999618530273,29.520000457763672,55783782,0.0,0.0,-744956699.1307755,3398335887,-0.024245969577326585,18395360.940284677,3.2509454834299687,2.322376559913977,356573352.6891556,27.30896881677083,74.36320849174362,192.38678079094396,26.450500011444092,28.778937122972174,24.12206289991601,17.60599694161289,1.1591332080910617,1.0,0.0,26.878333218892415,28.145333035786944,25.611333401997882,9.427666563817834,1.542489195202133,1.0,0.0,23.299999237060547,30.0,26.649999618530273,25.330336893596062,0.9283582854361138,1.2305780709504,4.364905897036417,0.3869082460118243,0.0004830264324827277,0.38642521957934156,26.650833288828533,26.45038465353159,27.19797341836951,26.811065172357686,1.0313926496969255,0.7888127473592693,0.24257990233765614,-0.01797413483272344,26.133446274421573,-0.7005000114440918,2.047906283980133,-33.20969137639272,35.25759766037285,27.25,26.649999618530273,26.949999809265137,26.649999618530273,98.62536134441164,19.43481252798595,33.69568611495378,13.772077526568404,178.32065995032218,27.387500286102295,28.800000190734863,100.0,64.0,36.0,24.62714036624974,26.46723202766412,0.0,0.0,69.67487671115865,1.0,0.9384679235742687,0.9519114308991038,12.014920603864674,50.78411040252832,92.83582854361138,84.7964032819409,-7.164171456388621,1.379264814713423,15.764707677504596,1.443091662060216,-0.005565234869387037,1.4486568969296032,45.84821747925438,25.3089680166025,20.53924946265188,27.25429386746318,7.815929008732492,7.525522603019841,521.4736938476562
2024-06-20 00:00:00+05:30,29.579999923706055,29.68000030517578,28.299999237060547,28.440000534057617,24292879,0.0,0.0,-764320546.340332,3374043008,-0.09381049977926634,12019408.310729664,3.067567759833503,2.864456714038165,355684588.8998684,27.533685155373007,76.41554603001121,185.34824063666602,26.535000038146972,29.018292365191247,24.051707711102697,18.71710814753548,0.8835634804578287,0.0,0.0,27.35233325958252,28.632333183288573,26.072333335876465,9.359347237827496,0.9248700544160642,0.0,0.0,23.299999237060547,30.0,26.649999618530273,25.249673085763963,0.7671642853279358,1.2455203706668834,4.297220135656136,0.45732746208862807,0.09185191356371179,0.36547554852491626,26.875,26.56346159714919,27.389054513090755,26.931727051002127,1.1197771324316197,0.7894150124801163,0.33036211995150344,0.03121049087249684,26.35213955451502,-2.035000038146972,14.905823514037769,-25.6427775795031,40.54860109354087,27.824999809265137,26.649999618530273,27.237499713897705,26.649999618530273,99.31268067220583,21.044677667834513,30.85924095597392,12.612767622740856,152.5244342404991,27.0,28.524999618530273,96.0,60.0,36.0,25.05696913694976,26.46723202766412,0.0,0.0,60.23709360380842,0.74978574419469,0.8762647260903909,0.9177335244129758,13.728603327694492,47.60920607263701,76.71642853279359,82.92517769766764,-23.283571467206418,1.5713822813595044,10.446604015757737,1.6980992760789582,0.335167667320282,1.362931608758676,44.16265922772439,29.079706258826878,15.082952968897512,27.463350846235706,-3.6585362701849755,-3.727139152573411,498.73685334858135
2024-06-21 00:00:00+05:30,28.520000457763672,28.799999237060547,27.889999389648438,28.229999542236328,18366106,0.0,0.0,-768962520.7150276,3355676902,-0.09423473279446945,9751364.198354723,-3.1958343164614322,2.8973231024140245,355548973.55516136,27.671894826089243,71.26789932790975,183.97962904612055,26.62150001525879,29.212092893469134,24.030907137048445,19.462411034130163,0.8104500789195284,0.0,0.0,27.66299991607666,28.92899990081787,26.39699993133545,9.153020197245205,0.7239335043418546,0.0,0.0,23.299999237060547,30.0,26.649999618530273,25.167630520816548,0.7358208572819431,1.2119683183414058,4.230292361656851,0.49053528773470134,0.1715885883979097,0.31894669933679165,27.18583329518636,26.641538473275993,27.518430671420845,27.027895383686143,1.115405752335791,0.8205412488614888,0.29486450347430215,0.07591272868101863,26.409858620737648,-2.2714996337890625,25.288615164791047,-16.891538401762173,42.180153566553216,28.100000381469727,26.649999618530273,27.375,26.649999618530273,99.65634033610291,21.947921958772813,29.118569895073072,14.442726546629483,102.86977967997184,26.924999713897705,28.524999618530273,92.0,56.00000000000001,35.99999999999999,25.45241160599378,26.46723202766412,0.0,0.0,58.57562172542462,0.7057368457550253,0.8185075299832384,0.8777467265492991,14.435990618502629,45.497501478173206,73.58208572819431,81.04478093486641,-26.41791427180569,1.6462350789238442,15.224487927495217,1.8149222526249127,0.6311185843812082,1.1838036682437045,39.84281232403265,31.232327471868036,8.610484852164614,27.55000208099189,-0.7384000980232286,-0.7411397663543262,494.31577983655427
2024-06-24 00:00:00+05:30,28.270000457763672,29.139999389648438,27.780000686645508,28.31999969482422,15204473,0.0,0.0,-772092864.0533578,3370881375,-0.08664546959454594,8553798.582878115,1.028650164738826,2.3430093000518397,355597446.9845701,27.784302298121716,72.52358387414901,184.56617509485287,26.719999980926513,29.40972121364845,24.030278748204577,20.13264397187077,0.7974285391424268,0.0,0.0,27.9043332417806,29.23633302052816,26.57233346303304,9.546902749521239,0.6560309767597924,0.0,0.0,23.299999237060547,30.0,26.649999618530273,25.074853172612656,0.7492537143475303,1.2267713568075582,4.215476557441202,0.518142168572858,0.24089930443289936,0.27724286413995863,27.516666571299236,26.703846124502327,27.641748982713672,27.123606814140814,1.092206386854494,0.855104309048276,0.23710207780621806,0.11614331788222115,26.472765782733994,-1.170000743865966,35.61154756909499,-7.392485282003333,43.00403285109832,28.15999984741211,26.649999618530273,27.40499973297119,26.649999618530273,99.82817016805146,23.021204351962883,28.775788708209525,13.24067408201274,95.84156940229876,26.78749942779541,28.524999618530273,88.0,52.0,36.0,25.81621867751428,26.46723202766412,0.0,0.0,59.0963339847014,0.7195419553831721,0.7250215151109624,0.806597923728197,15.149936680061504,45.81327997499544,74.92537143475303,75.07462856524695,-25.07462856524697,1.7539115849663247,16.30389836205362,1.9102996593459174,0.8869547993741501,1.0233448599717674,34.75035693965407,31.935933365425242,2.814423574228826,27.626343261474478,0.3188103225196137,0.31830319996442036,496.2105198910362
2024-06-25 00:00:00+05:30,28.809999465942383,29.049999237060547,27.850000381469727,27.959999084472656,11469657,0.0,0.0,-781459773.3915406,3359411718,-0.1047130759962767,6741958.282392232,-0.10462617333586692,3.484200201625799,355451646.01122904,27.92508799740151,71.09684328761018,182.21999089992352,26.81299991607666,29.53892068027675,24.08707915187657,20.332829394190018,0.710387474107777,0.0,0.0,28.063666534423827,29.40566635131836,26.721666717529295,9.563966385136386,0.46137575853361,0.0,0.0,23.299999237060547,30.0,26.649999618530273,24.987881937530744,0.6955222860851816,1.2240941066858846,3.752228639019033,0.5051487397020793,0.2937491914867354,0.2113995482153439,27.717499891916912,26.74461533473088,27.690710536830437,27.185561797128358,1.1613800799749168,0.8135782438676663,0.34780183610725046,0.1487040401538948,26.584018999507894,-0.8129999160766594,44.01038752699346,2.222936573613338,41.78745095338012,28.449999809265137,26.649999618530273,27.549999713897705,26.649999618530273,99.91408508402573,24.017823717067948,26.666809427953652,12.270264284431095,79.07622129086106,26.624999523162842,28.524999618530273,84.0,48.0,36.0,26.150921183313137,26.46723202766412,0.0,0.0,56.06072925274857,0.6390620831202559,0.6881136280861511,0.7438808910601171,14.760478694088281,43.45622503155413,69.55222860851816,72.68656192382183,-30.44777139148184,1.822382192050707,9.432485007343479,1.858150820909056,1.0811940036811314,0.7769568172279246,28.740750415513432,31.29689677544288,-2.55614635992945,27.642425805160144,-1.2711886095724712,-1.279337342811182,488.63155967310854
2024-06-26 00:00:00+05:30,28.040000915527344,29.299999237060547,27.799999237060547,28.639999389648438,20531400,0.0,0.0,-778996001.2144166,3379943118,-0.07840249694995009,7773301.137148489,0.7305840892151302,4.962840868100961,355950979.2988842,28.12157063257213,76.49760271694046,182.21999089992352,26.952499866485596,29.75159165894194,24.15340807402925,20.770554169907694,0.8014369746127503,0.0,0.0,28.21299985249837,29.564999707539876,26.860999997456865,9.584233240775212,0.6579140469423196,0.0,0.0,23.299999237060547,30.0,26.649999618530273,24.858550398401626,0.7970148573901211,1.251684696017296,2.8801506120853997,0.5434570606327043,0.3436907653159292,0.1997662953167751,27.93749984105428,26.817307618948128,27.836754975725512,27.293297915092808,1.222283195041814,0.7255762507215369,0.4967069443202772,0.1793930441965535,26.634112072088875,-0.372499942779541,54.61741447289374,12.366249109594472,42.25116536329927,28.449999809265137,26.649999618530273,27.549999713897705,26.649999618530273,99.95704254201286,25.125668419938812,25.768795324145522,11.168392976400462,86.11761243610725,26.612499713897705,28.524999618530273,80.0,44.0,36.0,26.458847488648086,26.46723202766412,0.0,0.0,60.2175973439247,0.6204334834659873,0.659679173989805,0.6909381057289726,15.76314113522679,45.02918180420355,75.27271617542614,73.25010540623242,-24.727283824573863,1.7784115118138928,10.153843806340145,1.9911740322600595,1.263190009396917,0.7279840228631425,27.869465775051015,30.61141057536451,-2.741944800313494,27.691971573490253,2.4320469507933984,2.4029436159860307,502.94735557154604
2024-06-27 00:00:00+05:30,28.639999389648438,29.09000015258789,27.3799991607666,27.799999237060547,14270967,0.0,0.0,-786256671.428092,3365672151,-0.11323687434781672,4950313.195044884,-3.774443559982545,1.8289131016698337,355532417.33264655,28.154808433136505,71.14389025013624,176.8755487413171,27.01749982833862,29.831876258957664,24.20312339771958,20.83372960859277,0.6390182564437211,0.0,0.0,28.243666394551592,29.64166634877523,26.84566644032796,9.89956427536136,0.3413207539275511,0.0,0.0,23.299999237060547,30.0,26.649999618530273,24.798744537834068,0.6716417145638862,1.2975163255976954,3.0467608109118354,0.5002689003504557,0.3750063923228345,0.12526250802762118,28.03916645050049,26.861538373506985,27.83110024670013,27.330831346349676,1.1377468275180413,0.805659295997908,0.33208753152013337,0.20091947921991338,26.735775219922164,0.20249948501587056,60.675084466916395,22.29880022864995,38.37628423826645,28.449999809265137,26.649999618530273,27.549999713897705,26.649999618530273,99.97852127100643,25.473669238027657,23.209966374974076,12.498311492163594,54.53147515551714,26.5625,28.524999618530273,76.0,40.0,36.0,26.74213968955624,26.46723202766412,0.0,0.0,53.48613314364496,0.22965345909029117,0.49638300855884476,0.6147252702116002,14.380293510064565,43.75274094680987,49.42527425259345,64.75007301217924,-50.57472574740655,1.5734408995684461,4.589914660858989,1.8304196239433892,1.3766359323062114,0.4537836916371778,23.98533355296309,29.286195170884227,-5.300861617921136,27.692578742552723,-2.932961489138497,-2.9768327528560956,485.2631418328536
2024-06-28 00:00:00+05:30,27.950000762939453,28.950000762939453,27.760000228881836,27.920000076293945,13569438,0.0,0.0,-796177190.0413668,3379241589,-0.13163380153949902,4475746.159742124,1.052372712673188,1.2537120344866355,355590990.8575607,28.22359746445159,72.01360301471203,177.63904567913463,27.130999851226807,29.898322681542815,24.3636770209108,20.39971136700202,0.6425565923179696,0.0,0.0,28.287666447957356,29.69566644032796,26.87966645558675,9.954868458032717,0.36943665708251083,0.0,0.0,23.299999237060547,30.0,26.649999618530273,24.69500128885406,0.6895522855442917,1.2867647464436875,3.289317908277562,0.4703036690670217,0.39406584767167196,0.07623782139534974,28.09749984741211,26.906538376441368,27.84477714356072,27.374473474493698,1.0998953950895347,0.8535564173207217,0.24633897776881297,0.21584982595314814,26.841922822713766,0.5690009117126458,65.40251858122959,31.97007614303514,33.43244243819444,28.449999809265137,26.649999618530273,27.549999713897705,26.649999618530273,99.98926063550321,25.79681285482444,21.602345886995934,11.632625549524771,55.97245787553187,26.5625,28.524999618530273,72.0,36.0,36.0,27.00276851439174,26.46723202766412,0.0,0.0,54.272549801704,0.06264372641278292,0.3042435563230204,0.4867685796238899,13.534526980717256,33.08356211855288,45.26314891276087,56.65371311359346,-54.73685108723913,1.5061764156117157,2.5716413688373003,1.7180373149650878,1.4449162088379865,0.2731211061271013,20.34611842508671,27.498179821724726,-7.152061396638015,27.694224468701435,0.43165770693052163,0.4307287374037294,487.78947529039885
2024-07-01 00:00:00+05:30,28.059999465942383,29.65999984741211,27.84000015258789,29.350000381469727,37366648,0.0,0.0,-771539819.9165214,3416608237,-0.03720099029682515,11469827.857406963,1.9239054487797371,0.9046240531626676,357504827.4584698,28.39218752659744,75.0489692334133,177.63904567913463,27.323499870300292,30.145309783373513,24.50168995722707,20.654820403446422,0.8590781402001635,0.0,0.0,28.41533311208089,29.937333043416338,26.89333318074544,10.71252570105092,0.8070523362536332,0.0,0.0,23.299999237060547,30.0,26.649999618530273,24.52101961587331,0.9029851426098789,1.3400882412817405,3.2885334630815755,0.5555411484565091,0.42636090782863945,0.1291802406278697,28.234999815622967,27.016153775728664,28.076349949392874,27.520808800936365,1.0835030265078738,0.8798370323985123,0.20366599410936148,0.2357409079133666,27.06586976595999,0.39649944305419993,74.81442950345541,41.93041412037693,32.884015383078484,28.449999809265137,26.649999618530273,27.549999713897705,26.649999618530273,99.99463031775161,26.687368542020216,23.384989226951326,10.44144284543051,91.17452774181012,26.5625,28.524999618530273,68.0,32.0,36.0,27.2425470332404,26.46723202766412,0.0,0.0,62.42527185171679,0.5521823649125064,0.2814931834718601,0.36070658278457496,15.550287660748968,41.89538545258885,82.33696835252775,59.008463839293995,-17.663031647472245,1.4796175844529067,5.956677159149579,2.0186221723164164,1.5596574015336726,0.4589647707827438,27.723063382713015,27.543156533922385,0.17990684879062968,27.772773593459554,5.121777583338738,4.994927864460763,517.8947448730469
2024-07-02 00:00:00+05:30,29.40999984741211,29.850000381469727,28.479999542236328,28.799999237060547,17991719,0.0,0.0,-781126661.452965,3398616518,-0.04575435975462218,8417643.0149362,3.160066561847013,0.9497533296788498,357167673.59437186,28.506186558801204,75.46151864656474,174.31019807622408,27.47599983215332,30.270711971122065,24.681287693184576,20.34293314922997,0.7368758102928957,0.0,0.0,28.54933312733968,30.103333218892413,26.995333035786945,10.886419550476838,0.5806518967030452,0.0,0.0,23.299999237060547,30.0,26.649999618530273,24.384920672109235,0.8208954289114164,1.3430795010769063,3.3525171001226157,0.5721169609773789,0.45551211845838735,0.1166048425189915,28.324999809265137,27.1103845009437,28.187680609034054,27.615563648056675,1.1101478725233649,0.8913818968985209,0.218765975624844,0.25352826223261576,27.25412694478703,0.06400108337402344,81.26560999529184,50.73238119941157,30.53322879588027,28.614999771118164,26.649999618530273,27.63249969482422,26.649999618530273,99.99731515887581,27.65945210152973,22.65557835510161,9.6411249242345,91.28197915696649,26.5625,28.524999618530273,64.0,28.000000000000004,36.0,27.463143270581167,26.46723202766412,0.0,0.0,58.132325200001354,0.28700139927350565,0.3006091635329316,0.2954486344426039,15.733899500337124,39.86927707884648,61.2903027331072,62.96347333279858,-38.7096972668928,1.518499969033634,3.8961037173826694,2.0717192966569744,1.662069780558333,0.4096495160986413,24.569013586498418,26.948327944437594,-2.379314357939176,27.805511828270458,-1.8739391388779225,-1.8917198620423736,506.31577341180105
2024-07-03 00:00:00+05:30,29.0,29.190000534057617,28.510000228881836,28.559999465942383,10462596,0.0,0.0,-790050664.5620766,3388153922,-0.045924848732049516,6856405.3491879115,-2.047291234325473,0.4126591560811689,357080485.3752114,28.565866356001457,70.35481303483212,172.85761443906821,27.678999805450438,30.15069477532038,25.207304835580498,17.859713047746933,0.678217715217971,0.0,0.0,28.54399979909261,29.855999883015954,27.23199971516927,9.192825764839373,0.5060974336228418,0.0,0.0,23.299999237060547,30.0,26.649999618530273,24.206079735656182,0.7850745716294734,1.2767715814867937,3.4633481914225217,0.5594385763848457,0.4762974100436791,0.08314116634116664,28.40999968846639,27.204999850346493,28.244960433173798,27.685521856788952,1.068802489650831,0.961134467671444,0.10766802197938707,0.2668416537059203,27.35435692630812,-0.29900064468383647,81.00780974825136,58.07704633654641,22.93076341170495,28.614999771118164,26.649999618530273,27.63249969482422,26.649999618530273,99.9986575794379,28.56210112107428,21.7638931334216,9.261666563888786,72.71480958148298,26.700000286102295,28.524999618530273,60.0,24.0,36.0,27.666091808934674,26.46723202766412,0.0,0.0,56.31249147296191,0.1745878744406492,0.33792387954222036,0.30667540884900385,15.292669502548689,38.145898276270195,53.54837558520217,65.72521555694568,-46.45162441479783,1.496882534027101,3.703698317017677,2.0206900172541338,1.7337938278974934,0.2868961893566404,18.661664325480587,25.290995220646195,-6.629330895165609,27.826741123639316,-0.8333325606805109,-0.8368241879059823,501.26314665141865
2024-07-04 00:00:00+05:30,28.690000534057617,28.790000915527344,28.15999984741211,28.229999542236328,9201049,0.0,0.0,-797207048.387176,3378952873,-0.08410418010084908,5443155.232444542,-2.567646368834824,0.25104483708963,356974170.7559959,28.592116310157092,70.72836418815112,170.86031049496532,27.87299976348877,29.823129194634223,25.92287033234332,13.992964142309173,0.5915323293536126,0.0,0.0,28.502666473388672,29.739666557312013,27.26566638946533,8.679890248712402,0.3897870199460547,0.0,0.0,24.5,30.0,27.25,19.732357645998786,0.6781817349520597,1.2120945301496377,3.654968689344476,0.5168052204524933,0.484398972125442,0.03240624832705136,28.480833053588867,27.296538279606747,28.242658757644953,27.72585353719246,1.048977382009249,0.9757803703664162,0.07319701164283277,0.27363524838394016,27.19804167565374,1.647000694274901,82.3879730578721,64.42141943577764,17.966553622094466,28.614999771118164,26.649999618530273,27.63249969482422,26.649999618530273,99.99932878971896,28.741909286629124,20.9415335479568,11.010903038438448,41.35229346871815,26.72499990463257,28.524999618530273,56.00000000000001,20.0,36.00000000000001,27.8528044642199,26.46723202766412,0.0,0.0,53.81774066431451,0.020483833058854203,0.16069103559100298,0.2664080262220515,14.152269217752437,38.85755661478858,42.90321806591181,52.580632128073695,-57.09678193408819,1.4978238442364855,3.1044572955564975,1.863983086252808,1.7598316795685565,0.10415140668425149,13.058927196576875,22.844581615832332,-9.785654419255458,27.830050390249276,-1.1554619393448484,-1.16218927219931,494.31577983655427
2024-07-05 00:00:00+05:30,28.0,28.469999313354492,27.959999084472656,28.280000686645508,9105841,0.0,0.0,-794885899.5777013,3388058714,-0.08420946100958566,4730604.837925041,-1.4562154403221592,0.18364232461465368,356990299.0761586,28.605133775732316,70.16409229068935,171.16293930110731,28.00949983596802,29.647284736437317,26.37171493549872,11.694495867906644,0.5825813116850628,0.0,0.0,28.49566650390625,29.692666625976564,27.298666381835936,8.40127829195521,0.409914037064704,0.0,0.0,25.649999618530273,30.0,27.824999809265137,15.53044648046065,0.6045978936734347,1.1418851000228576,3.819555349767558,0.4815021956099024,0.4838196168223341,-0.002317421212431725,28.37749973932902,27.364999844477726,28.248403669798886,27.766901474188984,1.030418219042134,0.9788158961175772,0.0516023229245568,0.27559432448261906,26.992080363211873,0.4305006980895989,82.3770371812938,69.61758494824417,12.759452233049629,28.614999771118164,26.649999618530273,27.63249969482422,26.649999618530273,99.99966439485948,28.545051030771138,20.273694451672323,11.91037609070985,17.944019982771216,26.637499809265137,28.524999618530273,52.0,16.0,36.0,27.8528044642199,30.0,0.0,1.0,54.14919233167938,0.040958038853922726,0.07867658211780866,0.19243049908367718,13.336262742531343,38.32283919884495,44.516158009663485,46.98925055359246,-55.483841990336515,1.4311471265905027,-4.200541164937712,1.7340868805887029,1.7546827197725858,-0.02059583918388297,8.26549471255821,19.92876423517751,-11.6632695226193,27.832314488685068,0.17712059943313374,0.17696392587294163,495.3684355083265
2024-07-08 00:00:00+05:30,28.399999618530273,28.639999389648438,27.790000915527344,27.969999313354492,9876040,0.0,0.0,-800579175.8881195,3378182674,-0.10037939054789649,3617434.7235533213,8.20796304747439e-06,0.07628880965843651,356882039.32055956,28.61715543090628,66.32331438816286,171.16293930110731,28.107999801635742,29.463073433349276,26.75292616992221,9.641907224111163,0.4490800776239945,0.0,0.0,28.467666498819987,29.613666598002112,27.32166639963786,8.051240162094981,0.28286773892049966,0.0,0.0,26.200000762939453,30.0,28.100000381469727,13.519280147566409,0.46578918573262784,1.1126964374326813,4.055959176489578,0.42362647177428414,0.4717809878127241,-0.048154516038439954,28.338332970937092,27.454230601970966,28.2055722303459,27.781945758571617,1.0247117374206385,0.9862712802644941,0.038440457156144414,0.27145271377526314,26.80203598208149,0.12199974060058594,80.54751230752808,73.67726547941469,6.870246828113395,28.614999771118164,26.649999618530273,27.63249969482422,26.649999618530273,49.99983219742974,28.54384442284782,20.258878921033418,11.265542115319418,-7.708821110821234,26.637499809265137,27.774999618530273,48.0,12.0,36.0,27.8528044642199,29.95919998168945,0.0,0.0,51.673039767412575,0.0,0.020480623970925607,0.08661608055991227,11.930796030124537,39.227796276379436,34.516114940506114,40.64516367202712,-65.48388505949389,1.286205981759462,-1.65260623022945,1.5248265022747078,1.7087114762730102,-0.1838849739983024,4.65831936198551,16.87467526053911,-12.216355898553601,27.833903812045513,-1.0961858761107002,-1.1022382644112039,488.84209080746297
2024-07-09 00:00:00+05:30,28.030000686645508,28.59000015258789,27.799999237060547,27.8700008392334,8380941,0.0,0.0,-807474854.5645322,3369801733,-0.11087573462765653,2980932.4328030027,-0.18852751671043563,-0.1693878332087352,356852075.74057126,28.548921226438484,53.83504587752248,170.55099674921672,28.17249984741211,29.340384901505608,27.00461479331861,8.290957922931925,0.3704928164298211,0.0,0.0,28.447666549682616,29.552666854858398,27.342666244506837,7.768653384951241,0.23861287289086958,0.0,0.0,26.31999969482422,30.0,28.15999984741211,13.062384684026618,0.4211959282256476,1.0804268852421477,4.27399912783901,0.36547750534328216,0.4505202913188357,-0.08504278597555354,28.308333079020183,27.54538448040302,28.153945862482438,27.788468357139156,1.0566037441609946,1.0886792271759966,-0.03207548301500207,0.26217532442419617,26.547024082798096,0.14749984741211009,79.388734848329,76.42963441001861,2.9591004383103865,28.614999771118164,26.649999618530273,27.63249969482422,26.649999618530273,24.99991609871487,28.542724001204736,19.21748936530934,10.686446996374658,-29.779704284180017,26.550000190734863,27.5,44.0,8.0,36.0,27.8528044642199,29.872432019042968,0.0,0.0,50.8650253309769,0.0,0.013652679617974206,0.037603295235569344,10.54478891681173,36.60802333977001,19.838114830053005,32.956795926740845,-80.161885169947,1.054117718864891,-1.2752345336184558,1.3152128452930263,1.6300117500770137,-0.3147989047839874,0.7947760184543536,13.65869541212216,-12.863919393667807,27.834113244573047,-0.35752047399353337,-0.3581611058225853,486.73685977333474
2024-07-10 00:00:00+05:30,27.979999542236328,28.040000915527344,26.889999389648438,27.5,8147779,0.0,0.0,-806978905.6195433,3361653954,-0.12463826410684511,2124415.6469899653,-10.303428547370768,-1.1244589980090403,356743906.20425594,28.47538229579315,51.75971911838096,168.28676962223116,28.186499881744385,29.314405574259325,27.058594189229446,8.003162487339926,0.19567496365158543,0.0,0.0,28.337333297729494,29.407333755493163,27.26733283996582,7.551878269712866,0.10872292546512526,0.0,0.0,26.889999389648438,30.0,28.44499969482422,11.033653072923126,0.19614163686051703,1.0873843493058235,4.4887548501083705,0.2862384760315031,0.4176639282613692,-0.13142545222986612,28.239999771118164,27.612692172710712,28.053338806715907,27.767100330684404,0.9100191659909193,1.1046585310812584,-0.1946393650903392,0.24671515803235647,26.248369920245388,-0.22650079727172923,69.56635623626353,77.41755349550162,-7.851197259238091,28.369999885559082,26.649999618530273,27.509999752044678,26.649999618530273,12.499958049357435,26.928099790897285,17.7843411873886,15.790662486386076,-148.35113673457425,26.5,27.5,40.0,4.0,36.0,27.8528044642199,29.789134774902344,0.0,0.0,47.88158311888322,0.0,0.0,0.011377767862966457,8.508507843245832,31.606687218111126,20.60812182283186,24.987450531130303,-79.39187817716814,0.7627059151144593,-2.8954791795922317,1.0308547620119752,1.5101803524640063,-0.47932559045203105,-2.5650812122701594,10.413940087243697,-12.979021299513857,27.817545111697125,-1.3275953645201843,-1.33648669337596,478.94736842105266
2024-07-11 00:00:00+05:30,27.5,27.899999618530273,27.270000457763672,27.360000610351562,6933287,0.0,0.0,-811931247.4793106,3354720667,-0.13314417902359027,1682262.561954621,1.0903894097317752,-0.8183001604238112,356708609.6243193,28.456710141967523,58.35125541867851,167.43004071193954,28.16949987411499,29.335818518728455,27.003181229501525,8.280719571348854,0.1529682229200291,0.0,0.0,28.27933336893717,29.241333643595375,27.317333094278972,6.803556944626497,0.022176457323648074,0.0,0.0,26.889999389648438,30.0,28.44499969482422,11.040311770708248,0.15112576477918918,1.0416458304519014,4.697722000143507,0.20972659604569088,0.37607646181823357,-0.16634986577254268,28.18999989827474,27.722692196185772,27.946671391890625,27.736944795844934,0.9597141728632771,1.0584795024485074,-0.09876532958523032,0.226339787225342,25.904509448196823,0.47049951553344727,62.46904925090884,77.09161245879932,-14.62256320789048,28.369999885559082,26.649999618530273,27.509999752044678,26.649999618530273,6.2499790246787175,25.42880588132608,17.03486245195091,15.12520259516377,-134.49660282808222,26.09999990463257,27.225000381469727,36.0,0.0,36.0,27.8528044642199,29.61518665178711,0.0,0.0,46.76390373702702,0.0,0.0,0.004550893205991254,6.491713765200519,30.936335613424422,15.878414297892961,18.77488365025925,-84.12158570210704,0.5594117389005753,-2.1459173596836694,0.7561272432467345,1.359369730620552,-0.6032424873738176,-6.14064151085805,7.103023767623348,-13.243665278481398,27.8089193973384,-0.5090886896306768,-0.5103889610005297,476.0000128495066
2024-07-12 00:00:00+05:30,27.489999771118164,27.579999923706055,26.90999984741211,27.049999237060547,8180324,0.0,0.0,-816692943.9070235,3346540343,-0.1446448380629309,1079666.2425374675,-2.784732342800111,-1.0906846252480211,356615922.7961982,28.40396064222909,52.473671050298655,167.43004071193954,28.135999870300292,29.387421607445255,26.88457813315533,8.895519924038203,0.06609326775904287,0.0,0.0,28.176333300272624,29.086333529154462,27.26633307139079,6.459323285141799,-0.11886471424082123,0.0,1.0,26.889999389648438,30.0,28.44499969482422,11.053456869092493,0.05144688617730611,1.0044812550361057,5.027395113579141,0.12266188997039151,0.32539354744866517,-0.20273165747827365,28.057499885559082,27.82653830601619,27.808721829609077,27.686059939638685,0.9408162801907608,1.10612239337177,-0.1653061131810093,0.2009337974454756,25.586094887830363,-0.3360006332397454,55.403371168330025,74.93482819934094,-19.531457031010916,28.369999885559082,27.25,27.80999994277954,26.649999618530273,3.1249895123393587,23.752991244572474,16.250515452710157,16.902773581690866,-174.25880092956297,25.47499942779541,26.625,32.0,0.0,32.0,27.8528044642199,29.451675416058787,0.0,0.0,44.29811350022396,0.0,0.0,0.0,4.065749944425813,31.68940755919448,5.405398439196516,13.963978186640423,-94.59460156080348,0.34423542583689937,-5.551676628745236,0.4430456707737385,1.1761049186511894,-0.7330592478774509,-8.227943179542367,4.0368303781902055,-12.264773557732571,27.77816756846169,-1.1330459297348439,-1.1395137974815839,469.47366814864307
2024-07-15 00:00:00+05:30,27.139999389648438,27.489999771118164,26.5,27.239999771118164,9518205,0.0,0.0,-811981914.2608368,3356058548,-0.11526608153296453,1183780.2126420983,-2.6002795987220386,-1.268945584204176,356682779.1394247,28.34245708658536,53.14667757419434,167.43004071193954,28.120999813079834,29.407342163335485,26.834657462824183,9.14862457811574,0.15755615455458752,0.0,0.0,27.988999938964845,28.816000175476074,27.161999702453613,5.909466135372154,0.047158431896948794,0.0,0.0,26.5,30.0,28.25,12.44621465546917,0.21142850603376115,1.0030331066443117,5.193419059868534,0.06820768262857868,0.2739563744846479,-0.2057486918560692,28.010833263397217,27.891538326556866,27.72122612830278,27.653018445674203,0.9068322948662849,1.1076603919870316,-0.20082809712074667,0.1742596721813257,25.40628176228991,-0.20099973678588867,44.989508844483915,70.90415029369562,-25.914641449211707,27.84500026702881,27.824999809265137,27.835000038146973,26.649999618530273,1.5624947561696794,22.784022939816655,15.141152955228607,18.57607347409829,-172.06849320740565,25.362499713897705,26.625,28.000000000000004,0.0,28.000000000000004,27.8528044642199,29.297974854474166,0.0,0.0,46.1715256355603,0.10334836266171063,0.03444945422057017,0.011483151406856575,2.4860757892667498,39.28787961212704,22.089542891141647,14.457785209410352,-77.91045710885835,0.08126477073220428,-2.0143866234206227,0.2466554700441698,0.9902150289297855,-0.7435595588856158,-8.923777507007769,1.444708801150611,-10.36848630815838,27.61235626149116,0.7024049516323183,0.6999495791189858,473.47367939196135
2024-07-16 00:00:00+05:30,27.3799991607666,27.600000381469727,26.799999237060547,26.989999771118164,7386760,0.0,0.0,-815859958.4177065,3348671788,-0.10250109957820368,750855.8965503701,2.2201909033004763,-1.1625450974837943,356614985.820206,28.26127230135298,49.38726208851598,165.89342138265582,28.101499843597413,29.44283182057392,26.760167866620904,9.54633727339728,0.0856730132592989,0.0,0.0,27.79766661326091,28.567666880289714,27.0276663462321,5.540035268006833,-0.024458806526962997,0.0,1.0,26.5,30.0,28.25,12.454851233847693,0.13999993460518972,0.9827299104207985,5.563732936192592,0.004823814396349491,0.2201298624669882,-0.21530604807063872,27.9333332379659,27.929615240830643,27.608729765658993,27.603905951262643,0.9274837087032883,1.1232776122161003,-0.195793903512812,0.1457842007137023,25.220910475703928,1.2485005378723137,36.771304705761956,65.98898306675235,-29.217678360990398,27.645000457763672,28.100000381469727,27.8725004196167,26.649999618530273,0.7812473780848397,21.698097809768807,15.063144728855852,17.53438677526992,-147.86738082284685,25.28749942779541,26.625,24.0,0.0,24.0,27.8528044642199,29.074136866116234,0.0,0.0,44.071192899364,0.0,0.03444945422057017,0.0229663028137133,0.5543771573359303,35.85284781472626,14.626857173765135,14.040599501367742,-85.37314282623487,-0.15155875262092167,-3.3309466426736054,0.01747511531471814,0.7956670462067721,-0.778191930892054,-10.97835408018542,-1.0399037751165954,-9.938450305068825,27.430573858566774,-0.9177679959640361,-0.9220054329226901,468.21052149722453
2024-07-18 00:00:00+05:30,26.200000762939453,26.450000762939453,25.600000381469727,25.889999389648438,15721454,0.0,0.0,-820853873.544738,3332950334,-0.27501211906115214,-1826924.2882795054,-6.352782635296344,-1.3467121742919228,355974244.599609,28.066787421411426,49.30972690312182,165.89342138265582,27.91999979019165,29.417704850609034,26.422294729774265,10.728546358682506,-0.17770365948335845,0.0,1.0,27.520333290100098,28.307333564758302,26.733333015441893,5.719409473440589,-0.5357899183451471,0.0,1.0,25.600000381469727,29.850000381469727,27.725000381469727,15.222063151637391,0.06823506074793198,1.0234568583435624,6.2013694540853725,-0.1326402018503785,0.1495758496035149,-0.2822160514538934,27.644999821980793,27.903076758751503,27.344309707811213,27.47694990966159,0.8797327050459484,1.1559019965701716,-0.2761692915242232,0.10924155197063812,24.998518647377892,0.8799994468688972,22.825484563931585,59.37092878964784,-36.54544422571625,27.119999885559082,27.800000190734863,27.460000038146973,26.649999618530273,0.39062368904241984,22.125270213425086,13.63269201310889,24.067560812160817,-234.27896128825492,25.38749933242798,26.625,20.0,100.0,-80.0,27.8528044642199,28.868205916826934,0.0,0.0,36.25612475324234,0.0,0.03444945422057017,0.03444945422057017,-3.703296784551761,34.70480318369136,6.823506074793198,14.513302046566636,-93.1764939252068,-0.4336763494154994,-11.78875961448293,-0.48273262602461875,0.539987111760494,-1.0227197377851127,-6.439530595686543,-2.119829139230585,-4.319701456455958,26.921381122924306,-4.07558499739904,-4.16096483610211,445.0526187294407
2024-07-19 00:00:00+05:30,26.0,26.200000762939453,25.049999237060547,25.190000534057617,11598372,0.0,0.0,-829628271.686419,3321351962,-0.24805137990379056,-2725770.4080562354,-3.966084795242935,-1.7051734248573602,355660654.5139344,27.878728029578532,42.13536476927585,161.40809083589903,27.757499790191652,29.6480009092006,25.866998671182703,13.621551892631004,-0.17905256186253574,0.0,1.0,27.22899996439616,28.06800028483073,26.38999964396159,6.162549645830711,-0.7151362643594823,0.0,1.0,25.049999237060547,29.850000381469727,27.449999809265137,17.292627868830248,0.02916692992045166,1.0361113250970968,7.120976831619555,-0.29466872497571117,0.060726934687669674,-0.3553956596633808,27.34416659673055,27.8249998826247,27.012877527233737,27.30754625220945,0.8101264132909352,1.1645569853959346,-0.3544305721049994,0.06371934071093885,24.8408884270707,0.802499675750731,10.64495332630151,51.40069725020426,-40.75574392390275,26.844999313354492,27.524999618530273,27.184999465942383,26.649999618530273,0.19531184452120992,23.02266419000995,12.569200559496366,25.92097522404525,-220.06994629916042,25.50999927520752,26.625,16.0,100.0,-84.0,27.8528044642199,28.541385363291212,0.0,0.0,32.327510383250825,0.0,0.0,0.022966302813713303,-8.709099505395088,34.078256631718276,2.916692992045166,8.122352080201143,-97.08330700795483,-0.8168528500725252,-12.534718050816801,-1.0790743417741884,0.21617482105355754,-1.2952491628277458,-5.7648529684895315,-2.8488339050823743,-2.916019063407157,26.329761087076268,-2.703742263781972,-2.7409658622952193,430.31580071700245
2024-07-22 00:00:00+05:30,25.190000534057617,25.850000381469727,24.850000381469727,25.670000076293945,6718669,0.0,0.0,-825328327.6271691,3328070631,-0.22399772788979264,-1875666.3434142866,-4.093066923378327,-2.134957165725793,355788679.8404951,27.474320284167757,23.886616726277424,164.4837481630881,27.62949981689453,29.711647341995956,25.547352291793104,15.071916168589208,0.029452232135873113,0.0,0.0,26.951000022888184,27.83900032043457,26.062999725341797,6.589739132442222,-0.2212835120290723,0.0,1.0,24.850000381469727,29.850000381469727,27.350000381469727,18.09659976885526,0.16399993896484374,1.0325001925873871,7.68904271420505,-0.37996553915504094,-0.027411560080872456,-0.35255397907416847,27.103333314259846,27.746922933138332,26.806280996319924,27.186246535474965,0.77557487407117,1.2593179468889053,-0.4837430728177353,0.017436373732407615,24.73219107619586,0.6004997253417983,0.6693165942599472,42.52534217095224,-41.856025576692296,26.72000026702881,27.425000190734863,27.072500228881836,26.649999618530273,0.09765592226060496,24.026565158881674,11.713493548415924,25.517869400762244,-177.84751203369484,25.875,26.625,12.0,100.0,-88.0,27.8528044642199,28.122419028143533,0.0,0.0,37.341315697110986,0.1942972793823569,0.06476575979411893,0.03307173800489622,-11.389137619668366,35.5547239210193,16.399993896484375,8.71339765444089,-83.60000610351562,-1.1892350926118738,-10.119045671183374,-1.3976388342510948,-0.10658791000737292,-1.2910509242437218,-8.6789671030616,-4.0148605446782195,-4.664106558383381,26.188699479631083,1.905516205080482,1.887588628946002,440.42105423776724
2024-07-23 00:00:00+05:30,25.8700008392334,25.920000076293945,24.610000610351562,25.3700008392334,8903777,0.0,0.0,-823900997.2735567,3319166854,-0.2111730877393221,-1989303.4810632807,-1.2505929177877697,-2.450004271413992,355684623.4984999,27.10863187683508,11.087342213027952,164.4837481630881,27.48199987411499,29.756647647624614,25.207352100605366,16.553728141539594,0.03575251089909992,0.0,0.0,26.667666753133137,27.60166714986165,25.73366635640462,7.0047402749907395,-0.19468167168077047,0.0,1.0,24.610000610351562,29.850000381469727,27.230000495910645,19.067024944038607,0.1450382179539026,1.0602501199228866,8.222388156675835,-0.4663949989282372,-0.11520824785034542,-0.35118675107789177,26.8650000890096,27.656538376441368,26.585314818306614,27.05170981723485,0.7043824629746486,1.2701195595743102,-0.5657370965996616,-0.029559001926654078,24.774046903219677,0.7980008125305176,-11.63400668601392,32.411704222691924,-44.04571090870584,26.325000762939453,27.30500030517578,26.815000534057617,26.649999618530273,0.04882796113030248,25.16158719081196,10.687058607898422,24.887184109767084,-158.8168499772952,25.875,26.625,8.0,100.0,-92.0,27.8528044642199,27.6642804176092,0.0,0.0,35.56763938980811,0.13508991291000896,0.10979573076412193,0.058187163519413464,-14.150067952469508,39.858938491277726,16.59389173672425,11.970192875084573,-83.40610826327575,-1.5077350167667163,-10.131061811474495,-1.7240869508037284,-0.43008771816664404,-1.2939992326370844,-9.37385976695666,-5.0866603891339075,-4.287199377822752,26.014048275738226,-1.1686764167079033,-1.1755591164208656,434.1052808259663
2024-07-24 00:00:00+05:30,25.399999618530273,27.270000457763672,25.350000381469727,27.06999969482422,31327734,0.0,0.0,-799099899.1612576,3350494588,-0.0665180671047763,5903041.580267707,6.4045494838903885,-1.8463013629700016,357783839.50900525,26.881540769964083,30.137244140010225,164.4837481630881,27.437499904632567,29.707820076970197,25.167179732294937,16.549030926497117,0.4190642328148033,0.0,0.0,26.515333429972333,27.562333742777508,25.468333117167155,7.897319606184327,0.7648835239436544,0.0,0.0,24.610000610351562,29.850000381469727,27.230000495910645,19.097949118292075,0.4694654946421337,1.1462251155599925,8.25590009248202,-0.39318290059596706,-0.17080317839946976,-0.2223797221964973,26.764166673024494,27.638461406414326,26.659881722386245,27.053064622982212,0.7824509577059704,1.1000725732866403,-0.3176216155806699,-0.06293647306442797,24.943966608281436,0.5324994087219252,-17.41111467002679,22.747540788659663,-40.158655458686454,26.255000114440918,27.30500030517578,26.78000020980835,26.649999618530273,0.45738125694261655,24.069964937452003,17.931922328086383,21.86323658982891,-63.168267283358865,25.875,26.625,4.0,96.0,-92.0,24.610000610351562,27.6642804176092,1.0,0.0,50.04726111751259,0.8120249747997916,0.38047072236405244,0.18501073764076428,-11.716288276440906,49.85193770042015,58.85164844190618,30.615178025038244,-41.14835155809382,-1.717646660524256,-4.278645553190104,-1.453376562232247,-0.6347454869797646,-0.8186310752524824,5.2850004138009545,-3.0123282285469353,8.297328642347889,26.038274951982654,6.700823016772861,6.485868566168529,469.894730417352
2024-07-25 00:00:00+05:30,26.639999389648438,27.399999618530273,26.25,26.3700008392334,17799512,0.0,0.0,-813184703.1847893,3332695076,-0.1302619718016461,3279801.6359330243,3.327333365313762,-1.4252313819593887,357323564.7335882,26.771163511301765,39.743057996723266,160.23038884371343,27.323999977111818,29.56933616560726,25.078663788616375,16.434901115329147,0.28755984454210487,0.0,0.0,26.43500010172526,27.48200022379557,25.387999979654946,7.921317329610905,0.46895928609667603,0.0,0.0,24.610000610351562,29.850000381469727,27.230000495910645,19.177279225250675,0.33587792094621965,1.1466025658570207,8.369831919298077,-0.3871826422278346,-0.21407907116514274,-0.17310357106269186,26.630833466847736,27.599615317124588,26.615284663439652,27.002467305667487,0.8777077750240517,1.0593991759081764,-0.18169140088412472,-0.09063858739604813,24.765708564127944,0.5460008621215806,-23.01933065433079,13.248831910299703,-36.268162564630494,26.105000495910645,27.30500030517578,26.705000400543213,26.649999618530273,0.3107849039965173,22.885386771898148,17.450231012819845,20.274235789621546,-49.3199280519808,25.875,26.625,0.0,92.0,-92.0,24.610000610351562,27.6642804176092,0.0,0.0,45.51190330658197,0.6041877502609552,0.5171008793235852,0.33578911081725304,-11.308224429754897,44.69279687900344,43.67247548369998,39.70600522077678,-56.32752451630002,-1.6429409475887518,-5.720409415087694,-1.4338787557630694,-0.7945721407364256,-0.6393066150266439,7.297847507458672,-0.9502930813458139,8.248140588804485,26.04907459982582,-2.5858842389446357,-2.619906016212692,455.15791240491365
2024-07-26 00:00:00+05:30,26.860000610351562,27.3700008392334,26.56999969482422,26.770000457763672,10309903,0.0,0.0,-818339642.3944447,3343004979,-0.12411205032485252,3400395.2975260383,1.125136988687405,-1.2408490656015627,357479952.9450345,26.69665002217254,46.01672494930128,162.66088153899943,27.272500038146973,29.519051541875957,25.02594853441799,16.4748482947046,0.3881620164173364,0.0,0.0,26.374333445231123,27.438333765665686,25.31033312479655,8.068452783036722,0.6859336904950144,0.0,0.0,24.610000610351562,29.850000381469727,27.230000495910645,19.213492579663757,0.4122137293435772,1.1319423092713188,8.3730835658259,-0.3461604458204377,-0.24049534609620174,-0.10566509972423596,26.539166768391926,27.493846086355354,26.639087093335654,26.98524753915609,0.9033783652296558,1.0243243636834147,-0.12094599845375897,-0.1103573268929235,24.585830143738484,0.22749996185302734,-26.465541845575814,4.152286019865721,-30.617827865441534,26.105000495910645,27.230000495910645,26.667500495910645,26.649999618530273,0.15539245199825866,21.785421332455286,16.338238459517477,18.982287321696226,-29.64127804756564,26.949999809265137,26.649999618530273,32.0,88.0,-56.0,24.72160057067871,27.6642804176092,0.0,0.0,48.39004173983347,0.830296811093373,0.7488365120513732,0.5488027045796701,-10.00124511163008,45.24512508149345,53.59802733709439,52.040717087566826,-46.40197266290561,-1.4311467956094184,-3.9468975541659277,-1.282776618291726,-0.8922130362474857,-0.39056358204424024,4.473487953762455,0.13446312567583996,4.3390248280866155,26.059888036374325,1.5168737421318301,1.5054842441632577,463.57895700555105
2024-07-29 00:00:00+05:30,26.969999313354492,27.899999618530273,26.799999237060547,26.899999618530273,14205439,0.0,0.0,-829962265.346605,3357210418,-0.13037582164123454,3178438.133353912,2.9425294199034444,-1.0306689790343913,357548936.6998624,26.654026946312417,53.66060263113427,162.66088153899943,27.22150001525879,29.4532010934078,24.989798937109782,16.396606189211074,0.4279696551038161,0.0,0.0,26.3763334274292,27.483333778381347,25.26933307647705,8.393891091784273,0.7365248532444734,0.0,0.0,24.610000610351562,29.850000381469727,27.230000495910645,19.24948944099673,0.4370227305735259,1.131747994420847,8.306895887877065,-0.2997053965418601,-0.25233735618533343,-0.0473680403565267,26.489166736602783,27.434615281911995,26.679227481827134,26.978932878368994,0.9297081402796568,0.9980108177515954,-0.06830267747193863,-0.12275216929581799,24.51445837453618,0.13850059509277202,-29.30027172193728,-4.102134043069968,-25.19813767886731,26.255000114440918,27.230000495910645,26.74250030517578,26.649999618530273,1.6848124799282473,20.411402630012496,18.53783210373548,17.616207957510852,-5.594479444616145,27.237499713897705,26.649999618530273,28.000000000000004,84.0,-56.0,24.82873653259277,27.6642804176092,0.0,0.0,49.32685611361828,0.9170239796598355,0.7838361803380546,0.6832578572376709,-8.675370443081526,44.711711156674355,57.537670139830716,51.602724320208345,-42.462329860169284,-1.0708528518676772,-2.181819568980824,-1.1108867718862079,-0.9359477833752302,-0.17493898851097767,4.466961542476613,1.0009628090359945,3.465998733440619,26.065224014488678,0.4856150860800712,0.48443977946259764,466.3157814427426
2024-07-30 00:00:00+05:30,26.889999389648438,27.600000381469727,26.549999237060547,27.190000534057617,12967633,0.0,0.0,-827121721.4066609,3370178051,-0.2367836917038818,3261607.748906581,-2.2266971479596545,-1.1762525241236212,357688736.90415806,26.61837532387771,52.28034076288757,164.41448024664774,27.113500022888182,29.120470224578884,25.10652982119748,14.80421339920331,0.5190587062789945,0.0,0.0,26.380000114440918,27.49300060272217,25.266999626159667,8.43821443103007,0.8638814304868547,0.0,0.0,24.610000610351562,29.850000381469727,27.230000495910645,19.326165071623937,0.49236641916026425,1.1235733094196803,8.202379087208309,-0.23675956813005783,-0.2492217985742783,0.012462230444220485,26.47500006357829,27.394615320058968,26.757807951401055,26.994567519531113,0.9139504877726411,1.014341792601602,-0.10039130482896097,-0.12740271903821113,24.445880115736813,-0.0635007858276353,-32.25415123815758,-11.771629147949916,-20.482522090207667,26.255000114440918,27.230000495910645,26.74250030517578,26.649999618530273,23.012912027895222,19.103026081858964,17.292509834243543,18.032256705437366,-5.805138987769805,27.375,26.649999618530273,24.0,80.0,-56.0,25.01301231774902,27.6642804176092,0.0,0.0,51.44426192870368,1.0,0.9157735969177362,0.8161487631023879,-6.93326570390019,48.71098221464384,75.21864997542134,62.11811581744879,-24.78135002457866,-0.7184117765987601,-0.6213452942308282,-0.8770637572124743,-0.9241709781426791,0.04710722093020481,3.6851804818097236,1.5378063435907405,2.147374138218983,26.070655794942155,1.0780703332336605,1.0723005859309076,472.42106387489724
2024-07-31 00:00:00+05:30,27.25,27.549999237060547,26.899999618530273,26.93000030517578,8141211,0.0,0.0,-834511418.3652275,3362036840,-0.23738530654461065,2493275.6814377382,1.197606778946821,-0.3547500008152221,357610887.8169275,26.60155235612409,57.207188231769344,162.8422918812201,27.020000076293947,28.872252472653912,25.16774767993398,13.7102323547737,0.4757053165931834,0.0,0.0,26.379666773478192,27.477667109171552,25.28166643778483,8.324595948249646,0.7506071782528501,0.0,0.0,24.610000610351562,29.190000534057617,26.90000057220459,16.95040677562517,0.506550160146491,1.0762159403307394,8.03850357336746,-0.20548568016118907,-0.24047457489166046,0.0349888947304714,26.46500015258789,27.34115380507249,26.784299082751012,26.9897847629122,0.9959569093446458,0.9811324149783932,0.01482449436625255,-0.12825889941262342,24.341839122842735,0.21999969482421733,-35.39592400166671,-18.240674544127504,-17.155249457539202,26.255000114440918,27.230000495910645,26.74250030517578,26.649999618530273,61.50645601394761,17.888105001430684,16.551264452571697,17.259301990815317,3.481739148812275,27.40499973297119,26.649999618530273,20.0,76.0,-56.0,25.186231555795896,27.6642804176092,0.0,0.0,49.44925217001024,0.8956407549708424,0.9375549115435593,0.87905489626645,-6.0910287867272475,43.90640642237329,70.516729307725,67.75768314099234,-29.483270692275003,-0.541441384483786,-0.44361898435974073,-0.7613461239733766,-0.8916060073088187,0.13025988333544203,0.0948944117524671,1.249223957223086,-1.154329545470619,26.074924282696472,-0.9562347325303144,-0.960836013037758,466.9473748458059
2024-08-01 00:00:00+05:30,26.93000030517578,27.139999389648438,26.350000381469727,26.549999237060547,7102379,0.0,0.0,-838017672.1618629,3354934461,-0.2165296204153628,1751534.6403524603,-5.33904431589661,-0.8139952669315352,357510668.3005675,26.56775602396354,52.99695004806139,160.54447368040474,26.919500064849853,28.640051855518387,25.19894827418132,12.78294014765263,0.39262141663119204,0.0,0.0,26.449666722615557,27.54166692097982,25.357666524251304,8.257194389754284,0.5459397876462273,0.0,0.0,24.610000610351562,28.790000915527344,26.700000762939453,15.527778358090009,0.46411447011303547,1.0475942471155366,7.860798911254425,-0.20895510464877276,-0.23417068084308296,0.025215576194310196,26.407500108083088,27.286923041710487,26.748252952644787,26.95720805729356,0.9340000152587891,0.9993335723876953,-0.0653335571289062,-0.12899556280938554,24.200483516549422,0.07049970626831126,-35.78401845337938,-23.39944918631427,-12.38456926706511,26.255000114440918,27.230000495910645,26.74250030517578,26.649999618530273,80.75322800697381,17.484209189257925,15.671986572620733,20.040951586865464,-29.71265469439899,27.549999713897705,26.649999618530273,16.0,72.0,-56.0,25.34905763955996,27.6642804176092,0.0,0.0,46.60457858923324,0.7468354742193835,0.8808254097300753,0.9113846393971233,-6.220167233056814,41.57151291790471,58.966541384550005,68.23397355589876,-41.033458615449995,-0.5256766375373374,-2.5330416294247042,-0.7751362982571102,-0.8683120654984771,0.09317576724136689,-3.569716351764717,0.2854358954255255,-3.8551522471902424,26.0840951860587,-1.411069676230936,-1.4211199203695735,458.94735235916943
2024-08-02 00:00:00+05:30,26.290000915527344,26.549999237060547,25.940000534057617,26.190000534057617,6125501,0.0,0.0,-839122260.027257,3348808960,-0.1918748712442388,1186290.7752673735,-4.979173972895683,-0.9707410976526477,357427610.9567404,26.5254641815528,53.731362598805646,158.36760724123144,26.817500114440918,28.455069850934052,25.179930377947784,12.212694915670545,0.30840523417124965,0.0,0.0,26.52433338165283,27.56233329772949,25.486333465576173,7.826774766710291,0.3389533359217903,0.0,0.0,24.610000610351562,28.639999389648438,26.625,15.027496083151936,0.3920596531748135,1.003834692704276,7.646372805852641,-0.238009905217357,-0.23493852571793777,-0.0030713794994192134,26.34083350499471,27.192692316495457,26.662367965169835,26.900377870387192,0.9303882795330749,1.0174032173680578,-0.08701493783498293,-0.13195109577483302,23.98568718911174,-0.9275007247924805,-35.0024830275796,-27.362982477629775,-7.639500549949826,26.255000114440918,27.230000495910645,26.74250030517578,26.649999618530273,64.44229173100076,17.590364567585386,15.008957536781653,22.036652124686533,-65.1302626658436,27.549999713897705,26.649999618530273,12.0,68.0,-56.0,25.502114158298177,27.6642804176092,0.0,0.0,44.02093402724995,0.6116846586720714,0.7513869626207658,0.8565890946314666,-7.088879924877106,33.60587849161443,48.02432826813272,59.169199653469214,-51.97567173186728,-0.6250884729273203,-2.9640579616329648,-0.8847827579380065,-0.871606203986383,-0.013176553951623537,-7.307072191932383,-1.2330657220460561,-6.074006469886326,26.087717693780103,-1.3559273572423147,-1.3652040040716518,451.3684322959499
2024-08-05 00:00:00+05:30,25.59000015258789,25.75,24.799999237060547,24.90999984741211,11892818,0.0,0.0,-848260938.6837217,3336916142,-0.24125648539229022,-1157867.2220779732,-7.748382206209171,-1.3384627124731572,356846365.6380794,26.398761386909598,53.23600286393562,158.36760724123144,26.649000072479247,28.342515780796447,24.955484364162047,12.709788012392368,-0.013429021215024293,0.0,1.0,26.493999989827472,27.526999982198078,25.460999997456867,7.797991943588977,-0.2666990097358476,0.0,1.0,24.610000610351562,28.639999389648438,26.625,15.122514046816733,0.07444152057854682,1.0424513531335555,7.73291049898214,-0.36016959114773783,-0.2599847388038978,-0.10018485234384006,26.259166876475017,27.08153849381667,26.392772870130187,26.752942461277925,0.8807040478811645,1.0345503643234795,-0.15384631644231495,-0.14519558479521907,23.84985693696085,-1.4589995384216294,-39.7922308974718,-30.49167405668065,-9.300556840791153,26.34999942779541,27.230000495910645,26.789999961853027,26.649999618530273,43.31966245677117,18.770617021436685,13.597291747214623,27.67785285730482,-149.67613464762653,27.549999713897705,26.649999618530273,8.0,64.0,-56.0,25.502114158298177,27.899999618530273,0.0,1.0,36.31267392229061,0.2084644731383612,0.5223282020099387,0.7181801914535931,-10.436951459695438,31.416018103721914,9.118520592704419,38.70313008179569,-90.88147940729559,-0.9675884302924658,-3.7852435895698013,-1.3462802892393817,-0.9665410210369829,-0.3797392682023988,-6.167018674555201,-2.2198563125478854,-3.9471623620073153,26.063493314480635,-4.887364110516101,-5.01083557627604,424.4210494192023
2024-08-06 00:00:00+05:30,25.020000457763672,26.399999618530273,24.959999084472656,25.06999969482422,19976921,0.0,0.0,-865185814.2837759,3356893063,-0.2792730356692259,-535842.7172434395,2.919367963520044,-1.288521493886045,356974679.7421076,26.268437330529586,56.24095026630833,158.36760724123144,26.504000091552733,28.216756967495936,24.79124321560953,12.924516073248032,0.0813765465285841,0.0,0.0,26.511666552225744,27.557666651407878,25.46566645304362,7.8908664389060315,-0.18913323169317842,0.0,1.0,24.610000610351562,28.59000015258789,26.600000381469727,15.016599488711972,0.11557767270852164,1.0872061949320164,7.715049291311639,-0.4390107294347061,-0.29578993693005945,-0.14322079250464664,26.2491668065389,26.971923094529373,26.1892693046985,26.628280034133205,0.87398635656642,0.9962572890945817,-0.12227093252816168,-0.16339682133795708,23.775047541967055,-0.8340000152587876,-42.72741226459084,-33.30459601163221,-9.422816252958626,26.34999942779541,27.230000495910645,26.789999961853027,26.649999618530273,26.274767251534833,18.880419590740264,16.538197016913095,24.967014318873563,-104.79245170909508,27.549999713897705,26.649999618530273,4.0,60.0,-56.0,25.502114158298177,27.83799961090088,0.0,0.0,37.77932193031378,0.28518503962875064,0.3684447238130611,0.547386629481255,-12.654876239741775,27.597740578204263,13.98173930536545,23.708196055400837,-86.01826069463455,-1.1823238036211805,-0.47638283719428187,-1.6486634843555965,-1.1029655137007057,-0.5456979706548908,0.21664817849787782,-1.7325554143387327,1.9492035928366105,26.054254616903673,0.6423117157454916,0.6402576848733688,427.7894672594573
2024-08-07 00:00:00+05:30,25.8799991607666,26.440000534057617,25.559999465942383,26.290000915527344,18653727,0.0,0.0,-852891288.5064759,3375546790,-0.1879730550879576,2791787.629600315,1.5096227819581505,-0.7269211069392956,357882440.81062335,26.275601170106768,65.31331939976829,166.07437535076693,26.42500009536743,28.020161416186333,24.829838774548527,12.073122535946942,0.45768478771451704,0.0,0.0,26.464999898274737,27.407000096639003,25.522999699910482,7.118837725184875,0.4071130860421918,0.0,0.0,24.610000610351562,28.040000915527344,26.325000762939453,12.980133558361254,0.48979596376149137,1.1154856593621545,7.097732549390838,-0.39845584604864115,-0.31632311875377583,-0.08213272729486532,26.30083354314168,26.854230807377743,26.204766475595243,26.603222321643884,0.9456591497752342,0.9250470374086935,0.020612112366540702,-0.17511232507130672,23.70594804804818,-1.0549992561340318,-45.668537832305546,-35.82117458696274,-9.847363245342805,26.34999942779541,27.230000495910645,26.789999961853027,26.649999618530273,15.865826351040702,18.92414867411577,15.334220632883058,22.759732791206112,-38.856495997838216,27.549999713897705,26.649999618530273,0.0,56.00000000000001,-56.00000000000001,25.502114158298177,27.777239603424075,0.0,0.0,47.674270730269086,0.802791222689122,0.4321469118187446,0.44097327921391466,-11.357109763364647,37.79209158424877,51.06385445708087,24.72137145171689,-48.93614554291913,-1.355264871260701,2.415274006196691,-1.497772868380929,-1.1819269846367504,-0.31584588374417866,3.990275005605759,-0.5879893303498345,4.578264335955593,26.05993211800894,4.866379080790328,4.751677356870099,453.4737034847862
2024-08-08 00:00:00+05:30,26.360000610351562,26.899999618530273,26.010000228881836,26.06999969482422,11243144,0.0,0.0,-862618515.4320164,3364303646,-0.22737258071149052,2039602.9104372677,3.60174746839918,-0.1863616595362873,357788355.40482634,26.328478645326747,71.37193716900975,164.6846239611769,26.353500080108642,27.876054095109044,24.83094606510824,11.554852375374692,0.40689972818982445,0.0,0.0,26.430333201090498,27.34633337656657,25.51433302561442,6.931431159091717,0.3033114425556748,0.0,0.0,24.610000610351562,27.899999618530273,26.255000114440918,12.484106468506509,0.44376885246566916,1.0929370323907828,6.102465701921017,-0.3796912245794779,-0.32899673991891626,-0.050694484660561645,26.359166781107586,26.749230824984036,26.184033124707394,26.563724349286872,1.008254279273415,0.8787303959353487,0.1295238833380663,-0.18322574966831173,23.72547846488579,0.7164996147155769,-46.78678896919766,-38.07909093403183,-8.707698035165826,26.34999942779541,26.90000057220459,26.625,26.649999618530273,8.362812265670849,18.30395053894441,17.451600775521936,21.434023270259793,-11.046284793140162,27.63249969482422,26.649999618530273,0.0,52.0,-52.0,25.502114158298177,27.717694796096804,0.0,0.0,46.24602565202168,0.672585509673293,0.5868539239970553,0.4624818532096202,-10.780988932346625,33.6943489462334,44.376885246566914,36.47415966967106,-55.623114753433086,-1.3387060445897703,2.7591597652149393,-1.4293599029522797,-1.2314135682998564,-0.19794633465242328,2.3582867658966005,0.0012658888994525053,2.357020876997148,26.060038824151228,-0.8368246977625171,-0.8403457326559671,448.84209883840464
2024-08-09 00:00:00+05:30,26.25,26.43000030517578,25.719999313354492,25.81999969482422,5900043,0.0,0.0,-866856570.4700719,3358403603,-0.22540537699102126,1537515.2446605153,-4.5728557935129475,-0.22063229311733162,357731776.5491583,26.349396443862165,71.63161806934548,163.10536978119055,26.276500034332276,27.742368571800586,24.810631496863966,11.157258657378568,0.3442901502284525,0.0,0.0,26.33899981180827,27.245999972025555,25.43199965159098,6.887126821047026,0.21389193753851468,0.0,0.0,24.610000610351562,27.899999618530273,26.255000114440918,12.520689604323534,0.3677809876126655,1.0546434283338333,5.533239462575226,-0.380605652493049,-0.33931852243374283,-0.041287130059306176,26.255000114440918,26.64384621840257,26.128027981648444,26.508633634141493,1.0025875048670703,0.8842175157288417,0.1183699891382286,-0.19003319130883536,23.780456553056236,0.09350080490112234,-48.7877491488527,-40.244366203689104,-8.543382945163593,26.199999809265137,26.700000762939453,26.450000286102295,26.649999618530273,4.181406132835424,18.048226392431836,16.61990648134644,22.35910270328099,-40.20470398517359,27.63249969482422,26.649999618530273,0.0,48.0,-48.0,25.502114158298177,27.65934088491608,0.0,0.0,44.610507229084476,0.5695712559218793,0.681649329428098,0.5668833884146325,-10.814779128417069,32.509138059622465,36.77809876126655,44.07294615497142,-63.22190123873345,-1.3059413685518173,-4.6176579759585294,-1.4357799717102442,-1.272286848981934,-0.1634931227283103,-2.402208380468363,-0.4794289649741106,-1.9227794154942524,26.05135151675435,-0.9589566663847471,-0.963584264025652,443.5789409436677
2024-08-12 00:00:00+05:30,25.770000457763672,26.229999542236328,24.940000534057617,25.600000381469727,16326164,0.0,0.0,-866476883.2554448,3342077439,-0.1976970244155938,804763.7997500377,-3.8716946537485906,-0.40785384568596167,357592669.465031,26.333485587342523,68.9036688061133,163.10536978119055,26.204000091552736,27.653005183009533,24.75499500009594,11.05941906880016,0.2915812326526191,0.0,0.0,26.177999877929686,27.103999900817872,25.251999855041504,7.074643037712609,0.18790524720658905,0.0,0.0,24.610000610351562,27.899999618530273,26.255000114440918,12.55533123448314,0.3009118752489265,1.078178986318321,4.914072241806474,-0.3945345010405852,-0.3503617181551113,-0.04417278288547388,26.190833409627277,26.54269240452693,26.046792966236332,26.441327467276917,0.9676168244964859,0.9015546128069578,0.06606221168952808,-0.1969117066253802,23.97304038931728,0.5660003662109361,-51.14739304491969,-42.343615293329336,-8.803777751590353,26.174999237060547,26.625,26.399999618530273,26.649999618530273,2.090703066417712,18.580509005950482,15.202308463509654,25.609358120245673,-76.0771202442252,27.63249969482422,26.649999618530273,4.0,44.0,-40.0,25.502114158298177,27.60215405195897,0.0,0.0,43.163844979006655,0.45277277268006383,0.564976512758412,0.6111599220611882,-11.271620680533584,34.85004859580147,25.80648535371776,35.65382312051705,-74.19351464628224,-1.1593824610990637,-2.9199864742441037,-1.4921130625111412,-1.3162520916877753,-0.17586097082336583,0.5699875215044928,-0.26954566767838994,0.8395331891828828,26.02680142415733,-0.8520500230625228,-0.8557007212461887,438.9473764519942
2024-08-13 00:00:00+05:30,25.690000534057617,26.049999237060547,24.979999542236328,25.06999969482422,9409365,0.0,0.0,-874303361.2885578,3332668074,-0.24759173967846346,-22626.73034256883,-0.7960226065300903,-0.9221804235731387,357397865.9557894,26.237646650742512,59.41791787897975,159.72857459793056,26.09550008773804,27.54293197370046,24.64806820177562,11.093344684684165,0.14575176115042238,0.0,0.0,26.00333315531413,26.93133303324381,25.075333277384438,7.137545578383183,-0.002873697878127904,0.0,1.0,24.610000610351562,27.899999618530273,26.255000114440918,12.607533854944752,0.13981739305365448,1.0773610571689107,5.213716006349434,-0.44323055395364364,-0.3689354853148178,-0.07429506863882585,26.049166679382324,26.41923082791842,25.896517078326777,26.33974763228042,0.9177520841283344,1.0006856781893285,-0.0829335940609941,-0.2070229595156541,24.170079757635968,0.8044995307922349,-55.01207666126056,-44.52318781106199,-10.48888885019857,25.969999313354492,26.625,26.297499656677246,26.649999618530273,1.045351533208856,19.074771432789223,14.126032402830996,23.79629537781242,-91.26111989327359,27.63249969482422,26.649999618530273,0.0,40.0,-40.0,25.502114158298177,27.546110955661,0.0,0.0,39.81413602739953,0.231400835366713,0.41791495465621864,0.5548469322809093,-12.671315563470786,30.060216751089477,8.709691114156032,23.764758409713423,-91.29030888584397,-1.1060589117162358,-6.3503949714966454,-1.6827441179066074,-1.3895504969315418,-0.2931936209750656,-1.5634808450436701,-0.528332703151446,-1.0351481418922241,25.925050188429232,-2.0703151513589146,-2.092046638942291,427.7894672594573
2024-08-14 00:00:00+05:30,25.239999771118164,25.290000915527344,24.479999542236328,25.049999237060547,8187619,0.0,0.0,-870967690.3652942,3324480455,-0.21823860317263694,-42788.07286427862,-6.232583433512657,-1.6050316234893116,357391334.0000659,26.12309020359771,51.926015407733644,159.60114561313657,25.998500061035156,27.453151741960642,24.54384838010967,11.190273881266123,0.17397665145131236,0.0,0.0,25.784666506449376,26.728666559855146,24.84066645304362,7.322181600988673,0.11087540899054787,0.0,0.0,24.479999542236328,27.899999618530273,26.1899995803833,13.1546053359425,0.16666657371595564,1.0506250887811213,5.324405739558291,-0.4779271498301654,-0.39073381821788733,-0.08719333161227805,25.894999980926514,26.306923132676346,25.76628356428582,26.244210714115987,0.8175441005773711,1.0631580018160636,-0.24561390123869242,-0.2186602386545226,24.329930421853472,1.1915004730224616,-60.678078557027945,-47.28919448924516,-13.388884067782783,25.6899995803833,26.53499984741211,26.112499713897705,26.649999618530273,0.522675766604428,19.99073387345798,13.355214500638981,25.866137779416125,-125.06616153517872,27.63249969482422,26.649999618530273,0.0,100.0,-100.0,25.502114158298177,27.491188721288992,0.0,0.0,39.68896468588239,0.22312864731453447,0.30243408512043707,0.42844185084502245,-13.837661037624308,36.08953528193558,16.666657371595566,17.06094461315643,-83.33334262840444,-1.2212647774640253,-6.877324935704979,-1.8210764843962426,-1.4758556944244818,-0.34522078997176076,-4.117336008336879,-1.2461333641885326,-2.871202644148346,25.841774541179632,-0.07977845236193382,-0.07981029230466063,427.3684049907484
2024-08-16 00:00:00+05:30,25.049999237060547,25.5,24.920000076293945,25.299999237060547,9181334,0.0,0.0,-868118335.835459,3333661789,-0.19215440588444807,291229.29468776117,2.0530770863826717,-1.5387501879396497,357482964.082697,26.021703923807575,51.39682754527005,159.60114561313657,25.96900005340576,27.4548522372044,24.483147869607123,11.443276065639445,0.2748763895763548,0.0,0.0,25.640666516621913,26.563666661580402,24.71766637166341,7.199501965833449,0.3154565405963847,0.0,0.0,24.479999542236328,27.899999618530273,26.1899995803833,13.169548574302622,0.23976598728991977,1.0035625722736146,5.5213938621774385,-0.4797216092795189,-0.4085313764302137,-0.0711902328493052,25.737499872843426,26.208076917208157,25.694547513943473,26.17426912322299,0.8351412231000745,1.0621838411022737,-0.22704261800219916,-0.2286271152987262,24.368895860731435,0.9610002517700202,-62.307914734183576,-50.32313134553449,-11.984783388649085,25.6899995803833,26.260000228881836,25.97499990463257,26.649999618530273,0.261337883302214,20.48899207407275,14.277941777629136,24.821682902159623,-83.11399317354619,27.63249969482422,26.649999618530273,0.0,96.0,-96.0,25.502114158298177,27.370741154126886,0.0,0.0,42.13773362246103,0.3849602366718973,0.27982990645104827,0.3333929820759012,-14.143477267093733,41.11750338591191,23.976598728991977,16.4509824049145,-76.02340127100803,-1.381294177560246,-6.95108959129918,-1.8327984900785184,-1.5472442535552893,-0.2855542365232291,-5.478494568644437,-2.0926056050797137,-3.385888963564723,25.812762351982013,0.9980040224118358,0.9930568503556003,432.6315628854852
2024-08-19 00:00:00+05:30,25.3799991607666,25.6299991607666,25.139999389648438,25.290000915527344,7533696,0.0,0.0,-871039515.8217105,3326128093,-0.17118692097837673,238864.49331216584,1.1382140466713988,-1.6676298574562243,357479986.83695734,25.879059229221316,48.99284381952832,159.53807274281922,25.97400007247925,27.44997318434655,24.49802696061195,11.365004294669024,0.2682887474533474,0.0,0.0,25.553333155314128,26.464333407084144,24.64233290354411,7.130187253716951,0.35547081942340625,0.0,0.0,24.479999542236328,27.899999618530273,26.1899995803833,13.167013424003207,0.23684250152671543,0.9522062921580694,5.753990828014659,-0.4764581987791878,-0.4221167409000085,-0.05434145787917932,25.600833257039387,26.12307695242075,25.632309575725607,26.108767774504795,0.8286582084892483,1.0978014301209815,-0.2691432216317332,-0.2367056853760457,24.386489127166904,0.5759991645812974,-62.893870126479,-52.88998014875751,-10.003889977721492,25.6899995803833,26.1899995803833,25.9399995803833,26.649999618530273,0.130668941651107,20.731088519489543,14.712118958300472,23.94210745961784,-70.07411817465871,27.509999752044678,26.649999618530273,0.0,92.0,-92.0,25.502114158298177,27.255111489651263,0.0,0.0,42.064174731939886,0.3800989563826134,0.3293959467896817,0.30388664612038885,-14.415473683748925,35.15269999180187,25.961575494000105,22.201610531529195,-74.0384245059999,-1.4319413072922629,-6.089860271309539,-1.824897302294171,-1.6027748633030656,-0.2221224389911054,-7.7436205802343965,-3.2228086001106506,-4.520811980123746,25.792927348885453,-0.039519058635217874,-0.039526869473105464,432.4210719058388
2024-08-20 00:00:00+05:30,25.350000381469727,25.84000015258789,25.270000457763672,25.389999389648438,6806411,0.0,0.0,-874980093.5330783,3332934504,-0.20517739279565742,301973.9534448604,1.4236656470159097,-1.4068896578151124,357506899.87331957,25.75217771011308,55.90624753949198,160.16889770371148,25.960000038146973,27.45246135526151,24.467538721032437,11.498161131906286,0.30904005954387104,0.0,0.0,25.58799985249837,26.460999997456874,24.714999707539878,6.823512193144393,0.386597691882771,0.0,0.0,24.479999542236328,27.899999618530273,26.1899995803833,13.174114296103312,0.26608182079288817,0.9139856324246842,5.945878674007541,-0.46049458636295526,-0.4297923099925979,-0.030702276370357384,25.50416660308838,26.047307674701397,25.59503108555989,26.055525671922844,0.8520851779041674,1.061369059231358,-0.20928388132719067,-0.242008057130023,24.397178548005158,0.23000049591064453,-60.634089053314845,-54.87961090306018,-5.754478150254663,25.6899995803833,26.1899995803833,25.9399995803833,26.649999618530273,0.0653344708255535,20.5967017344363,15.652765985138359,22.92444415259957,-55.487165973972935,27.509999752044678,26.649999618530273,40.0,88.0,-48.0,25.502114158298177,27.144107011754667,0.0,0.0,43.133407258893016,0.5192168925562038,0.4280920285369049,0.3457726272592115,-14.36878116825543,36.19137679720384,29.64169178734117,26.52662200344439,-70.35830821265883,-1.34397067462697,-4.369114428421119,-1.7673586484542865,-1.63569162033331,-0.13166702812097641,-10.121694358412585,-4.602585751771038,-5.519108606641547,25.78241720365209,0.39540715896020373,0.39462747945000487,434.52630293996714
2024-08-21 00:00:00+05:30,25.600000381469727,29.299999237060547,25.440000534057617,28.100000381469727,177437697,0.0,0.0,-807866285.0737783,3510372201,0.03905873021094072,68952596.9395935,3.9483695655892124,-1.2104066016263704,376445708.3182119,26.762540583623235,80.31829334887249,160.16889770371148,26.09650001525879,27.828323415902663,24.36467661461492,13.272457223238856,1.0784366828240275,1.0,0.0,25.801666577657063,26.91666653951009,24.686666615804036,8.642852263028313,1.530642996611877,1.0,0.0,24.479999542236328,29.299999237060547,26.889999389648438,18.46990857780137,0.7510375660647043,1.2135870539234266,5.931023624533123,-0.22655726576206447,-0.38914530114649126,0.1625880353844268,25.663333257039387,26.08769233410175,25.98041097723833,26.206968243000393,0.8678773454148806,0.8259235562821342,0.04195378913274639,-0.22492567828116505,24.900918977048136,-1.186500167846681,-50.243072102696786,-55.38789248865921,5.144820385962426,26.889999389648438,26.889999389648438,26.889999389648438,27.239999771118164,50.032667235412774,21.333530688267725,33.05852709048861,17.44631515974724,141.56138869302583,27.80999994277954,26.649999618530273,100.0,84.0,16.0,24.479999542236328,27.144107011754667,1.0,0.0,63.040618328675684,1.0,0.6331052829796058,0.463531086102064,-7.143666145501568,48.821398429442475,75.10375660647043,43.56900796260388,-24.896243393529577,-0.9201764555538396,7.29285913884704,-0.864492464986199,-1.4814517892638879,0.6169593242776888,52.40610286841113,6.799151972265397,45.60695089614573,26.14300588211286,10.673497664305431,10.141421823760144,491.5789553993626
2024-08-22 00:00:00+05:30,28.229999542236328,29.5,27.8799991607666,29.170000076293945,140902237,0.0,0.0,-724368620.1380936,3651274438,0.14368560529322622,80640133.17537296,1.5176484482663424,-0.720642832757588,381811023.21299285,27.41807704161609,88.04361144858481,166.26785390786577,26.201500034332277,28.35901074689196,24.043989321772592,16.468604543500646,1.187945608955939,1.0,0.0,26.076999855041503,27.265999794006348,24.88799991607666,9.119146723736115,1.800672994123633,1.0,0.0,24.479999542236328,29.5,26.989999771118164,19.159210164249675,0.9342629693995956,1.2542284324544237,5.892260525410684,0.04466490997403483,-0.30238325892238604,0.34704816889642087,26.018333276112873,26.16192311507005,26.471116992477654,26.42645208250362,1.0523808988584178,0.7982142222576444,0.2541666766007734,-0.18513745755037703,25.33187277623809,-1.131500339508058,-40.966977660362026,-54.74124678767747,13.774269127315442,26.989999771118164,26.989999771118164,26.989999771118164,27.239999771118164,75.01633361770638,22.143083017158897,31.062826687035162,15.765344658433534,213.64369091100147,27.835000038146973,26.649999618530273,100.0,80.0,20.0,24.57639953613281,27.144107011754667,0.0,0.0,67.82926778636909,1.0,0.8397389641854014,0.6336454252339706,0.763246282785978,53.28704481471671,93.42629693995956,66.05724844459036,-6.573703060040442,-0.15447067933924075,17.1015666598826,0.16901591569912822,-1.1513582482712847,1.320374163970413,61.46452647279713,17.732226872371747,43.732299600425385,26.596020554598425,3.8078280437669365,3.7371196579988553,514.1052647640831
2024-08-23 00:00:00+05:30,29.299999237060547,29.790000915527344,28.0,28.260000228881836,106880394,0.0,0.0,-800199949.6801639,3544394044,0.021315007064019887,55225665.26012738,0.34332934644194235,-0.34046402423347183,378476736.54940146,27.67706475798751,71.25152384517247,161.08089054516563,26.296000003814697,28.63286491300879,23.959135094620603,17.773539008633186,0.9202211726788383,0.0,0.0,26.31266657511393,27.59166666666667,25.0336664835612,9.721554354072131,1.261271897722773,1.0,0.0,24.479999542236328,29.790000915527344,27.135000228881836,20.193190494830798,0.7118643519865516,1.3078056807617158,5.861108699713357,0.18405933436147848,-0.20509474026561314,0.3891540746270916,26.284166653951008,26.2107692865225,26.7463297980783,26.56227046371682,1.0784204440578358,0.7625138171364316,0.31590662692140414,-0.1380145313951298,25.71380489585748,-0.005999088287353516,-31.734011002584,-52.84638699364761,21.11237599106361,27.135000228881836,27.135000228881836,27.135000228881836,27.239999771118164,87.50816680885319,23.078304403567973,29.534178481176415,14.14374550509666,167.56061044628314,27.8725004196167,26.649999618530273,100.0,76.0,24.0,24.7733435546875,27.144107011754667,0.0,0.0,60.63400064401725,0.7716990873638552,0.9238996957879518,0.7989146476509862,4.597455669899614,50.78318274588552,71.18643519865516,79.90549624836169,-28.813564801344842,0.5701764611636904,12.724374044233446,0.6929352466796745,-0.7824995492810929,1.4754347959607674,60.17787727861384,26.221356953620166,33.956520324993676,26.728127941248548,-3.1196429380596857,-3.169340113959729,494.9473732396176
2024-08-26 00:00:00+05:30,28.5,28.8799991607666,27.719999313354492,27.8700008392334,65496724,0.0,0.0,-848757691.210489,3478897320,-0.04578477037253995,43687187.025256015,-1.0537951871083564,0.13772076284515777,377572855.36832964,27.778775327139957,64.68967618643728,158.85790935309765,26.351000022888183,28.779867667561593,23.922132378214773,18.43472841686253,0.812697322078549,0.0,0.0,26.5293332417806,27.85333321889242,25.205333264668784,9.981404093689566,1.0062944186665839,1.0,0.0,24.479999542236328,29.790000915527344,27.135000228881836,20.151043105304574,0.6384181582416477,1.2930250974267552,5.545154371970434,0.26006288552656187,-0.11206321510717815,0.37212610063374,26.415833314259846,26.28692318842961,26.919202265948314,26.659139380421752,1.1312675872300282,0.7904225964159257,0.34084499081410247,-0.09055646088697898,25.91787818649058,-0.28100032806396413,-24.274340531293863,-49.86049226991142,25.586151738617556,27.135000228881836,27.135000228881836,27.135000228881836,27.239999771118164,93.7540834044266,23.57813923539887,27.556084551046805,14.813124581140919,115.41037929583895,27.460000038146973,26.649999618530273,96.0,72.0,24.0,25.07434299633789,27.144107011754667,0.0,0.0,57.80394754903778,0.6663780931468426,0.8126923935035659,0.8587770178256395,6.589084979938294,47.243182019807236,63.84181582416477,76.15151598759314,-36.15818417583523,1.150676452412327,6.009889192407288,0.9755111814207696,-0.43089740314072045,1.4064085845614902,53.857212047254535,31.74852797234704,22.108684074907494,26.807286759892413,-1.3800402918958787,-1.3896513749240835,486.73685977333474
2024-08-27 00:00:00+05:30,27.969999313354492,28.739999771118164,27.709999084472656,28.43000030517578,48303882,0.0,0.0,-829529862.8813105,3527201202,0.0006190718946746895,41310467.18206857,-0.1599247344993368,-0.08222871558479801,378543438.3359794,27.8908240351879,66.40716859771744,162.0498842981872,26.42750005722046,29.01210009163146,23.84290002280946,19.559928323260692,0.8873907415643263,0.0,0.0,26.799666531880696,28.097666676839196,25.501666386922203,9.686688775880139,1.1280175621040516,1.0,0.0,24.479999542236328,29.790000915527344,27.135000228881836,20.092711614015222,0.7438794239880459,1.2667226563486305,5.183248628134313,0.36131846978490856,-0.017386878128760802,0.3787053479136694,26.612500031789143,26.411538564241848,27.151632733521772,26.790314263736864,1.127819475052292,0.8334296935854298,0.29438978146686223,-0.04061391887728931,26.01392708018829,-0.607500362396241,-11.993847568179007,-45.080689037346794,33.08684146916779,27.135000228881836,27.135000228881836,27.135000228881836,27.239999771118164,96.87704170221329,24.02865586099305,25.89747664642033,13.979957199899157,113.42635145631817,27.184999465942383,26.649999618530273,92.0,68.0,24.0,25.357282471489256,27.144107011754667,0.0,0.0,60.64443503035709,0.7446782029903674,0.7275851278336884,0.8213924057084019,9.16753442751398,49.31580853134666,74.38794239880458,69.80539780720814,-25.612057601195414,1.6843821806066153,9.05255327187481,1.3486906731586428,-0.0749797878808478,1.4236704610394906,46.54302966166619,34.70742831021087,11.835601351455317,26.978350661978038,2.0093270508770633,1.9894064790909827,498.526322214227
2024-08-28 00:00:00+05:30,28.540000915527344,29.149999618530273,27.40999984741211,27.75,36787108,0.0,0.0,-851940391.5956367,3490414094,-0.034361165218775594,31835365.489411,0.2601468928117115,-0.1714769933809722,377663549.3314766,27.954301245319403,61.731643699587856,158.17390928610092,26.455500030517577,29.08429084915526,23.826709211879894,19.873302833855018,0.7462158571736932,0.0,0.0,27.073333231608075,28.438333384195964,25.708333079020186,10.08372438598919,0.7478632574176054,0.0,0.0,24.479999542236328,29.790000915527344,27.135000228881836,20.07144588900492,0.6158191359820687,1.3140503678255837,5.270308637972173,0.3822871400042338,0.06254792549783812,0.3197392145063957,26.77333339055379,26.49153856130747,27.243689236056884,26.86140209605265,1.10192520148393,0.8437146118551319,0.25821058962879817,0.003894056120310031,26.07571335065432,-0.8554996490478501,-1.2033561488462547,-38.47238654754883,37.269030398702576,27.355000495910645,27.135000228881836,27.24500036239624,27.239999771118164,98.43852085110666,24.751348590285808,25.6670968453202,12.600207582078207,93.1547596341092,27.072500228881836,26.649999618530273,88.0,64.0,24.0,25.62324557813154,27.144107011754667,0.0,0.0,55.73786955040788,0.5703174129722831,0.6604579030364978,0.7335784747912507,9.631183742223651,45.387474272486195,61.581913598206874,66.60389060705872,-38.418086401793126,1.8638821489670683,7.474826986782118,1.423183862991321,0.22465294229358596,1.198530920697735,38.9264714414824,35.55123693646518,3.375234505017218,27.05031066302582,-2.391840653803945,-2.4209096204751646,484.2105263157895
2024-08-29 00:00:00+05:30,27.950000762939453,28.360000610351562,27.31999969482422,27.799999237060547,32913510,0.0,0.0,-854472255.7768347,3523327604,-0.026719164997309724,27522549.046492957,-1.3903104422174355,-0.5280525584250162,377722852.0481968,27.975279573042712,58.122010108263105,158.45890297212574,26.498999977111815,29.18590855536448,23.81209139885915,20.279320582463114,0.7420996513388612,0.0,0.0,27.361999893188475,28.75,25.973999786376954,10.145458023753982,0.6577807313279789,0.0,0.0,24.479999542236328,29.790000915527344,27.135000228881836,20.038497218300556,0.6252351857239841,1.2866454225957598,5.304693096517747,0.3983475798560647,0.12970785636948345,0.26863972348658127,26.956666628519695,26.585000038146973,27.329275390057447,26.930927810201382,1.0707466642020713,0.9152160663624405,0.15553059783963086,0.043166381565986164,25.934518179528474,-1.4290002822875962,8.752285407184704,-30.576808754063467,39.32909416124817,27.46500015258789,27.135000228881836,27.300000190734863,27.239999771118164,99.21926042555333,25.286713698561734,24.133922418121127,12.364479730034404,71.90667274990169,26.815000534057617,26.649999618530273,84.0,60.0,24.0,25.87325089837529,27.144107011754667,0.0,0.0,56.01963286539865,0.580330216103245,0.6317752773552986,0.6732727694084949,10.079901887339894,46.76266432430287,62.52351857239841,66.16445818980327,-37.47648142760159,1.6828528516432826,8.593745401594855,1.4791453999040147,0.4755514338156717,1.003593966088343,31.927758905855256,34.8265413303432,-2.8987824244879405,27.12261901422749,0.18017743084881577,0.18001530602820282,485.2631418328536
2024-08-30 00:00:00+05:30,27.850000381469727,27.920000076293945,27.0,27.299999237060547,15774208,0.0,0.0,-859958963.8359709,3507553396,-0.029033145441024085,22464027.182708252,-2.2162769394022983,-0.3597254974171126,377439143.2634323,27.979303113129934,57.27219447058419,155.60892262462843,26.536499977111816,29.246048368610364,23.82695158561327,20.421294397042406,0.6408905008569469,0.0,0.0,27.578666559855144,29.00066668192546,26.156666437784832,10.3123196256359,0.4020157176959724,0.0,0.0,24.479999542236328,29.790000915527344,27.135000228881836,20.01017985744534,0.531073251507739,1.2499808879655783,5.40942385337367,0.3665049321062881,0.1770672715168444,0.1894376605894437,27.142499923706055,26.593846174386833,27.32477136651946,26.958266434413172,1.068257457314083,0.9145393610763966,0.1537180962376865,0.07343238290894459,25.780139606238524,-1.4865007400512695,17.145092489328547,-21.683590685640404,38.82868317496895,27.530000686645508,27.135000228881836,27.332500457763672,27.239999771118164,99.60963021277666,25.297921497248133,22.834514737882394,13.571504497857983,44.07210188386054,26.78000020980835,26.649999618530273,80.0,56.00000000000001,23.999999999999993,26.108255899404412,27.144107011754667,0.0,0.0,52.42556274785974,0.4526105499466731,0.5344193930074005,0.6088841911330655,9.331431638332353,40.809223966599,53.107325150773896,59.07091910712637,-46.892674849226104,1.3995292383081797,8.895092019872337,1.3595270786345213,0.6523465627794416,0.7071805158550797,23.252401150020443,32.51171329427865,-9.259312144258207,27.13258667377711,-1.7985612004386087,-1.814931900831196,474.73682604337995
2024-09-02 00:00:00+05:30,27.260000228881836,27.299999237060547,26.459999084472656,26.6299991607666,14772863,0.0,0.0,-868752333.0719689,3492780533,-0.038763544673841105,17840906.25130993,-3.2979445182739604,-0.31874334488321054,377076585.7684254,28.01095746845976,57.33807561370151,151.78994852410955,26.558499908447267,29.26357893587304,23.853420881021496,20.37072151477491,0.5132157418682468,0.0,0.0,27.72299982706706,29.179999987284344,26.265999666849773,10.511129165717186,0.12491401986618346,0.0,0.0,24.479999542236328,29.790000915527344,27.135000228881836,19.993604275827725,0.4048962452899995,1.2089828144278094,5.677600236743695,0.28393299479619216,0.19844041617271396,0.0854925786234782,27.274166584014893,26.603846109830418,27.217883334865174,26.933950340068982,1.0836651742960235,0.9362549450473102,0.14741022924871328,0.09125875279353264,25.662461374160547,-1.2585006713867202,23.560328524823817,-12.328655399180553,35.88898392400437,27.61500072479248,27.135000228881836,27.375000476837158,27.239999771118164,99.10501937505624,24.542302052487276,21.686410358778602,16.121386496002753,8.815436156050318,26.705000400543213,26.649999618530273,76.0,52.0,24.0,26.32916060037179,27.144107011754667,0.0,0.0,47.98309694414228,0.294742108094651,0.44256095804818973,0.5362518761369628,7.285883989621597,34.6562271105736,40.489624528999954,52.040156084057394,-59.510375471000046,1.1262645384844596,6.307385117076185,1.0541825139322099,0.7327137530099952,0.32146876092221466,15.512941808489632,29.111958997120848,-13.599017188631215,27.118039874236572,-2.4542128022641108,-2.4848305933158343,460.6315612792969
2024-09-03 00:00:00+05:30,26.610000610351562,26.950000762939453,26.399999618530273,26.850000381469727,13005106,0.0,0.0,-860476364.7265869,3505785639,-0.015957611054525676,15700939.529033305,-0.8669646223580122,-0.3238106317280621,377184026.2222572,28.023041790230547,57.012049903714505,153.04394683496818,26.655499935150146,29.25421125786477,24.056788612435522,19.498499964637684,0.5374224802538675,0.0,0.0,27.846333185831707,29.30133349100749,26.391332880655927,10.450211131683865,0.15761766481498674,0.0,0.0,24.479999542236328,29.790000915527344,27.135000228881836,19.92084705298965,0.44632772623268213,1.1430846474259464,5.693073479557336,0.233554132802535,0.2054631594986782,0.02809097330385682,27.403333346048992,26.606923029972958,27.16128595741972,26.927731824617187,1.080351820141439,0.9442813845176808,0.1360704356237582,0.10142467447655582,25.48581649800545,-1.3654990196228027,32.1472166423312,-3.1741788719552213,35.32139551428642,28.09500026702881,27.135000228881836,27.615000247955322,27.164999961853027,97.09020271943834,23.757680080098115,20.943877648003188,15.942915791860434,0.95451326827713,26.667500495910645,26.649999618530273,72.0,48.0,24.0,26.32916060037179,29.790000915527344,0.0,1.0,49.496441754663564,0.34852066211794114,0.3652911067197551,0.4474238192584483,6.077623376484178,39.57892784122986,44.63277262326821,46.076574101013996,-55.36722737673179,0.8256764468024755,6.126486921543737,0.8673368196166492,0.759638366331326,0.10769845328532324,8.419856633883892,24.973538524473458,-16.553681890589566,27.109565678144648,0.8261405468883654,0.822746685105713,465.2631659256785
2024-09-04 00:00:00+05:30,26.600000381469727,28.139999389648438,26.530000686645508,27.0,38280358,0.0,0.0,-876406714.6906719,3544065997,-0.01431610556381939,14278239.467343163,2.7758332310153095,0.3196477014525069,377397882.4239564,28.015521083429686,59.83333531206479,153.04394683496818,26.751999950408937,29.249403678993282,24.254596221824592,18.670781498309395,0.5496515735026235,0.0,0.0,27.807333183288574,29.037333488464355,26.57733287811279,8.84658947385129,0.1718158605768818,0.0,0.0,24.479999542236328,29.790000915527344,27.135000228881836,19.84898842379762,0.47457623465770105,1.1897760529836447,5.651489499690561,0.20338771040761117,0.2050480696804648,-0.0016603592728536287,27.545833269755047,26.610769198491024,27.136472733201302,26.93308502279369,1.1120448035602126,0.8375350562085419,0.2745097473516708,0.10692894074484677,25.42537920410458,-1.3620005607604995,36.100787753783536,5.388906174060953,30.711881579722583,28.09500026702881,27.135000228881836,27.615000247955322,27.164999961853027,90.10991888044414,24.12706716370489,26.10426121249347,14.389717825948336,25.578788047884583,26.74250030517578,26.649999618530273,68.0,44.0,24.0,26.32916060037179,29.722200889587402,0.0,0.0,50.55273719040461,0.32945980208697456,0.324240857433189,0.3773643074003778,5.393076093850222,40.06062885542925,42.71046335247601,42.61095350158137,-57.28953664752399,0.6327059128705201,6.761561971406514,0.7551593522817104,0.7587425635214029,-0.0035832112396925186,7.954147107385329,21.569660241055836,-13.615513133670508,27.10553109912327,0.5586577891961486,0.5571030842016711,468.42105263157896
2024-09-05 00:00:00+05:30,27.190000534057617,28.299999237060547,26.809999465942383,28.139999389648438,50679509,0.0,0.0,-836611386.8349891,3594745506,0.0199552282279346,20492006.590248782,0.646807621092672,0.21919988250322126,379537682.7694261,28.031438098257187,62.06095349630577,153.04394683496818,26.84449987411499,29.402901779020475,24.286097969209507,19.060901986648236,0.7531853015449711,0.0,0.0,27.697333145141602,28.91433334350586,26.480332946777345,8.787851104558285,0.6818677782887025,0.0,0.0,24.479999542236328,29.790000915527344,27.135000228881836,19.780593410910306,0.6892653297269726,1.2197984247970965,5.420208072547752,0.2683753625726304,0.21771352825889792,0.05066183431373247,27.77499993642171,26.647307616013748,27.290861449577783,27.022486087005152,1.0980809187481775,0.8480810204192019,0.24999989832897562,0.11723543415234015,25.486882717117307,1.2555005073547356,39.76575223745589,13.333324311843162,26.43242792561273,27.774999618530273,27.135000228881836,27.454999923706055,27.164999961853027,87.29017724353938,24.59749906207222,24.74431803754914,13.116180162512645,52.12704130496247,26.74250030517578,26.649999618530273,64.0,40.0,24.0,26.32916060037179,29.65575686416626,0.0,0.0,57.78009882009857,0.6099696226580097,0.42931669562097524,0.37294955325797297,7.014694774650852,44.249916524592834,64.51610786155524,50.619781279099804,-35.48389213844475,0.5307057885562685,10.831036101250092,0.9931557063570456,0.8056251920885314,0.1875305142685142,10.06023642626961,19.26777547809859,-9.207539051828979,27.139873725208325,4.222219961660878,4.13551639920926,492.42103978207234
2024-09-06 00:00:00+05:30,28.239999771118164,28.25,27.0,27.190000534057617,27518719,0.0,0.0,-855764391.7444587,3567226787,0.008237169613792148,13829898.283452477,0.3179683277523527,0.16061090258043226,378608658.1736778,28.037886563287106,59.569445592412464,147.8772241092454,26.90049991607666,29.43758097979635,24.363418852356972,18.862705686770102,0.5570538762282412,0.0,0.0,27.576999791463216,28.739999898274743,26.413999684651696,8.43456587450491,0.3336202829479536,0.0,0.0,24.479999542236328,29.790000915527344,27.135000228881836,19.73941521479895,0.5103578702356707,1.222818582317387,5.402017585948858,0.24044982108700808,0.22226078682451997,0.018189034262488107,27.699166615804035,26.657307624816895,27.2753443856516,27.034894564564592,1.0927253712416223,0.8632171280668174,0.2295082431748049,0.12309012832439876,25.57270044084772,2.2695001602172837,41.76479303370069,20.671005819064778,21.093787214635913,27.774999618530273,27.135000228881836,27.454999923706055,27.164999961853027,87.28814701853088,25.03432868198474,22.912272845130875,12.145070965922189,32.45353944060149,26.74250030517578,26.649999618530273,60.0,36.0,24.0,26.32916060037179,29.59064171925354,0.0,0.0,51.07985874530541,0.3217726095258493,0.420400678090278,0.3913194103814806,6.258798693283893,44.24136873236626,42.47787349216088,49.901481568730695,-57.52212650783912,0.5048822515151095,-3.238433576720518,0.8894054330885852,0.8223812402885423,0.0670241928000429,6.769535185801774,16.768127419639228,-9.998592233837453,27.141605180667682,-3.375973262957088,-3.434275171035006,472.42106387489724
2024-09-09 00:00:00+05:30,27.18000030517578,27.25,26.420000076293945,26.690000534057617,18752101,0.0,0.0,-862316308.842216,3548474686,0.005373414964676865,10514762.742959267,-3.4966743623330467,-0.1908419552302075,378263823.6640846,28.030027433976013,57.895994529469434,145.15789308304667,26.94399995803833,29.434898824235656,24.453101091841003,18.489451232753623,0.4490145048786195,0.0,0.0,27.439999834696454,28.569999949137372,26.309999720255536,8.2361524872321,0.16814193598117066,0.0,0.0,24.479999542236328,29.790000915527344,27.135000228881836,19.70754669522206,0.4161959360194255,1.1835367164562538,5.657646708747526,0.17594462680526135,0.21299755482066826,-0.03705292801540691,27.492499987284344,26.662692290086014,27.185291485406374,27.009346858601113,1.055611644583661,0.9261880282935557,0.12942361629010524,0.12180944654190638,25.64551860625218,1.3160002708435066,42.84728070260702,26.764464515818783,16.08281618678824,27.774999618530273,27.135000228881836,27.454999923706055,27.164999961853027,43.64407350926544,24.548696860124785,21.760209173453127,15.048045994873824,-12.505505363975223,26.74250030517578,26.649999618530273,56.00000000000001,32.0,24.000000000000007,26.32916060037179,29.526828877239076,0.0,0.0,47.92959136878614,0.0,0.31058074406128644,0.38676603925751313,4.6240725256327675,43.266028553827034,28.735629663960278,45.243203672558785,-71.26437033603972,0.45220596650067435,-8.501883907267418,0.6514212569684257,0.788189243624519,-0.13676798665609335,2.0642501293700923,13.827351961585402,-11.763101832215309,27.124325006768835,-1.838911328352899,-1.8560294859987003,461.8947480854235
2024-09-10 00:00:00+05:30,26.739999771118164,27.040000915527344,26.510000228881836,26.6200008392334,13748497,0.0,0.0,-870357858.2871531,3534726189,-0.004607202140712443,8875169.409066275,-0.23129625113077196,-0.4893895135673492,378227765.5683546,28.119752981348153,44.923006779587396,144.7771883991268,26.994999980926515,29.41448365843267,24.57551630342036,17.92542084990298,0.4225043042903184,0.0,0.0,27.28299992879232,28.363000043233235,26.202999814351397,7.917018782829468,0.1930560095810125,0.0,0.0,24.479999542236328,29.790000915527344,27.135000228881836,19.67031441764338,0.40301332270103485,1.1181831134751792,6.121073460831589,0.11781728096543276,0.19396150004962118,-0.07614421908418842,27.355833371480305,26.679230763362003,27.098323693687455,26.980506412722022,1.0652438701723883,1.1378047468547654,-0.0725608766823771,0.1150721167107792,25.61029509011336,0.8750008583068833,41.18442600339033,31.474218088289515,9.710207915100813,27.380000114440918,27.135000228881836,27.257500171661377,27.164999961853027,21.82203675463272,24.097753025540545,21.03294618924509,14.545114853472715,-21.345096110561578,26.74250030517578,26.649999618530273,52.0,28.000000000000004,23.999999999999996,26.32916060037179,29.4642922920649,0.0,0.0,47.488028351424774,0.0,0.10725753650861651,0.27941298622006017,3.190840909193118,41.31475803874001,6.489709042235659,25.901070732785588,-93.51029095776434,0.4277942713569196,-5.803253278010775,0.43667557296062753,0.7178865094917408,-0.2812109365311133,-3.147832439962297,10.432315081275863,-13.58014752123816,27.083191594541507,-0.2622693646442409,-0.26261389326958096,460.42107029965047
2024-09-11 00:00:00+05:30,26.719999313354492,26.989999771118164,26.0,26.139999389648438,16134365,0.0,0.0,-881928987.3788985,3518591824,-0.008980872663168655,6500928.266609256,-1.7180757698984839,-0.720512672007694,377936837.00547045,27.857218775779053,27.443055781650074,144.7771883991268,27.048499965667723,29.33924924356084,24.757750687774607,16.93808736751193,0.3017023109454244,0.0,0.0,27.110333251953126,28.115333366394044,26.105333137512208,7.414147993688084,0.017246889646134324,0.0,0.0,24.479999542236328,29.790000915527344,27.135000228881836,19.631407952496165,0.31261759286199203,1.1053647792394776,6.488597534970703,0.03264255213867173,0.16169771046743128,-0.12905515832875955,27.211666584014893,26.7265384380634,26.95088918537376,26.91824663323509,0.8807863742033616,1.1591629583033332,-0.27837658409997157,0.10125542171787488,25.487573170179942,1.381500339508058,35.51101244039451,34.44740998086838,1.0636024595261304,27.149999618530273,27.135000228881836,27.142499923706055,27.164999961853027,10.91101837731636,22.92981495358367,19.707954042880573,16.874082664278873,-50.84817568109838,26.789999961853027,26.649999618530273,48.0,24.0,24.0,26.32916060037179,29.403006438594208,0.0,0.0,44.46306936172194,0.0,0.0,0.13927942685663416,1.063150335480826,38.88898101254464,3.693914401837496,12.973084369344457,-96.30608559816251,0.2543530800763314,-6.207396474669596,0.12126552142652942,0.5985623118786986,-0.47729679045216916,-6.944650525903493,6.956921959839993,-13.901572485743486,27.01469922606519,-1.8031609107897584,-1.8196159646646226,450.31577662417766
2024-09-12 00:00:00+05:30,26.34000015258789,26.479999542236328,26.0,26.049999237060547,12858316,0.0,0.0,-892108525.8663696,3505733508,-0.024761831547027807,5406902.742518889,-0.951912662605678,-0.8130299583682383,377892565.7572285,27.58586640667113,34.14626663745452,144.2787197934876,27.098499965667724,29.252132237603895,24.944867693731553,15.894844915140707,0.25657387236667206,0.0,0.0,26.945333226521807,27.894333203633625,25.996333249409993,7.043891193579544,0.02827502051890495,0.0,0.0,24.920000076293945,29.790000915527344,27.355000495910645,17.971477555596863,0.23203264189672668,1.0428282555391628,6.812674351725264,-0.041641279509118334,0.12102991247212137,-0.1626711919812397,27.013333161671955,26.764230728149414,26.812290731787115,26.853932011296234,0.8616874230415877,1.228907409837882,-0.3672199867962943,0.08246183244433898,25.3280215090346,0.6515000343322761,28.608963566653657,35.72117343390451,-7.112209867250854,27.149999618530273,27.135000228881836,27.142499923706055,27.164999961853027,5.45550918865818,21.84530102962371,19.080344109663823,16.336718822706104,-74.89749064055921,26.789999961853027,26.649999618530273,44.0,20.0,24.0,26.32916060037179,29.266886181050438,0.0,0.0,43.89843183431908,0.0,0.0,0.03575251216953869,-0.8324969509362248,36.33630564731454,1.5872775592231823,3.923633667765427,-98.41272244077682,0.008559047474580694,-8.371442288313824,-0.15506585587392466,0.447836678328174,-0.6029025342020986,-11.061894114856157,3.3531587449007634,-14.415052859756921,26.936104361077753,-0.3443005152614198,-0.3448945934870107,448.42103656969573
2024-09-13 00:00:00+05:30,26.190000534057617,26.649999618530273,26.049999237060547,26.360000610351562,9971621,0.0,0.0,-891776099.4043814,3515705129,-0.027684232479050074,5076090.37986441,0.6618766995645603,-0.69048196646303,378011230.4902216,27.443732319742324,42.51577705611612,145.99567190798209,27.151500034332276,29.173640291340064,25.12935977732449,14.895237864949271,0.3042916604726728,0.0,0.0,26.839999898274737,27.75699990590413,25.922999890645343,6.833085030587785,0.2382773806272603,0.0,0.0,25.139999389648438,29.790000915527344,27.46500015258789,17.12613122663247,0.26236576782037296,0.9985454681322192,6.984306029781055,-0.07463686393349889,0.08189655719099732,-0.1565334211244962,26.897499879201252,26.76692302410419,26.742707636181645,26.817344500115144,0.8798561228079901,1.1604316041321674,-0.2805754813241773,0.06325972987352413,25.16174064066171,0.6484992027282708,24.66751593468015,35.84419425722187,-11.176678322541722,27.149999618530273,27.135000228881836,27.142499923706055,27.164999961853027,2.72775459432909,21.056745923758793,19.460704856739405,15.665168258454543,-70.59212372848891,26.789999961853027,26.649999618530273,40.0,16.0,24.0,26.32916060037179,29.136210733808422,0.0,0.0,46.4222597931677,0.15071225828057533,0.05023741942685852,0.01674580647561936,-1.73572762795108,39.163783869933226,11.428592188831171,5.569928049963931,-88.57140781116883,-0.2282057481653581,-5.009006809543918,-0.27831563983965085,0.302606214694609,-0.5809218545342598,-15.445116529665833,-0.4064963100125558,-15.038620219653279,26.915720583632265,1.1900245004613508,1.1829993876893763,454.9473812705593
2024-09-16 00:00:00+05:30,26.360000610351562,26.6200008392334,26.079999923706055,26.139999389648438,10899080,0.0,0.0,-900253187.291184,3504806049,-0.03405163573030963,4008390.1963779205,4.7250318740140335e-06,-0.679058433639372,377920266.4974666,27.271597032246206,31.854691312236966,145.99567190798209,27.19399995803833,29.0896310302484,25.29836888582826,13.941539127271607,0.22199216824372398,0.0,0.0,26.788333320617674,27.675333404541014,25.901333236694335,6.6222864506517025,0.13453558645589148,0.0,0.0,25.270000457763672,29.790000915527344,27.530000686645508,16.62131523401579,0.19247762030431492,0.9526910128717316,7.206177006665142,-0.11718749766756886,0.04207974621928409,-0.15926724388685295,26.759166558583576,26.769615320058968,26.649983290561153,26.76717078822872,0.8784489972055426,1.1580908765453468,-0.2796418793398042,0.042885614263978085,25.013404607831315,0.10599927902221751,22.041067367966654,34.721288782292476,-12.680221414325821,27.149999618530273,27.135000228881836,27.142499923706055,27.135000228881836,1.363877297164545,20.32451618259851,18.71505878762231,15.064949961123475,-85.50977886080042,26.625,26.649999618530273,36.0,12.0,24.0,26.32916060037179,29.010762304456087,0.0,0.0,44.87922317201352,0.07065371462225485,0.07378865763427679,0.04134202568704495,-2.9249595987599477,28.43907063635743,4.444425606430975,5.820098451495091,-95.55557439356903,-0.2957939428441634,-5.971222636578859,-0.4378030782360603,0.15452435610847515,-0.5923274343445355,-18.854982136058148,-4.096193475221675,-14.758788660836473,26.901381782225624,-0.834602487136249,-0.8381047942023656,450.31577662417766
2024-09-17 00:00:00+05:30,26.200000762939453,26.3700008392334,25.540000915527344,25.690000534057617,12544778,0.0,0.0,-908263719.2971725,3492261271,-0.03853783249542652,2629315.0620895177,-2.6134345164027173,-0.8843142485832597,377704308.73635525,27.104075097910382,34.75088638801617,145.99567190798209,27.209000015258788,29.051291088455006,25.36670894206257,13.541777148466045,0.0877417246109119,0.0,0.0,26.70166670481364,27.616666666666664,25.786666742960612,6.8535044794643785,-0.05282306717654407,0.0,1.0,25.440000534057617,29.790000915527344,27.61500072479248,15.987358517513506,0.057471259327920556,0.940421903955164,7.459944259920726,-0.18508676331640572,-0.003353555687853872,-0.18173320762855186,26.625,26.764615352337177,26.502293635714455,26.68738039903086,0.8504001082763507,1.2223998684082231,-0.3719997601318724,0.01924168746642513,24.833173843170872,-0.5790008544921861,15.622525993613381,32.4459263644958,-16.823400370882418,26.920000076293945,27.135000228881836,27.02750015258789,27.135000228881836,0.6819386485822725,18.962489723429314,17.598895294627518,18.04665536582054,-126.38820544125377,26.450000286102295,26.649999618530273,32.0,8.0,24.0,26.32916060037179,28.890331812277843,0.0,0.0,41.81741393089849,0.0,0.07378865763427679,0.06593824489847055,-4.824508670477525,28.9380520086694,5.319135984503129,7.064051259921739,-94.68086401549687,-0.4268527367535775,-5.897431311343443,-0.6935366474677562,-0.015087844606771122,-0.6784488028609851,-21.08976844391492,-7.494908468960324,-13.594859974954597,26.840207451737978,-1.7214952796403726,-1.7364852936409658,440.84211650647615
2024-09-18 00:00:00+05:30,25.799999237060547,26.149999618530273,25.440000534057617,25.68000030517578,14125807,0.0,0.0,-912839681.7382113,3478135464,-0.14988722656142955,2233518.43848521,-0.8042048308196047,-0.8424495620548434,377698810.0481418,26.944945531069774,37.39695463652418,145.99567190798209,27.08800001144409,28.996995581594806,25.179004441293376,14.094769413350605,0.13121975548713602,0.0,0.0,26.555000050862628,27.380000050862627,25.730000050862635,6.213519099377264,-0.03030287617385117,0.0,1.0,25.440000534057617,29.790000915527344,27.61500072479248,16.058772813171686,0.05517235633829434,0.9173796220069133,7.7158242141796505,-0.23697268186015563,-0.05007738092231423,-0.1868953009378414,26.545833428700764,26.767692272479717,26.375786969477737,26.612759651337893,0.8455218447838246,1.1815941641714671,-0.3360723193876425,-0.00568886512086888,24.655868971887063,-0.23799962997436452,7.749936508194126,28.888613505688934,-21.13867699749481,26.84500026702881,27.135000228881836,26.990000247955322,27.135000228881836,0.34096932429113624,17.847613861816196,16.682341329626546,17.840309637627385,-119.27987898696107,26.399999618530273,26.649999618530273,28.000000000000004,4.0,24.000000000000004,26.32916060037179,28.689311958472814,0.0,0.0,41.74924842309996,0.0,0.02355123820741836,0.05704285115865717,-6.410968230428662,28.738816127601897,8.39160419430156,6.051721928411869,-91.60839580569844,-0.524793894150676,-3.5674009971071756,-0.8904476084585328,-0.19015979737712346,-0.7002878110814093,-22.25949028515779,-10.447824832199817,-11.811665452957971,26.76602214243914,-0.038926542132911024,-0.03893412047806244,440.6315853721218
2024-09-19 00:00:00+05:30,25.799999237060547,25.950000762939453,24.940000534057617,25.420000076293945,15510015,0.0,0.0,-913607521.663022,3462625449,-0.32913576904224773,1338357.5972786504,-2.279169312098511,-0.8469418743902871,377541777.04962003,26.830821376305227,37.59293373402611,145.99567190798209,26.90050001144409,28.687435653704412,25.11356436918377,13.285519908552759,0.08574335299579125,0.0,0.0,26.323666826883954,27.10066687266032,25.546666781107586,5.90343321761563,-0.08151010125557781,0.0,1.0,24.940000534057617,29.790000915527344,27.36500072479248,18.02940606831258,0.0989689699964252,0.9266416826944056,7.954373497872835,-0.29566425815867703,-0.0991947563695868,-0.19646950178909023,26.426666736602783,26.781153825613167,26.228742832064846,26.524407090223523,0.8319739455559322,1.160685095968727,-0.32871115041279475,-0.03230385995941913,24.584386916968107,0.09949998855590891,-4.693382484558371,23.72659400366015,-28.41997648821852,26.09500026702881,27.135000228881836,26.615000247955322,27.135000228881836,0.17048466214556812,17.52109262045452,15.449688630269707,20.179998679303896,-134.02022959778887,26.297499656677246,26.649999618530273,24.0,0.0,24.0,26.32916060037179,28.429367044519598,0.0,0.0,39.92693951543152,0.0,0.0,0.032446631947231575,-8.271203610572734,32.10010413722697,14.285706176235676,9.332148785013436,-85.71429382376432,-0.645558446996354,-5.325885604689534,-1.1146875296890395,-0.37506534383950674,-0.7396221858495328,-22.545474912459404,-12.867354848251734,-9.67812006420767,26.351578337239538,-1.0124619384425548,-1.0176221942908903,435.1578963430304
2024-09-20 00:00:00+05:30,25.75,25.760000228881836,25.31999969482422,25.40999984741211,8862788,0.0,0.0,-918844621.916699,3453762661,-0.24876259631905473,1134502.2393058164,0.4716320486407154,-0.5776864053249532,377538290.42852384,26.78776264398192,41.708640510224036,145.93823720576117,26.757999992370607,28.543100535026337,24.972899449714877,13.342555820051633,0.12243019013566302,0.0,0.0,26.125333468119305,26.82133356730143,25.429333368937176,5.328162413937833,-0.013889022104871248,0.0,1.0,24.940000534057617,29.149999618530273,27.045000076293945,15.733608960583881,0.11163881604819025,0.8779775678307267,8.036105131129611,-0.3390760326833231,-0.14717101163233406,-0.19190502105098903,26.294166723887127,26.795000002934383,26.102782372887503,26.441858405570827,0.9038786398835906,1.1298481390325208,-0.22596949914893016,-0.05893347335437279,24.518578401970395,1.3819993972778306,-14.28981565070706,17.37802774218081,-31.667843392887868,25.99000072479248,27.355000495910645,26.672500610351562,27.135000228881836,0.08524233107278406,17.217894324904396,14.932058179876023,19.503882671059806,-121.52343972305285,26.112499713897705,26.649999618530273,20.0,0.0,20.0,26.32916060037179,28.0804303934734,0.0,0.0,39.854882584001736,0.0,0.0,0.007850412735805976,-9.84976646949836,33.41990980677163,13.988080201770316,12.221796857435832,-86.01191979822968,-0.7868230483111205,-5.888889454029225,-1.2823456940223454,-0.5565214138760746,-0.7258242801462709,-25.36560290979779,-15.367004460560945,-9.998598449236844,26.10560593639042,-0.03934000335099608,-0.03934774356038062,434.94736520867605
2024-09-23 00:00:00+05:30,25.489999771118164,26.329999923706055,25.43000030517578,25.780000686645508,13863748,0.0,0.0,-921925438.482741,3467626409,-0.1720353864531435,1705230.261536464,2.207195396434906,-0.3581035468397446,377740163.6448058,26.740978676069382,46.72620075558738,145.93823720576117,26.65349998474121,28.410454819882588,24.89654514959983,13.183670708516427,0.2514166896540021,0.0,0.0,26.031333478291828,26.73433354695638,25.32833340962728,5.401183686965542,0.32124269765452174,0.0,0.0,24.940000534057617,29.149999618530273,27.045000076293945,15.795295502965192,0.19952502025142577,0.8821798186770486,8.067506435877737,-0.3397082559454567,-0.18567846049495862,-0.1540297954504981,26.097500165303547,26.81346159714919,26.053123651927198,26.392831907872655,0.9190515283586727,1.0490597223162295,-0.1300081939575568,-0.08164325061384665,24.562588957242042,0.5365005493164077,-20.77920597593633,10.493179744477844,-31.27238572041417,25.96500015258789,27.36500072479248,26.665000438690186,27.135000228881836,0.04262116553639203,16.006739857750965,18.23085444244667,18.135671684560574,-84.1178893658577,25.97499990463257,26.649999618530273,16.0,92.0,-76.0,26.32916060037179,27.76638740753182,0.0,0.0,43.889751120445865,0.22509455301961312,0.07503151767320444,0.025010505891068003,-10.215728357379444,35.21388999979674,25.000014191587567,17.757933523197835,-74.99998580841243,-0.8986172339495475,-8.386633810202133,-1.2871231746985285,-0.7026417660405655,-0.584481408657963,-25.465017868915396,-17.38660714223184,-8.078410726683558,26.075136216388778,1.4561229494500783,1.4456232818815362,442.7368565609581
2024-09-24 00:00:00+05:30,25.899999618530273,25.899999618530273,25.5,25.520000457763672,7212923,0.0,0.0,-928417051.9857761,3460413486,-0.25737433730396797,1193717.1340445322,-0.9982090950595937,-0.6276779987022377,377667418.8200984,26.627493516634143,36.370845134218435,144.46639957715453,26.507999992370607,28.129105436022606,24.886894548718608,12.231065671635557,0.1952698115733957,0.0,0.0,25.923000081380213,26.613000043233235,25.233000119527183,5.323457622087763,0.20797127108944774,0.0,0.0,24.940000534057617,29.149999618530273,27.045000076293945,15.881994438223767,0.1377672327400768,0.8339617986623711,8.205099917948163,-0.3570730274041374,-0.21995737387679437,-0.137115653527343,25.958333492279053,26.822307733389046,25.971104698978962,26.3281777263831,0.9047185933944816,1.2014518349489256,-0.296733241554444,-0.10251091471104952,24.568271214599417,0.1820005416870103,-28.09051469678684,3.426343395902139,-31.51685809268898,25.795000076293945,27.36500072479248,26.580000400543213,27.135000228881836,0.021310582768196015,14.882096423965635,17.651079209942385,17.55892344158978,-94.41177330398521,25.9399995803833,26.649999618530273,12.0,88.0,-76.0,26.32916060037179,27.4837487201844,0.0,0.0,41.76923658207866,0.10679670319523973,0.11063041873828434,0.06188731213716279,-11.088656878184194,32.329793895435735,17.26190915453901,18.75000118263228,-82.73809084546099,-0.9502056963303502,-6.141964117294292,-1.3562390497171382,-0.83336122277588,-0.5228778269412582,-28.415549980643394,-19.59239570991415,-8.823154270729244,26.013292752736234,-1.0085346080557778,-1.0136547731818268,437.26316753186677
2024-09-25 00:00:00+05:30,25.5,25.59000015258789,25.170000076293945,25.229999542236328,7171547,0.0,0.0,-933539604.1675963,3453241939,-0.230116314208573,726078.2297885455,-1.8740711905006144,-0.8077407709589011,377585923.712009,26.277588271896935,17.04045656434556,142.82473079232625,26.381999969482422,27.9890541262193,24.774945812745543,12.182959279780542,0.14158008539512176,0.0,0.0,25.818333435058594,26.451333427429198,25.18533344268799,4.903492271976437,0.03528127968932603,0.0,0.0,24.940000534057617,28.360000610351562,26.65000057220459,12.963384429725025,0.08479502973957999,0.7925656264255285,8.375244742919111,-0.3897426732055216,-0.25391443374253986,-0.13582823946298173,25.836666742960613,26.816153893103966,25.857088521018557,26.24683119422408,0.8331658572735919,1.2703516000449329,-0.4371857427713409,-0.12319220742338188,23.999502142108575,0.23800086975097656,-33.32241077277431,-3.454920419589857,-29.867490353184454,25.795000076293945,27.36500072479248,26.580000400543213,27.135000228881836,0.010655291384098008,14.332392243012666,17.03836898248865,19.676809015381682,-115.49493745171799,25.9399995803833,26.649999618530273,8.0,84.0,-76.0,26.32916060037179,27.229373901571723,0.0,0.0,39.47813130603755,0.0,0.11063041873828434,0.09876411838325756,-12.460800978249317,30.040038858626172,8.761300754353625,17.007741366826714,-91.23869924564637,-1.0149703979492202,-5.470217169753382,-1.4849132465609374,-0.9636716275328916,-0.5212416190280458,-30.882519115693714,-21.850420391070067,-9.032098724623648,25.939993182714513,-1.1363672034697014,-1.1428731904695955,431.15788509971213
2024-09-26 00:00:00+05:30,25.399999618530273,25.65999984741211,25.0,25.059999465942383,12517223,0.0,0.0,-943780988.171492,3440724716,-0.26722853936060664,318362.9305347067,-0.26363769548234567,-0.849284058332808,377501582.49506104,26.013043178561976,18.696372814369255,142.82473079232625,26.244999980926515,27.81182471807156,24.67817524378147,11.939986574842674,0.1218465004760662,0.0,0.0,25.724666786193847,26.37566680908203,25.073666763305667,5.061290226216393,-0.010497155823934309,0.0,1.0,24.940000534057617,28.299999237060547,26.619999885559082,12.802433627147266,0.03571398160883784,0.7793090485241866,8.337734357833904,-0.42445829724765716,-0.28802320644356333,-0.13643509080409383,25.706666628519695,26.6992307809683,25.734459435622224,26.15891773286988,0.7841879993544358,1.274572599063932,-0.4903845997094962,-0.14389756218039165,23.531948603287855,-0.10500059127807759,-38.32067338704651,-10.453608122003931,-27.86706526504258,25.780000686645508,27.36500072479248,26.572500705718994,27.135000228881836,0.005327645692049004,14.084355090195817,16.093002719443326,20.014198603271097,-116.24207989986509,26.889999389648438,27.239999771118164,4.0,80.0,-76.0,26.32916060037179,27.000436564820312,0.0,0.0,38.15684952157385,0.0,0.035598901065079985,0.08561991284721608,-13.989705332302673,29.532035079506063,5.194760157046664,10.405990021979745,-94.80523984295334,-1.0048823076135989,-5.860260421148584,-1.6226141371066962,-1.0954601294476525,-0.5271540076590437,-30.082681587988098,-23.496872630453673,-6.585808957534425,25.85089970212398,-0.6738013451381808,-0.6760816352576526,427.57893612510276
2024-09-27 00:00:00+05:30,25.170000076293945,25.670000076293945,25.049999237060547,25.350000381469727,11774344,0.0,0.0,-944160777.6769048,3452499060,-0.2549996011581254,760678.3032774467,0.15796939191615708,-0.5882380758864364,377637838.3056158,25.880051960362767,26.47659786109702,144.477536202239,26.147500038146973,27.681942924695214,24.61305715159873,11.736822903219199,0.24013380893203629,0.0,0.0,25.62500012715658,26.278000195821125,24.972000058492025,5.09658587648178,0.2894336012481207,0.0,0.0,24.940000534057617,28.299999237060547,26.619999885559082,12.850171902097632,0.12202381121328423,0.7633782275951078,8.122844259732533,-0.4236860402329299,-0.3151557732014367,-0.10853026703149321,25.640833377838135,26.552307715782753,25.675311888829533,26.098997929062463,0.8480873152790482,1.1704917164800732,-0.322404401201025,-0.16136601859782054,23.116936773415304,-0.09750080108642578,-42.54458755560712,-17.629792002401018,-24.914795553206105,25.655000686645508,27.36500072479248,26.510000705718994,27.135000228881836,0.002663822846024502,13.834229287136026,15.323415598681223,18.950483092862495,-94.50591260991055,26.989999771118164,27.239999771118164,0.0,76.0,-76.0,26.32916060037179,26.79439296174404,0.0,0.0,41.73906143024027,0.38389703744683795,0.12796567914894605,0.09139833298410331,-14.397130439251974,30.97377580651792,19.523798711177516,11.159953207525916,-80.47620128882248,-1.0198529523961675,-3.0221844935909,-1.6233804891073442,-1.2010442013795908,-0.42233628772775345,-29.58848932261961,-24.715195968886864,-4.873293353732745,25.79781826717991,1.1572263436057328,1.1505816928543133,433.6842185572574
2024-09-30 00:00:00+05:30,25.389999389648438,27.290000915527344,24.93000030517578,26.530000686645508,40506503,0.0,0.0,-929743209.9222367,3493005563,-0.17135284395687508,7480250.817324054,4.369675428253188,-0.259597241644725,379523348.5692189,25.89753797810634,43.977375276436554,144.477536202239,26.142500114440917,27.671262765634637,24.613737463247197,11.695611701263745,0.6267366689989498,0.0,0.0,25.622000185648602,26.457000223795575,24.78700014750163,6.517836485027215,1.0437128500089266,1.0,0.0,24.93000030517578,28.299999237060547,26.614999771118164,12.890882345346933,0.4747777117468942,0.9230404658707532,7.779590274299455,-0.3241215861448872,-0.31694893579012684,-0.007172650354760335,25.680833498636883,26.485769271850586,25.806802473108913,26.1309240592538,0.8542804945139415,0.9754097976213038,-0.12112930310736225,-0.16697263492439582,23.195649497126954,0.21750049591064524,-40.82356769335677,-23.901580189842143,-16.92198750351463,26.110000610351562,27.039999961853027,26.575000286102295,27.135000228881836,50.001331911423016,14.48972689285006,24.862078036235243,15.560385758524761,5.0616858327483065,27.135000228881836,27.239999771118164,8.0,100.0,-92.0,24.940000534057617,26.79439296174404,1.0,0.0,53.533278857989615,1.0,0.4612990124822794,0.2082878642321017,-11.167119444896926,40.229880552467854,67.79660879966379,30.838389222629303,-32.20339120033621,-0.9892940465141749,1.8426159832744922,-1.240375523689547,-1.2089104658415821,-0.03146505784796494,-14.993535327471788,-22.77086384060385,7.777328513132064,25.81133997973776,4.654833480942799,4.549744894619145,458.52633024516865
2024-10-01 00:00:00+05:30,26.15999984741211,28.0,26.15999984741211,27.290000915527344,39939997,0.0,0.0,-920626429.1746452,3532945560,-0.15710218271546833,10747987.395069167,4.4687005975048395,0.18231535602694102,380667502.5864036,26.091757124651576,57.96345249410548,148.6163585821893,26.164500141143797,27.745139104068212,24.583861178219383,12.082317295554615,0.8560271512924129,0.0,0.0,25.750333468119305,26.68633352915446,24.814333407084145,7.269809241064705,1.3224718734020515,1.0,0.0,24.93000030517578,28.299999237060547,26.614999771118164,12.880043240671075,0.700297138976144,1.014736434542467,7.475805453464101,-0.18179475529736067,-0.2899180996915736,0.10812334439421295,25.758333524068195,26.463461582477276,26.034986848865593,26.216781604162954,1.0118342661013735,0.912933176059054,0.0989010900423195,-0.1584514002376777,23.454530049782473,-0.024500751495359907,-34.92754821443397,-28.64352293680082,-6.284025277633148,26.46500015258789,27.039999961853027,26.75250005722046,27.135000228881836,75.00066595571151,15.788018783137018,26.654392303663855,13.528367111475385,100.76337624417047,27.135000228881836,27.239999771118164,4.0,96.0,-92.0,24.93000030517578,26.79439296174404,0.0,0.0,59.254486791401604,1.0,0.7946323458156127,0.4612990124822793,-6.4167883652079265,45.23132007517879,76.87299169216011,54.73113306766712,-23.127008307839887,-0.7593234510982718,3.528073913665125,-0.6934289572313237,-1.1058141641195305,0.4123852068882068,-5.017592505003206,-19.220209573483725,14.202617068480519,25.97445975953571,2.8646822812349093,2.824417423683645,474.52633506373354
2024-10-03 00:00:00+05:30,26.739999771118164,27.43000030517578,25.770000457763672,25.940000534057617,19813664,0.0,0.0,-936381870.642982,3513131896,-0.1645835437337002,5391352.9160145745,-4.021463000837135,-0.03693823956102017,379687346.7395383,26.112313773444708,56.12514919209111,141.26450317552852,26.11150016784668,27.64696477320996,24.576035562483398,11.760830250986723,0.4441538303162366,0.0,0.0,25.81266682942708,26.84366696675619,24.781666692097982,7.988327158461113,0.5617525158436938,0.0,0.0,24.93000030517578,28.299999237060547,26.614999771118164,12.90618658530594,0.2997034270028582,1.0792627758294313,7.254642846647159,-0.175905733009305,-0.2671156263551199,0.09120989334581486,25.741666952768963,26.367692360511192,26.020373569664365,26.19627930267367,0.9807840154534797,0.925441886131452,0.055342129322027755,-0.15039411062342284,23.677493881021825,-0.4214996337890611,-32.61272055890209,-31.7456716117279,-0.8670489471741902,26.46500015258789,27.039999961853027,26.75250005722046,27.135000228881836,87.50033297785575,16.339163233848197,23.65333318115023,14.650406472714343,22.977099083154606,27.135000228881836,27.239999771118164,0.0,92.0,-92.0,24.93000030517578,26.79439296174404,0.0,0.0,47.95866902563367,0.4645932328203235,0.8215310776067746,0.6924874786348888,-6.007492343153486,40.35514348183159,32.89903352709181,59.18954467297189,-67.1009664729082,-0.5657645786509811,-0.7651065809512635,-0.671491286899478,-1.01894958867552,0.347458301776042,-5.155539973299681,-16.407275653446916,11.251735680147235,25.97414080391811,-4.946868216122368,-5.073416879184878,446.10527440121297
2024-10-04 00:00:00+05:30,25.950000762939453,26.239999771118164,25.3799991607666,25.719999313354492,18282613,0.0,0.0,-940208467.8334949,3494849283,-0.3120312718073381,4046560.0454920894,-3.716105950127637,-0.3496512859676057,379532289.0257822,26.07592743014937,49.874202565602424,140.06641672599923,25.99050016403198,27.21800996679299,24.762990361270973,9.445834401138221,0.3898172340175784,0.0,0.0,25.84700005849202,26.863000233968098,24.830999883015952,7.8616487265590145,0.43749964409306163,0.0,0.0,24.93000030517578,28.25,26.59000015258789,12.773896900294119,0.2379515303601672,1.0573365592816444,7.155924598802402,-0.1868371578481458,-0.25105993265372506,0.06422277480557925,25.7441668510437,26.289615411024826,25.974162145616695,26.16099930346484,0.9480029833399523,1.029389549369921,-0.08138656602996874,-0.14432349987822793,23.827483802302623,-0.31049985885620046,-31.075022739453424,-33.61069462158861,2.5356718821351834,26.46500015258789,26.645000457763672,26.55500030517578,27.135000228881836,93.75016648892787,16.240271218326253,22.255308679404845,16.464836762618276,-39.88687135468257,27.24500036239624,27.239999771118164,0.0,88.0,-88.0,25.05280029296875,26.79439296174404,0.0,0.0,46.40611220041,0.3910041002853729,0.6185324443685656,0.7448986225969841,-6.21471128189538,41.223181082593335,25.73286927391517,45.16829816438901,-74.26713072608483,-0.4874117121976944,0.11677220191998507,-0.7141820374705661,-0.9579960784345293,0.2438140409639632,-5.800178970160663,-14.285856316789667,8.485677346629004,25.97152864064369,-0.848115713853892,-0.8517326804016623,441.47366975483135
2024-10-07 00:00:00+05:30,25.690000534057617,25.799999237060547,24.329999923706055,24.440000534057617,21786503,0.0,0.0,-958734386.1438907,3473062780,-0.31559127164857886,-515333.8531707376,-5.02673292827686,-0.7087039754896581,378448047.2687979,25.957902975216765,47.86463180139031,140.06641672599923,25.853000164031982,27.127443143865214,24.57855718419875,9.85914958996753,-0.054359689814943386,0.0,1.0,25.783000055948897,26.902000109354656,24.66400000254313,8.680138470911393,-0.10008912323272594,0.0,1.0,24.329999923706055,28.0,26.164999961853027,14.195644811080136,0.02997291772883116,1.0986028346889292,7.442407054213975,-0.2953806308384621,-0.2599240722906725,-0.03545655854778962,25.640833536783855,26.160384691678562,25.738137282299917,26.03351791313838,0.8753520871362773,1.0563381057342687,-0.18098601859799135,-0.14902006904254606,24.038465250159977,-0.4330000877380371,-34.296762452579415,-35.11264534121562,0.8158828886362031,26.164999961853027,26.3149995803833,26.239999771118164,27.0600004196167,83.49483236794319,15.384592150452926,20.07154203259143,21.858063691018064,-149.65059914657138,27.300000190734863,27.239999771118164,16.0,100.0,-84.0,25.05280029296875,28.0,0.0,1.0,38.580514075096914,0.0200811374328139,0.29189282351283685,0.5773187818293922,-9.26370096208645,37.75376755322152,2.997291772883116,20.543064857963348,-97.00270822711688,-0.5369999717263596,-4.828659487469878,-1.1346166577410266,-0.9933201942958287,-0.14129646344519786,-4.9034890134302875,-12.409382856117793,7.505893842687505,25.932721640758377,-4.976667237437549,-5.10477165172909,414.5263270327919
2024-10-08 00:00:00+05:30,24.510000228881836,25.290000915527344,24.110000610351562,25.139999389648438,14414645,0.0,0.0,-947984517.7299962,3487477425,-0.26610076756186135,999747.4121033591,-2.987924544604043,-0.7354532632183243,378860904.66582155,25.897387870491315,47.61148205591175,144.07813232634373,25.775500106811524,27.02519605796893,24.525804155654118,9.696773649231016,0.24573786664887667,0.0,0.0,25.683000055948895,26.83000017801921,24.535999933878582,8.931979282573229,0.2632952883560501,0.0,0.0,24.110000610351562,28.0,26.05500030517578,15.091848358047773,0.2647812187420323,1.1067425817376144,7.376205909497756,-0.3212152877969814,-0.27218231539193427,-0.049032972405047115,25.61750014623006,26.077307774470402,25.646116068045846,25.967331355842827,0.9003435980143126,1.0728521912419016,-0.17250859322758894,-0.1553202546223214,24.24741020024385,-0.3655002593994148,-36.38451379966512,-36.03420079709098,-0.3503130025741399,26.05500030517578,26.204999923706055,26.130000114440918,26.950000762939453,63.04460475888489,14.8385886227859,18.50210659013587,21.606749768361556,-139.1249895847984,27.332500457763672,27.239999771118164,12.0,100.0,-88.0,25.05280029296875,27.92659999847412,0.0,0.0,44.129311115788106,0.2830867512712251,0.23139066299647074,0.3806053102926243,-9.73561257826977,44.08639434400107,26.47812187420323,18.402760973667153,-73.52187812579677,-0.7938528958488931,-1.1014975838124779,-1.2369976852654354,-1.0420556924897502,-0.19494199277568525,-7.021612893679871,-11.33182886363021,4.31021596995034,25.920571068937594,2.8641523743641484,2.8239022728817176,429.2631450452302
2024-10-09 00:00:00+05:30,25.239999771118164,25.690000534057617,25.0,25.06999969482422,13830841,0.0,0.0,-959009115.5421281,3473646584,-0.27529623498120853,718618.5462082662,3.217808680531817,-0.4481665838360798,378822394.1378714,25.86919897880224,53.22053799657009,143.67696185941682,25.698000049591066,26.92054853685575,24.47545156232638,9.514736437897547,0.24315932606815158,0.0,0.0,25.644333394368488,26.820333607991536,24.46833318074544,9.171618505640694,0.25581054625200766,0.0,0.0,24.110000610351562,28.0,26.05500030517578,15.13736237116374,0.24678643575813441,1.0650683769696148,7.3264248972673425,-0.3433795640576207,-0.28642176512507156,-0.05695779893254915,25.589166800181072,26.01730779501108,25.557482779857903,25.900862343915524,0.9683413000895522,1.0302820748903965,-0.061940774800844256,-0.16266416800122946,24.418886622257666,0.08200063705444194,-38.30232899764655,-36.587525044299014,-1.714803953347534,26.05500030517578,26.204999923706055,26.130000114440918,26.950000762939453,42.16725605087711,13.820282602271325,20.354332832130265,20.592769584799186,-76.41138548809326,27.375000476837158,27.239999771118164,8.0,96.0,-88.0,25.05280029296875,27.77393602294922,0.0,0.0,43.704106075100405,0.2629325967917661,0.18870016183193514,0.23732788278041408,-10.23681980369229,42.12878687468793,24.678643575813442,18.051352407633242,-75.32135642418656,-1.0812940148746293,-1.3380564920488107,-1.325745681738992,-1.0987936903395985,-0.2269519913993936,-8.952928552488086,-10.856048801401787,1.9031202489137016,25.91074918964137,-0.27843952475608,-0.2788278886741047,427.7894672594573
2024-10-10 00:00:00+05:30,25.200000762939453,25.350000381469727,24.809999465942383,24.899999618530273,8821786,0.0,0.0,-964890306.2087947,3464824798,-0.2636130102477307,401715.28345724836,-1.6221253611156237,-0.4012348730515879,378762573.463308,25.865920584530176,54.718060545294534,142.70268604070486,25.636000061035155,26.88801326530333,24.38398685676698,9.76761742305612,0.20607321073139637,0.0,0.0,25.613333384195965,26.801333681742353,24.425333086649577,9.276420836964645,0.19977542634502685,0.0,0.0,24.110000610351562,28.0,26.05500030517578,15.173971681958886,0.20308460980249868,1.0125616308253877,7.2444031127449104,-0.3703928399883232,-0.3032159800977219,-0.06717685989060129,25.515833377838135,25.942307765667255,25.456331524269036,25.82672436425736,0.9893313306629554,1.0412517630422393,-0.0519204323792839,-0.17136091556443359,24.39761555098598,-0.11599960327148295,-39.467736876518266,-36.714976543129204,-2.7527603333890625,26.05500030517578,26.204999923706055,26.130000114440918,26.950000762939453,26.402464245133903,13.108127156058313,19.579906019743103,21.147972665373217,-99.0862925412016,27.615000247955322,27.164999961853027,4.0,92.0,-88.0,25.05280029296875,27.627378606445312,0.0,0.0,42.62981405989129,0.21201258136684037,0.25267730980994396,0.2242560448794498,-10.974176772434216,36.79473094021898,20.30846098024987,23.82174214342216,-79.69153901975014,-1.2791176459368536,-3.4135028885825065,-1.434145634437965,-1.1658640791592718,-0.26828155527869324,-12.689250272222456,-11.222689095565922,-1.4665611766565334,25.901313834573724,-0.6781016288924913,-0.6804111846662853,424.2105182848479
2024-10-11 00:00:00+05:30,24.989999771118164,25.59000015258789,24.90999984741211,25.25,11895383,0.0,0.0,-964890306.2087947,3476720181,-0.23197690058204204,939097.1840674272,0.9718064879440107,-0.3655081273870668,378929777.8268225,25.849156897027978,55.256902816238934,142.70268604070486,25.596000099182127,26.843660798949006,24.34833939941525,9.748872440477491,0.3613404673054235,0.0,0.0,25.61433340708415,26.804333750406904,24.42433306376139,9.29167528516388,0.3469187806841951,0.0,0.0,24.110000610351562,28.0,26.05500030517578,15.19768469516741,0.2930590150430502,0.9803055211486107,7.053367906989059,-0.3594158281360009,-0.3144559497053777,-0.04495987843062321,25.493333339691162,25.875000073359562,25.424588212843034,25.784004040979035,0.9692522408675542,1.0097833233789573,-0.04053108251140303,-0.17768756865524346,24.287076123941553,-0.36600055694579936,-36.484625433416994,-36.04164741844141,-0.4429780149755871,26.05500030517578,26.204999923706055,26.130000114440918,26.950000762939453,15.857009616392643,12.21430353343071,20.336250588918013,20.095842801296705,-60.30114776115551,27.615000247955322,27.164999961853027,0.0,88.0,-88.0,25.05280029296875,27.486683486601564,0.0,0.0,45.59494220371358,0.35255571925000007,0.2758336324695356,0.23907036803713808,-10.666873760830589,34.27012386511867,29.30590150430502,24.76433535345609,-70.69409849569499,-1.2839116433087518,-1.05799550517458,-1.393948851252017,-1.211481033577821,-0.18246781767419606,-14.347108642798153,-11.84757300501237,-2.499535637785783,25.896883332202062,1.4056240435010414,1.395836757077662,431.57894736842104
2024-10-14 00:00:00+05:30,25.540000915527344,25.65999984741211,24.299999237060547,24.6200008392334,14502504,0.0,0.0,-972568071.3370695,3462217677,-0.2538419367909236,-500283.1778013883,-2.5319819760352766,-0.7040207968492227,378567933.65458435,25.7901363813538,49.507219236359425,142.70268604070486,25.50900011062622,26.773973147721694,24.24402707353075,9.917856690655045,0.14860939904534642,0.0,0.0,25.564666748046875,26.828667068481444,24.300666427612306,9.888650870296502,0.12631895991581069,0.0,0.0,24.110000610351562,28.0,26.05500030517578,15.249517318509046,0.13110547786690724,1.0182750300689059,7.180763830881926,-0.39697604161045774,-0.3309599680863938,-0.06601607352406397,25.442500114440918,25.739615513728214,25.30080553998001,25.69778158159047,0.9227117964633239,1.0447457407946206,-0.12203394433129666,-0.1865080051211018,24.260859296820033,-0.4490006446838386,-37.437936806661085,-35.66546620880856,-1.772470597852525,26.05500030517578,26.18000030517578,26.11750030517578,26.950000762939453,7.928504808196322,12.052868273333155,18.393814373069688,22.46054284012506,-106.57867040913298,27.454999923706055,27.164999961853027,0.0,84.0,-84.0,25.05280029296875,27.351616171551562,0.0,0.0,41.4428850121193,0.15575372012129957,0.24010734024604674,0.2562060941751753,-11.705042016571634,35.63194508185083,13.110547786690725,20.908303423748517,-86.88945221330927,-1.2032646010903747,-2.4177515420947997,-1.544787204101874,-1.2781422676826315,-0.2666449364192425,-14.358242032436019,-12.3497068104971,-2.008535221938919,25.87529546255197,-2.4950461812538682,-2.526700087759659,418.3158071417558
2024-10-15 00:00:00+05:30,24.299999237060547,24.489999771118164,23.84000015258789,24.0,11992238,0.0,0.0,-978656440.4872131,3450225439,-0.24549359683147706,-1490985.2415849974,-4.417435814328222,-0.9482512767969818,378265935.38606936,25.713025401357616,48.695847084043656,139.10903120357318,25.402000141143798,26.79129674714638,24.012703535141217,10.938481995772669,-0.004571930531727363,0.0,1.0,25.350666681925453,26.4436669031779,24.257666460673015,8.623049128974039,-0.11787118413286372,0.0,1.0,23.84000015258789,28.0,25.920000076293945,16.376662563174023,0.038461503192516594,0.9944475957265662,7.466783960705508,-0.47133837220182073,-0.3590356489094792,-0.11230272329234153,25.354166825612385,25.61692318549523,25.100681610752318,25.57201998295414,0.8810310268667554,1.0839390707571908,-0.20290804389043537,-0.20091950828461666,24.234738254949075,-0.051999759674071555,-44.73745466841138,-36.75545581480605,-7.981998853605333,25.635000228881836,25.920000076293945,25.77750015258789,26.815000534057617,3.964252404098161,12.40771988604439,17.36912019755164,24.494668035049873,-191.56979204194195,27.454999923706055,27.164999961853027,64.0,100.0,-36.0,25.05280029296875,27.22195154910356,0.0,0.0,37.795177278103516,0.0,0.1694364797904333,0.2284591508353384,-13.754879391163746,34.31752254487507,3.846150319251659,15.420866536749116,-96.15384968074834,-1.1908530123093541,-4.229846322953708,-1.8431800558423097,-1.391149825314567,-0.4520302305277426,-15.474254817719707,-12.974616411941621,-2.499638405778086,25.692477257270298,-2.5182811458129284,-2.5505324495826542,405.2631578947368
2024-10-16 00:00:00+05:30,24.139999389648438,24.139999389648438,23.600000381469727,23.809999465942383,9547079,0.0,0.0,-980778032.3325233,3440678360,-0.22920574015805484,-1537123.0797428924,-1.6685705503366477,-0.9335726596424128,378190354.1315406,25.6527768347547,48.34571795785661,138.00774827770167,25.308000087738037,26.85237873431206,23.763621441164013,12.204667624624282,0.01501510814114565,0.0,0.0,25.020666631062824,25.983666737874348,24.057666524251303,7.697637485133754,-0.12859139711258277,0.0,1.0,23.600000381469727,28.0,25.800000190734863,17.385805291908916,0.04772706879070185,0.9490027369717806,7.9784923864967245,-0.5393848177215652,-0.3951054826718964,-0.14427933504966883,25.225833415985107,25.506153913644646,24.902115126935406,25.44149994465697,0.8878688154705071,1.085901582836318,-0.198032767365811,-0.219556823737487,24.232342025653686,1.2220005989074707,-54.10190420209353,-39.14314288627176,-14.958761315821768,24.920000076293945,25.800000190734863,25.360000133514404,26.695000648498535,1.9821262020490804,12.98753940152488,16.676477207865613,25.290223584324966,-194.34863360395673,27.454999923706055,27.164999961853027,60.0,100.0,-40.0,25.05280029296875,27.01903446531262,0.0,0.0,36.728291305285666,0.0,0.05191790670709993,0.1538205755811932,-15.739910536953012,37.98251590177726,4.772706879070185,7.243134995004172,-95.22729312092982,-1.3561472107382393,-6.074954210466401,-2.12009833891434,-1.5369395280345217,-0.5831588108798185,-17.546456260101383,-13.888984381573575,-3.657471878527808,25.327945009217746,-0.7916688919067383,-0.7948192279145783,401.26314665141865
2024-10-17 00:00:00+05:30,23.809999465942383,23.889999389648438,23.010000228881836,23.110000610351562,8709132,0.0,0.0,-987507806.7124286,3431969228,-0.24012481122608503,-2188445.8445209637,-4.2438180367524625,-1.2178712554474214,377934311.1844624,25.591737639743574,49.21176462183682,133.95040816749963,25.179500102996826,26.98438789115524,23.374612314838412,14.336168555972236,-0.07330419825069615,0.0,1.0,24.71633326212565,25.601333300272625,23.831333223978678,7.1612567184721785,-0.40753253250556515,0.0,1.0,23.010000228881836,28.0,25.505000114440918,19.817707860388627,0.02004015752636365,0.9421023793512628,8.817599404076601,-0.642391088956856,-0.44456260392888836,-0.19782848502796768,24.940833409627277,25.371153904841496,24.626405201307122,25.268796290263978,0.862314115227753,1.1053651474582395,-0.24305103223048652,-0.24511927560533156,24.238213191078138,2.1105008125305176,-62.658369987123706,-42.652403691568466,-20.00596629555524,24.40499973297119,25.505000114440918,24.954999923706055,26.40000057220459,0.9910631010245402,14.096820196911027,15.585709719030735,28.021336187432276,-213.4329412983662,27.257500171661377,27.164999961853027,56.00000000000001,100.0,-43.99999999999999,25.05280029296875,26.74551173860519,0.0,0.0,33.029109510575935,0.0,0.0,0.07378479549917759,-18.637826363517608,29.427328539299104,2.004015752636365,3.5409576503193843,-97.99598424736364,-1.5530295764698714,-12.891066670855691,-2.542230668915433,-1.737997756210704,-0.8042329127047287,-19.639828970824333,-15.039153299423727,-4.600675671400605,24.9547945325336,-2.9399364606962353,-2.984018737179861,386.5263286389802
2024-10-18 00:00:00+05:30,22.950000762939453,23.440000534057617,22.530000686645508,23.389999389648438,9219360,0.0,0.0,-979301586.5542234,3441188588,-0.21562733982733578,-1507037.9316039067,-4.589789313554364,-1.5569968772667442,378046012.1571029,25.509439503817887,45.07787142579118,133.95040816749963,25.07800006866455,27.03894509929373,23.11705503803537,15.638767248265692,0.06959510525531938,0.0,0.0,24.450333340962725,25.340333302815754,23.5603333791097,7.2800640338262435,-0.09569325660790938,0.0,1.0,22.530000686645508,28.0,25.265000343322754,21.811943928452905,0.15722098920621858,0.9388921261573475,9.524296696182585,-0.6934372268872409,-0.4943375285205589,-0.19909969836668195,24.615833282470703,25.265384674072266,24.4361889225904,25.12962614947764,0.8312183066716045,1.1326140838797596,-0.30139577720815514,-0.27177186961802796,24.33086795952912,0.8620004653930664,-69.08948269338133,-46.518261496102006,-22.57122119727932,24.110000610351562,25.265000343322754,24.687500476837158,26.160000801086426,0.4955315505122701,15.540308463652435,14.52752099961383,29.70009465149793,-188.11817708132534,27.142499923706055,27.164999961853027,52.0,100.0,-48.0,25.05280029296875,26.371960587632856,0.0,0.0,35.81388096959667,0.10618613525368727,0.03539537841789583,0.029104428374998437,-20.17616498858995,37.95876595635563,15.722098920621859,7.4996071841094505,-84.27790107937814,-1.8744118241702807,-14.290954177505727,-2.759441078679378,-1.942286420704439,-0.8171546579749389,-20.993289359239064,-16.229980511386795,-4.763308847852269,24.767808970355773,1.211591397238898,1.204310380453455,392.42103978207234
2024-10-21 00:00:00+05:30,23.639999389648438,23.639999389648438,22.5,22.610000610351562,10358733,0.0,0.0,-987661253.6550386,3430829855,-0.22477286243247613,-2446003.8120979564,0.9354320110336284,-1.8022999784967126,377700573.96531576,25.242656205954262,32.23310442155389,133.95040816749963,24.938000106811522,27.16579384737703,22.710206366246013,17.866659162913496,-0.022489908753629387,0.0,1.0,24.256333351135254,25.113333320617674,23.39933338165283,7.06619551336527,-0.4605208864697974,0.0,1.0,22.5,28.0,25.25,22.054695550738007,0.020000110973011364,0.9590028525064564,10.569714716721474,-0.7877503460998341,-0.553020092036414,-0.23473025406342007,24.338333288828533,25.133077034583458,24.155236874553655,24.94298722065349,0.8232461182702999,1.2414030266761187,-0.41815690840581876,-0.3034599289220046,24.50338000807898,0.7819992065429702,-74.97762876383767,-50.806385381010074,-24.171243382827598,24.09500026702881,25.25,24.672500133514404,26.145000457763672,0.24776577525613505,16.54434897892833,14.780619117613744,27.207912669442674,-169.71995860653783,27.142499923706055,27.164999961853027,48.0,100.0,-52.0,25.05280029296875,25.910925399514372,0.0,0.0,31.841755508564233,0.0,0.03539537841789583,0.023596918945263737,-22.789082842962745,34.088565619479134,2.0000110973011362,6.575375256853101,-97.99998890269886,-2.144352985830867,-12.83731632670543,-3.1582037032338888,-2.185469877210329,-0.9727338260235596,-21.305807017403588,-17.245145812590156,-4.060661204813432,24.560528839600128,-3.3347533118879613,-3.3916241216896292,376.0000128495066
2024-10-22 00:00:00+05:30,22.540000915527344,22.540000915527344,21.399999618530273,21.540000915527344,9721531,0.0,0.0,-994995020.7948003,3421108324,-0.2419373993882051,-3582579.725115989,-12.899210776397286,-3.042865076632579,377240510.50125456,24.644567937775474,14.412615718254926,127.61131520015205,24.726000118255616,27.362432494672184,22.089567741839048,21.325182915210345,-0.10422547364151886,0.0,1.0,23.954333368937174,24.807333437601724,23.10133330027262,7.121885259981233,-0.9152006207863997,0.0,1.0,21.399999618530273,28.0,24.699999809265137,26.692551766983275,0.02121231650078996,0.9841026664379398,11.500872735690871,-0.9380212801572156,-0.6300203296605744,-0.3080009504966412,23.9900000890096,24.947692430936375,23.7528928808573,24.690914161014515,0.6427030486173644,1.3774261272723807,-0.7347230786550163,-0.3448168815182717,24.73456187434882,-0.28599958419799876,-88.80284882458488,-56.41755425066989,-32.385294573915,23.52999973297119,24.699999809265137,24.114999771118164,25.59500026702881,0.12388288762806753,18.34140406467286,13.487009127729054,32.783080006448145,-204.53921428509074,27.142499923706055,27.164999961853027,44.0,100.0,-56.0,25.05280029296875,25.43339584358236,0.0,0.0,27.358989781208663,0.0,0.03539537841789583,0.03539537841789583,-26.637255280254124,29.24280995255656,2.3217459544760533,6.681285324132997,-97.67825404552394,-2.4449705740984733,-16.25193821703092,-3.7990544782594378,-2.508186797420151,-1.2908676808392867,-21.795030015996474,-18.15512265327142,-3.6399073627250544,23.773182779406472,-4.7324178060143,-4.848059905280744,353.4737034847862
2024-10-23 00:00:00+05:30,21.5,22.440000534057617,20.959999084472656,21.799999237060547,14949823,0.0,0.0,-992974787.9821069,3436058147,-0.20841517463129672,-2515507.0662110657,-2.6729484949677156,-2.94654261192762,377420962.159658,24.20696318547134,15.074032740713122,127.61131520015205,24.54000005722046,27.43803396111467,21.64196615332625,23.61885816737408,0.027265568481089877,0.0,0.0,23.602333323160806,24.53433348337809,22.670333162943525,7.897525617119541,-0.4669172619455726,0.0,1.0,20.959999084472656,28.0,24.479999542236328,28.68786022458035,0.11931818797568565,1.033692544752642,12.129065983575373,-1.0243246099071364,-0.7088811857098868,-0.3154434241972496,23.769999980926514,24.78076934814453,23.452447704888566,24.476772314795703,0.6343771931725548,1.348142579068125,-0.7137653858955701,-0.38850800028004245,25.002368573154307,0.5999993324279771,-102.92186159874204,-63.4680125531392,-39.453849045602844,23.309999465942383,24.479999542236328,23.894999504089355,25.375,0.06194144381403376,20.297272560119442,12.092884101453981,32.467462045291335,-167.97444857180412,27.142499923706055,27.135000228881836,40.0,100.0,-60.0,25.05280029296875,24.788052447574028,0.0,0.0,29.94000586005501,0.13550687720914908,0.045168959069716436,0.03865323863516921,-28.884786779177475,34.98835944327741,15.909091730091419,6.743616260622851,-84.09090826990858,-2.7132352885077964,-10.801969064273042,-4.184884333331619,-2.8435263046024444,-1.3413580287291742,-18.799620280612423,-18.284022178739622,-0.5155981018728006,23.365718218419183,1.2070487951826525,1.1998220565987872,358.94735235916943
2024-10-24 00:00:00+05:30,21.899999618530273,22.09000015258789,21.5,21.770000457763672,8431283,0.0,0.0,-993689292.4031525,3427626864,-0.19339791475312038,-2192281.5135961273,0.6647881709448897,-2.6336216032795825,377409359.9483388,23.91462658216277,20.71920788386946,127.43571043802136,24.367000102996826,27.48440996854363,21.249590237450022,25.58714533894062,0.08346836681072226,0.0,0.0,23.279000027974444,24.216000111897788,22.341999944051103,8.050174687893351,-0.30522915424532016,0.0,1.0,20.959999084472656,28.0,24.479999542236328,28.891537266672046,0.11505699828880506,0.9893233055361668,12.582443634398382,-1.0826610288869425,-0.783637154345298,-0.2990238745416445,23.489166736602783,24.630000114440918,23.19360966686935,24.276270695756292,0.6961367554504672,1.2927190028281468,-0.5965822473776796,-0.431614710660978,25.157353065670073,0.7029995918273926,-111.75499360312378,-71.83138679421772,-39.92360680890606,23.309999465942383,24.479999542236328,23.894999504089355,25.375,0.03097072190701688,22.113436163034127,11.57903782797433,31.08786688491855,-137.55559293829955,27.02750015258789,27.135000228881836,36.0,96.0,-60.0,25.05280029296875,24.099002842215782,0.0,0.0,29.808403018662418,0.13431781245661417,0.08994156322192115,0.05683530023651099,-30.70282914137931,36.50988996941874,16.735565036251444,11.655467573606288,-83.26443496374856,-2.874823491713581,-13.404928455457263,-4.459750191680806,-3.166771082018117,-1.292979109662689,-20.228421459434887,-18.672902034878675,-1.5555194245562127,23.04491901167066,-0.13760908415939577,-0.13770385240938765,358.3157991108141
2024-10-25 00:00:00+05:30,21.790000915527344,21.899999618530273,20.68000030517578,20.81999969482422,10875421,0.0,0.0,-1002068724.6177434,3416751443,-0.18840578940901084,-3355049.6184092164,-5.665066141916344,-2.6792168328252606,376934777.5859116,23.591795965379763,22.45986010412318,127.43571043802136,24.155000114440917,27.613129817752302,20.69687041112953,28.63282704970028,0.017802872399028793,0.0,0.0,22.86733334859212,23.858333333333334,21.87633336385091,8.667385651263311,-0.5329635142741913,0.0,1.0,20.68000030517578,28.0,24.34000015258789,30.30428342017685,0.01912560047610759,1.0123909063179994,13.13446266457823,-1.1918117196738471,-0.8652720674110078,-0.3265396522628393,23.135000069936115,24.44307701404278,22.82843890193933,24.020250621613176,0.7077971413167431,1.2793336727383195,-0.5715365314215765,-0.4791497270178237,25.282427054231363,0.7449995040893569,-123.61617265700619,-81.40674633314497,-42.20942632386122,22.585000038146973,24.34000015258789,23.46250009536743,25.235000610351562,0.01548536095350844,24.302794329695548,10.578108354671912,34.21065123768543,-144.32511458868734,26.990000247955322,27.135000228881836,32.0,100.0,-68.0,25.05280029296875,23.53398216582202,0.0,0.0,25.92247381486702,0.0,0.08994156322192115,0.07501736183785275,-33.576836454546104,34.176112624006166,2.794398867316688,11.813018544553167,-97.20560113268331,-3.0275000908795526,-16.952533114220284,-4.961695606129385,-3.5257559868403705,-1.4359396192890141,-19.699996297199483,-18.878320887342838,-0.8216754098566454,22.375202094094956,-4.363806811959259,-4.46188477447218,338.3157830489309
2024-10-28 00:00:00+05:30,20.84000015258789,21.799999237060547,20.6200008392334,21.530000686645508,10024511,0.0,0.0,-996631683.301776,3426775954,-0.17056855895743714,-1858983.5654188395,-0.9416896425116261,-2.5330571969615163,377276632.18998694,23.32429415661382,29.36253385633667,131.78150689002317,23.964000129699706,27.556388797394977,20.371611462004434,29.981544385347053,0.16122827062922568,0.0,0.0,22.513000043233237,23.485999806722003,21.540000279744465,8.64389252094569,-0.0051385382988700865,0.0,1.0,20.6200008392334,28.0,24.3100004196167,30.796190622700852,0.12330622640851122,1.0291516554689144,13.549329795382116,-1.2071084869579174,-0.9336393513203898,-0.2734691356375276,22.854166825612385,24.293461652902458,22.628679176509507,23.835787663467425,0.7199091230023196,1.248296778227061,-0.5283876552247415,-0.5216001701595444,25.479959122710437,1.2859998703002944,-130.1648262033772,-90.89867650369672,-39.26614969968048,22.380000114440918,24.3100004196167,23.34500026702881,25.20500087738037,0.00774268047675422,26.369909382119765,9.704326688660576,31.804765906318483,-118.38465948532223,26.615000247955322,27.135000228881836,28.000000000000004,100.0,-72.0,25.05280029296875,22.963185793692773,0.0,0.0,32.95691861759795,0.3575781474743229,0.16396531997697908,0.11461614880694031,-33.75996109729314,39.496757954505185,17.94871601947226,12.492893307680111,-82.05128398052774,-3.2340588457444106,-13.53413246390917,-5.064269341549914,-3.8334586577822796,-1.2308106837676345,-19.65728127141107,-19.034112964156485,-0.6231683072545842,22.241743127572626,3.4101873305876884,3.3533294739766184,353.2631723504317
2024-10-29 00:00:00+05:30,21.639999389648438,21.709999084472656,21.059999465942383,21.489999771118164,7335645,0.0,0.0,-994261693.102194,3419440309,-0.235080525936168,-1635333.415499517,1.5506398869144342,-2.6521406822199003,377263003.18364114,23.04660434027486,25.339412708121984,131.53666802532013,23.71200008392334,27.255798050893716,20.168202116952962,29.89033362371706,0.1864944991905419,0.0,0.0,22.243999989827472,23.216999753316244,21.271000226338707,8.748424419472547,0.11253833402498312,0.0,0.0,20.6200008392334,28.0,24.3100004196167,31.123478131944754,0.11788604753640568,0.9912364517750504,13.953364861280974,-1.208527867841255,-0.988617054624563,-0.21991081321669204,22.540833473205566,24.142692419198845,22.453497729526227,23.66202559736748,0.6848897872560437,1.286256676987397,-0.6013668897313534,-0.5583739144158326,25.546766823932636,0.9080007553100593,-137.15460726571962,-100.1267546218774,-37.02785264384222,22.255000114440918,24.3100004196167,23.28250026702881,25.20500087738037,0.00387134023837711,28.289373359370824,9.251011266846215,30.319079023025843,-101.68672377554672,26.672500610351562,27.135000228881836,24.0,96.0,-72.0,25.05280029296875,22.4945488028009,0.0,0.0,32.7681235744206,0.34798123063370984,0.23518645936934432,0.1630311141894147,-33.961296144318695,37.969574632208484,17.261886966107845,12.66833395096558,-82.73811303389215,-3.1925295941969942,-14.891090015373607,-5.1074573597609065,-4.088258398178005,-1.0191989615829016,-21.295851043047374,-19.486460579934665,-1.8093904631127096,22.140936588996258,-0.18579151997962784,-0.18596432649720107,352.421047813014
2024-10-30 00:00:00+05:30,21.489999771118164,22.31999969482422,21.3700008392334,22.18000030517578,8711985,0.0,0.0,-988117442.9482908,3428152294,-0.2774842329883852,-542960.884327879,5.016083198041169,-2.177982927994415,377542727.44454044,22.862673666670574,31.2823306918377,131.53666802532013,23.45650005340576,26.651240988528702,20.26175911828282,27.23970692856269,0.3002185820145604,0.0,0.0,22.0546667098999,23.068666458129883,21.04066696166992,9.195330508212276,0.5618015909247805,0.0,0.0,20.6200008392334,27.43000030517578,24.02500057220459,29.03246200599994,0.22907482940991783,0.9871126921566274,14.13424820659661,-1.1408247433909402,-1.0190585923778386,-0.12176615101310162,22.33750009536743,24.00423086606539,22.41142120270308,23.552245946094022,0.7312223746915305,1.2076583289207747,-0.47643595422924423,-0.5835645266445134,25.67226277646704,0.5434999465942383,-141.44329326488185,-108.88063498607274,-32.56265827880911,22.130000114440918,24.3100004196167,23.22000026702881,25.20500087738037,0.001935670119188555,28.905000586896477,13.015118259992564,28.242569373252664,-71.07214053016993,26.665000438690186,27.135000228881836,20.0,92.0,-72.0,20.6200008392334,22.4945488028009,1.0,0.0,39.23455733162581,0.6766859782733806,0.46074845212713783,0.2866334104911536,-32.118533607353896,45.40560549726542,30.95237644711591,22.054326477565322,-69.04762355288409,-3.0267648079816034,-9.910643586044623,-4.843804476235687,-4.2393676137895415,-0.6044368624461454,-21.55365248392799,-19.89989896073333,-1.6537535231946592,22.143236580722885,3.210798238280832,3.160329567747455,366.9473748458059
2024-10-31 00:00:00+05:30,22.290000915527344,22.68000030517578,21.899999618530273,22.459999084472656,5317461,0.0,0.0,-985799589.3360031,3433469755,-0.21605407136524088,-252697.5310012191,6.527552670718826,-1.7811439149390715,377609854.70191073,22.639747795124418,27.338109906570836,133.1971777626114,23.282499980926513,26.29087386899236,20.274126092860666,25.84236134891328,0.36329809274759706,0.0,0.0,21.955666669209798,22.95966657002767,20.951666768391927,9.145701799397985,0.7511615861973794,0.0,0.0,20.6200008392334,26.239999771118164,23.43000030517578,24.138296731402473,0.32740188522103186,0.9664014916055155,14.1874437636354,-1.0524440481837836,-1.0257356835390277,-0.0267083646447559,22.209166685740154,23.8865385055542,22.418894722975324,23.471338771159107,0.7651791205712392,1.1982442902318065,-0.4330651696605673,-0.5966862498196586,25.80408608734678,0.5274994850158699,-142.5401974307714,-117.04182551244942,-25.49837191832198,22.130000114440918,24.3100004196167,23.22000026702881,25.20500087738037,50.0009678350596,28.856197572989924,14.907358460359546,26.62990443837545,-47.78235479536638,26.580000400543213,27.135000228881836,16.0,88.0,-72.0,20.654000816345214,22.4945488028009,0.0,0.0,41.68563214377599,1.0,0.674889069635697,0.4569413270440596,-29.85483626049884,51.18447366574464,36.50790887564425,28.240724096289316,-63.49209112435575,-2.8115883658913994,-6.416670481363933,-4.483954061781069,-4.288284903387847,-0.19566915839322174,-24.137060057953207,-20.74733118017731,-3.389728877775898,22.14957097613544,1.2623930362685165,1.2544912866452318,372.842085988898
2024-11-01 00:00:00+05:30,22.59000015258789,23.100000381469727,22.59000015258789,22.81999969482422,2138842,0.0,0.0,-986009284.4334835,3435608597,-0.2154473737164721,-106600.10865167971,13.233809821816537,-0.6550159293782275,377644137.1799531,22.390181487755125,32.04008197007046,135.3321317806993,23.1375,25.934053982374248,20.34094601762575,24.173346146941103,0.4432336534218757,0.0,0.0,21.92733332316081,22.89133326212565,20.963333384195963,8.792678295692394,0.9630012594305614,0.0,0.0,20.6200008392334,25.799999237060547,23.210000038146973,22.387891508707288,0.42471033514482415,0.9337614721446709,14.006173790529028,-0.9424882519884896,-1.0090861972289202,0.06659794524043061,22.12666670481364,23.793846203730656,22.480603180182847,23.423091432171336,0.8424709578528937,1.17220060478422,-0.3297296469313262,-0.5971883974327198,25.83990118969796,-0.02749938964843679,-143.73823090248274,-124.68189241674332,-19.056338485739417,21.860000610351562,24.3100004196167,23.08500051498413,25.20500087738037,75.0004839175298,28.134695369267433,17.3434339943454,25.35081078245232,-18.509997887805344,26.580000400543213,27.135000228881836,12.0,84.0,-72.0,20.735040795898435,22.4945488028009,0.0,0.0,44.77027282173386,1.0,0.8922286594244602,0.6759553937290982,-27.025643414313087,52.06149458634036,56.84753133819026,41.43593888698345,-43.15246866180974,-2.397500094245462,-4.157915973640618,-4.023756875635952,-4.2353792978374685,0.2116224222015166,-28.85206831488812,-22.36827860711947,-6.483789707768647,22.161059362255802,1.602852293081547,1.590142251303206,380.4210462068257
2024-11-04 00:00:00+05:30,22.690000534057617,22.690000534057617,22.0,22.100000381469727,5209006,0.0,0.0,-989708429.0308702,3430399591,-0.15802501879907474,-627154.4850242154,-6.62314973391869,-0.8125669236346894,377479786.57550895,22.213613615393136,34.1119544289721,135.3321317806993,23.020499992370606,25.78490548589687,20.25609449884434,24.01690227790393,0.33350857660778743,0.0,0.0,21.86200002034505,22.781000073750814,20.94299996693929,8.407282522646868,0.6294887634895443,0.0,0.0,20.6200008392334,25.690000534057617,23.155000686645508,22.023846990745227,0.29191314227241605,0.9223852944126257,13.765017099794267,-0.9030357842171703,-0.9878761146265703,0.08484033040939998,22.042500019073486,23.68000008509709,22.42204890345775,23.32508468767492,0.83294838851773,1.1131639380368548,-0.28021554951912475,-0.593674227362231,25.848694640173807,0.3694993972778313,-143.5228320921617,-130.76189055758516,-12.760941534576546,21.860000610351562,24.3100004196167,23.08500051498413,25.20500087738037,87.5002419587649,28.047775094455808,16.265440624817913,28.247294868025456,-43.79627415909024,26.572500705718994,27.135000228881836,8.0,80.0,-72.0,20.87693837103271,22.4945488028009,0.0,0.0,40.19123823138876,0.7570520256144064,0.9190173418714688,0.8287116903105418,-25.922766691194717,49.064761780670025,42.04545885570956,45.13363302318134,-57.95454114429044,-2.0527059274561275,-4.370403298169672,-3.871521995777955,-4.162607837425567,0.2910858416476114,-30.20842486203087,-23.936307858101753,-6.272117003929118,22.160111208098293,-3.155124114737806,-3.2059705275977013,365.2631659256785
2024-11-05 00:00:00+05:30,22.09000015258789,22.5,21.829999923706055,22.350000381469727,5426742,0.0,0.0,-986711565.0522723,3435826333,-0.2070751311753658,-343748.77287789894,-2.2223318927029676,-0.8521213052322837,377541175.0586122,22.080040295004917,35.53280994039662,135.3321317806993,22.88100004196167,25.480145131142585,20.281854952780755,22.718806734096585,0.39785109290315135,0.0,0.0,21.90199998219808,22.773999913533526,21.03000005086263,7.962742507937256,0.7568809831128922,0.0,0.0,20.6200008392334,25.690000534057617,23.155000686645508,22.15812108529479,0.3412228099347664,0.8971467726007576,13.389276091245632,-0.8418917050890151,-0.9586792327190593,0.11678752763004419,21.955833435058594,23.56461546971248,22.410964515459593,23.25285622054861,0.8399389822840444,1.099847528398708,-0.2599085461146635,-0.5845316119820518,25.47102774365165,-0.2709994316101074,-138.63767553388553,-134.73031432815665,-3.9073612057288756,21.860000610351562,24.3100004196167,23.08500051498413,25.20500087738037,93.75012097938244,28.124885446850705,15.421976013540355,28.098252146675346,-41.11475321821876,26.510000705718994,27.135000228881836,4.0,76.0,-72.0,21.01032209165893,22.4945488028009,0.0,0.0,42.39437611142242,0.8739430153385108,0.8769983469843057,0.8960814494267447,-24.35382920659871,56.53829145752012,52.905208230650466,50.59939947485008,-47.094791769349534,-1.7852351749644555,-4.446340467366479,-3.620594808241378,-4.054205231588729,0.4336104233473512,-31.000442607621686,-25.349134808005743,-5.651307799615942,22.166141782593765,1.1312216999309177,1.1248712342793787,370.52632382041526
2024-11-06 00:00:00+05:30,22.399999618530273,22.729999542236328,22.31999969482422,22.579999923706055,6387252,0.0,0.0,-984997901.9304346,3442213585,-0.14472327786003655,-84775.37158847466,2.3108498663600976,-0.38393074072424377,377606905.03673637,22.010062849497572,42.10429707265098,135.3321317806993,22.756500053405762,25.155110176832057,20.357889929979468,21.080659308743886,0.4632078327411572,0.0,0.0,21.982999992370605,22.74799976348877,21.218000221252442,6.959921497372192,0.8901961502961244,0.0,0.0,20.6200008392334,25.65999984741211,23.140000343322754,22.14751388109183,0.3888887837660379,0.8484320800818927,12.781686164886578,-0.7660450504929628,-0.92015239627384,0.15410734578087726,21.953333377838135,23.412692363445576,22.436969962882124,23.203015013375087,0.9193675503144261,1.0656126441687979,-0.1462450938543718,-0.5690320827881146,24.953425583885846,-1.2164991378784187,-132.6447269404358,-137.05139581008024,4.406668869644449,21.860000610351562,24.3100004196167,23.08500051498413,24.885000228881836,96.87506048969122,27.807339341756865,16.766082955485942,27.169755603018764,-16.350816796560323,26.575000286102295,27.135000228881836,0.0,72.0,-72.0,21.135702789047578,22.4945488028009,0.0,0.0,44.42273898438626,0.9815610386538509,0.8708520265355894,0.8889559051304544,-22.457867360227834,55.80328184588122,64.90066308817576,53.28377672484524,-35.09933691182424,-1.5530588206122893,-0.13268768613731288,-3.3014892678877543,-3.9036620388485344,0.60217277096078,-30.569216266473216,-26.39315109969924,-4.176065166773977,22.17878276942089,1.0290807083252584,1.02382172151132,375.3684194464433
2024-11-07 00:00:00+05:30,22.690000534057617,23.049999237060547,22.479999542236328,22.559999465942383,4986627,0.0,0.0,-988584774.5685534,3437226958,-0.13482640905099727,-86912.43603250483,2.743333245001799,0.13986372774405362,377602488.0826605,21.948091642404542,48.54300438887076,135.2122600094463,22.639500045776366,24.82750802933102,20.45149206222171,19.329119274989033,0.48183265773445083,0.0,0.0,22.073999913533527,22.836999638875323,21.311000188191734,6.91310798523652,0.8184795067856317,0.0,0.0,20.6200008392334,25.65999984741211,23.140000343322754,22.261971324401994,0.3849204381907281,0.8205888415561254,12.201486354953223,-0.6994866533462272,-0.8760192476883175,0.17653259434209034,22.038333257039387,23.23076923076923,22.45589757873755,23.155384232083776,0.9691306998699253,1.0048741978792948,-0.03574349800936949,-0.5489456207108229,24.443715319521385,-0.8395008087158189,-125.97087972739085,-137.31302992901186,11.34215020162101,21.860000610351562,24.02500057220459,22.942500591278076,24.885000228881836,98.43753024484562,26.987208782422833,18.62225046705854,25.888928037545156,1.512581267748516,26.75250005722046,27.135000228881836,0.0,68.0,-68.0,21.253560644592906,22.4945488028009,0.0,0.0,44.276738586632206,0.9738147549789847,0.9431062696571155,0.8969855477256701,-20.948419477181037,50.737062927636956,64.23839595692422,60.681422425250126,-35.761604043075785,-1.3792353686164383,4.735369113562859,-3.0208380320332937,-3.727097237485486,0.7062592054521923,-31.38181526263017,-27.390883932285426,-3.9909313303447433,22.190651140140204,-0.08857598685230172,-0.0886152385596084,374.9473571777344
2024-11-08 00:00:00+05:30,22.559999465942383,22.639999389648438,21.700000762939453,21.850000381469727,5138621,0.0,0.0,-992083411.9177895,3432088337,-0.1609213803493594,-595698.6888067134,-10.884214606331374,-0.7043967449248753,377440767.5023493,21.8578804883103,51.17463664596228,135.2122600094463,22.469500064849854,24.32247035706358,20.616529772636127,16.493204449282953,0.3328360454608216,0.0,0.0,22.166999944051106,22.901999600728352,21.43200028737386,6.6314761450116375,0.2843539383307624,0.0,0.0,20.6200008392334,25.65999984741211,23.140000343322754,22.430401182191986,0.24404757624760115,0.8325298200714112,11.364867070485975,-0.6960065067265617,-0.8400166994959665,0.14401019276940474,22.042500019073486,23.073461532592773,22.36268262531173,23.058689132038293,0.9066887463426074,1.0553261889390462,-0.14863744259643874,-0.5312764704738103,24.16131604256981,-0.6994996070861816,-119.10652795643595,-136.08433012379615,16.977802167360196,22.079999923706055,23.43000030517578,22.755000114440918,24.885000228881836,99.21876512242281,27.03255573411167,17.183596708619618,30.29937436872945,-39.728901368209485,26.75250005722046,27.135000228881836,0.0,64.0,-64.0,21.364347028805515,22.4945488028009,0.0,0.0,39.33448817482125,0.7115957865991577,0.8889905267439978,0.9009829409789009,-21.001673879638286,42.850863680584915,49.5967648900121,59.57860797837068,-50.4032351099879,-1.4151177630704979,0.2293630557756006,-3.0184131575784754,-3.5853604215040837,0.5669472639256083,-31.732872178196914,-28.259281581467725,-3.4735905967291885,22.174285825536337,-3.1471591368807617,-3.197746395692347,360.0000080309417
2024-11-11 00:00:00+05:30,21.75,21.81999969482422,21.299999237060547,21.34000015258789,5861155,0.0,0.0,-997042830.91911,3426227182,-0.1526405517688044,-937626.0749074568,-5.411912782018762,-0.16958974532640905,377303962.4524946,21.839305025972127,53.179794328502034,135.2122600094463,22.305500030517578,23.935266318369248,20.67573374266591,14.613133851488488,0.2037919224595101,0.0,0.0,22.183999888102214,22.852999750773115,21.515000025431313,6.0313727555480305,-0.1307921590183563,0.0,1.0,20.6200008392334,24.489999771118164,22.55500030517578,17.34997613409237,0.18604638554870048,0.804276952505188,10.564726275269434,-0.7260319769868957,-0.8172197549941523,0.09118777800725664,22.006666660308838,22.905000026409443,22.20534686027729,22.931378837264187,0.9659387479496,1.0375546155592688,-0.07161586760966876,-0.5191659964720872,23.85190762986398,-1.4855003356933594,-115.88422715698105,-133.72095455615855,17.83672739917749,22.199999809265137,23.210000038146973,22.704999923706055,24.49000072479248,98.24773043584588,27.433381363631415,16.38593909519824,32.268871052688645,-86.76469053005184,26.55500030517578,27.135000228881836,0.0,60.0,-60.0,21.364347028805515,23.100000381469727,0.0,1.0,36.208038867399445,0.5457170383016645,0.743709193293269,0.858601996564794,-21.972091545620387,37.77561125347779,29.032235736029055,47.6224655276551,-70.96776426397095,-1.4450590806848886,-1.9751965830686673,-3.1661069407962144,-3.50150972536251,0.3354027845662957,-31.05896043513213,-28.81921735220061,-2.2397430829315184,22.166828392448927,-2.3340971166039504,-2.361768597623781,349.26316110711355
2024-11-12 00:00:00+05:30,21.350000381469727,21.579999923706055,21.0,21.079999923706055,3865824,0.0,0.0,-999842221.5889643,3422361358,-0.1391823232034367,-947267.3677516622,-4.0508748399435355,-0.26801305568182476,377256862.4001221,21.830277522982822,59.77503381530191,133.56487395983456,22.15950002670288,23.67507853724138,20.64392151616438,13.678815033842653,0.14386533079923794,0.0,0.0,22.163999938964842,22.82599983215332,21.502000045776366,5.973650018150974,-0.31873126144913466,0.0,1.0,20.6200008392334,24.139999389648438,22.380000114440918,15.884828385899198,0.1306816119053283,0.7818492496252747,9.958618887032978,-0.7620230961388472,-0.8061804232230914,0.044157327084244136,22.028333346048992,22.775769233703613,22.032216562343255,22.794239658482102,0.9763033115377265,1.0540284207673618,-0.07772510922963527,-0.5125463056952557,23.591869811254586,-0.6294993400573716,-110.83592381424623,-130.32013572831016,19.484211914063934,22.050000190734863,23.155000686645508,22.602500438690186,24.460000038146973,87.82608785625513,28.06089609835977,15.565377605733048,33.24312955079178,-107.59978880466598,26.239999771118164,27.0600004196167,4.0,56.00000000000001,-52.00000000000001,21.364347028805515,23.06400035858154,0.0,0.0,34.69405584927351,0.465390257568575,0.5742343608231324,0.735644693620133,-23.22625029625323,33.79129739098034,18.54835360404358,32.39245141002822,-81.45164639595642,-1.4903532028198256,1.2488003491492419,-3.3430511723837486,-3.469818014766758,0.1267668423830095,-32.49344870311462,-29.554063622383413,-2.93938508073121,22.149634898361256,-1.2183703234430632,-1.2258532970025993,343.78947207802224
2024-11-13 00:00:00+05:30,21.149999618530273,21.149999618530273,20.15999984741211,20.25,7303746,0.0,0.0,-1005818011.2123265,3415057612,-0.16696357990356187,-1677958.9756111964,-8.607228143653947,-0.9302999352960273,376969286.0887033,21.72639462682344,51.28096581590977,133.56487395983456,21.98150005340576,23.515987150204136,20.447012956607384,13.961623120080253,-0.06419505156427878,0.0,1.0,22.02033322652181,22.68633321126302,21.354333241780598,6.048954644692338,-0.8290790293409027,0.0,1.0,20.15999984741211,23.889999389648438,22.024999618530273,16.96881256135389,0.02412873019655409,0.8026643017745636,9.729640419472656,-0.847748062651668,-0.8144939511088067,-0.03325411154286129,21.921666622161865,22.58769233410175,21.758029398905833,22.6057774615575,0.851141413479855,1.0593607122999809,-0.2082192988201259,-0.515855802010447,23.530998778717017,-0.49150028228759624,-111.05678004387522,-126.82197824087724,15.765198197002022,21.630000114440918,22.925000190734863,22.27750015258789,24.229999542236328,62.90438740526553,29.272051993240897,14.25333447376875,37.5930720748985,-169.31661144577654,26.130000114440918,26.950000762939453,0.0,100.0,-100.0,21.364347028805515,22.98144034423828,0.0,0.0,30.3336257326894,0.23404069176540238,0.41504932921188065,0.5776642944427605,-25.713454579920143,31.99967745872672,3.061229123781065,16.880606154617876,-96.93877087621894,-1.7253825804766478,-5.9451957539391005,-3.7501389372398943,-3.525882199261386,-0.22425673797850854,-29.587850261585263,-29.560820950223786,-0.02702931136147768,21.925871698160883,-3.937381056499234,-4.016992650135576,326.3157894736843
2024-11-14 00:00:00+05:30,20.25,21.040000915527344,20.110000610351562,20.6299991607666,8179654,0.0,0.0,-1004850553.7560725,3423237266,-0.11604907075440109,-994213.1711865719,-0.9095625138088332,-0.5906211047169195,377122780.49143714,21.693581133381837,62.011250933832706,133.56487395983456,21.857499980926512,23.407904705344233,20.30709525650879,14.186478103814698,0.10413535871386158,0.0,0.0,21.84499994913737,22.52599989573161,21.16400000254313,6.234835872555185,-0.39207113337315896,0.0,1.0,20.110000610351562,23.639999389648438,21.875,16.150057336736836,0.14730842216285844,0.8153979021146853,8.9026909380543,-0.8749372280048178,-0.826582606488009,-0.048354621516808804,21.84999990463257,22.416923082791843,21.58448628534595,22.459423513350767,0.9193245050152007,1.053470722103366,-0.1341462170881652,-0.5217909583430727,23.610134426584956,0.322500324249269,-110.873192132999,-123.17030726649016,12.297115133491161,21.579999923706055,22.885000228881836,22.232500076293945,24.204999923706055,38.643967814012754,30.43112057541369,13.133386479818013,35.06165363371718,-146.03348661205573,26.130000114440918,26.950000762939453,8.0,100.0,-92.0,21.364347028805515,22.81215391442871,0.0,0.0,34.39876599125668,0.2815847913642078,0.3270052468993951,0.43876297897813593,-26.571876901781543,32.93243285002613,17.391257198008958,13.000279975277843,-82.60874280199104,-2.0235293893253115,-4.00186421363938,-3.8956352886115737,-3.5998328171314236,-0.29580247148015015,-25.99498104546244,-28.84765296927152,2.85267192380908,21.79102537611797,1.8765390655140823,1.8591492850369207,334.3157718056126
2024-11-18 00:00:00+05:30,21.079999923706055,21.489999771118164,20.469999313354492,20.610000610351562,7565495,0.0,0.0,-1010339227.8990563,3415671771,-0.2100126962784783,-873796.8514702369,5.460302865530158,-0.13333592557107776,377115446.56320995,21.662976412767378,60.83629325441631,133.4353972766438,21.71850004196167,23.19091673764882,20.246083346274517,13.55910116115145,0.12357821842926452,0.0,0.0,21.64699993133545,22.37899990081787,20.914999961853027,6.763061595642209,-0.20833289905539346,0.0,1.0,20.110000610351562,23.639999389648438,21.875,16.253418847879317,0.14164310847144054,0.8358581576795838,8.393655429516128,-0.8878638119698259,-0.8388388475843724,-0.04902496438545345,21.71916659673055,22.251923120938816,21.43456541226989,22.322429224239716,0.9580950055803571,1.0019046238490514,-0.04380961826869434,-0.5285486472274759,23.77523613009348,0.7414990425109877,-110.00224002885814,-119.44579703723421,9.443557008376075,21.579999923706055,22.885000228881836,22.232500076293945,24.204999923706055,19.536939160025515,30.693609054808437,15.764738402620784,32.08401463187418,-106.86189634608131,26.130000114440918,26.950000762939453,4.0,96.0,-92.0,21.364347028805515,22.595981650102537,0.0,0.0,34.28537936111023,0.2737307079716383,0.26311873036708283,0.3350577688261194,-27.296003061423313,27.777972555671564,16.722409306841385,12.391631876210445,-83.27759069315861,-2.1327059633591574,-7.078447579903116,-3.9774515714701106,-3.6753565679991613,-0.3020950034709493,-23.537735472242126,-27.785669469865642,4.247933997623516,21.59909236037158,-0.09693917221805792,-0.0969861886209511,333.8947496916118
2024-11-19 00:00:00+05:30,20.68000030517578,21.110000610351562,20.5,20.600000381469727,5305538,0.0,0.0,-1013905240.348102,3410366233,-0.18386361469536472,-756548.2433089571,-2.0120417838490905,-0.3878131877684724,377112872.2501207,21.624496609910285,53.53768603027037,133.37065276067156,21.618000030517578,23.107585060636186,20.12841500039897,13.780969821591258,0.158294213333094,0.0,0.0,21.494333267211914,22.21833324432373,20.770333290100098,6.7366590822914905,-0.11763322791104484,0.0,1.0,20.110000610351562,23.100000381469727,21.605000495910645,13.83106562539207,0.1638795346579307,0.8132724029467816,7.834191037688834,-0.8886711104062606,-0.8488053001487501,-0.03986581025751046,21.56416670481364,22.073076981764572,21.306170792146787,22.194841902553048,0.9187380209491046,1.0296364750668894,-0.11089845411778476,-0.5347717794488868,23.798527061931797,1.2019996643066406,-108.37048662418329,-116.08277604726729,7.712289423084002,21.579999923706055,22.885000228881836,22.232500076293945,24.204999923706055,9.768469580012757,30.93734835710356,14.947189435664859,30.420158730927106,-107.84337190221767,26.130000114440918,26.950000762939453,0.0,92.0,-92.0,21.364347028805515,22.39710316692246,0.0,0.0,34.22462830508606,0.26952259402042344,0.2749460311187565,0.28835666946174465,-27.905981490225013,27.078744661518847,16.38795346579307,16.83387332354778,-83.61204653420693,-2.1276763747720153,-8.281383699115146,-4.003953325317617,-3.741075919462853,-0.2628774058547645,-23.8425820785453,-26.997051991601573,3.1544699130562748,21.480160778404112,-0.048521244957233645,-0.048533020322505394,333.6842185572574
2024-11-21 00:00:00+05:30,20.600000381469727,20.6299991607666,19.969999313354492,20.06999969482422,5631348,0.0,0.0,-1017830112.3530033,3404734885,-0.16470071272822717,-1074843.9666562215,-5.918665085144923,-1.1688666365674791,376967987.86898136,21.486796473073774,44.632990087016694,133.37065276067156,21.544499969482423,23.180134024379264,19.908865914585583,15.183773651871245,0.04925728336244461,0.0,0.0,21.293999862670898,22.016999816894533,20.570999908447266,6.7906448660317364,-0.3464731987161937,0.0,1.0,19.969999313354492,23.100000381469727,21.53499984741211,14.52807478729537,0.031948992761827694,0.7979451473933143,7.82230881578049,-0.9214555601340919,-0.8633353521458185,-0.05812020798827344,21.335000038146973,21.898076937748836,21.11599062332793,22.037446183462023,0.8338247677705031,1.1376597193178557,-0.3038349515473526,-0.5439029534027546,23.850937056110258,0.5555004119873033,-109.06540772274198,-113.46285168974575,4.397443967003767,21.50999927520752,22.229999542236328,21.869999408721924,24.109999656677246,4.884234790006379,31.618457653166764,14.09545472666372,33.26263809539406,-141.57230963390595,26.11750030517578,26.950000762939453,0.0,100.0,-100.0,21.364347028805515,22.214134962396788,0.0,0.0,31.081263980684724,0.05178752679787303,0.19834694292997826,0.2454705681386057,-29.342431460043343,25.422239251404026,3.194899276182769,12.101754016272386,-96.80510072381723,-2.1262647348291743,-12.050832764137699,-4.181317347132524,-3.829124204996787,-0.3521931421357367,-23.545700153823205,-26.3067816240459,2.7610814702226953,21.185940585843635,-2.572818819567879,-2.606494671080606,322.52630936472036
2024-11-22 00:00:00+05:30,20.079999923706055,20.5,19.860000610351562,20.329999923706055,5694529,0.0,0.0,-1015160806.127012,3410429414,-0.17146534269375718,-709783.5652232968,-1.34864961026126,-1.7314525137803423,377041758.6146658,21.33774913881902,44.51339020839745,133.37065276067156,21.471000003814698,23.18436974757033,19.757630260059067,15.959850435016735,0.16703039893548574,0.0,0.0,21.06266657511393,21.8086664835612,20.31666666666667,7.083622634264959,0.008936500452886605,0.0,0.0,19.860000610351562,23.100000381469727,21.480000495910645,15.090120490626994,0.14506152671495084,0.7821505716188266,8.012168145862457,-0.9158997055071012,-0.8738482228180751,-0.04205148268902614,21.1875,21.756923088660606,20.995068977232258,21.91096868273936,0.7676969327820342,1.1884346221595863,-0.42073768937755207,-0.5515391546617884,23.936156591292875,0.8790003776550286,-111.49637366801105,-111.85457323870355,0.35819957069250563,21.25,22.0,21.625,23.93000030517578,2.4421173950031894,32.34080114752907,13.303791202873628,32.35977627392326,-122.87243403777182,25.77750015258789,26.815000534057617,0.0,100.0,-100.0,21.364347028805515,21.98972139749256,0.0,0.0,34.270581448739335,0.2727056837898028,0.19800526820269973,0.223766080750478,-29.677865351913425,29.706197679999338,14.506152671495085,11.363001804490287,-85.49384732850491,-2.0324410887325506,-8.009051706839657,-4.180096821682798,-3.8993187283339896,-0.28077809334880843,-23.041930236582537,-25.65381134655323,2.6118811099706924,21.013901864994132,1.2954670295729276,1.2871476284801897,327.99999839381167
2024-11-25 00:00:00+05:30,20.690000534057617,21.040000915527344,20.489999771118164,20.540000915527344,6116205,0.0,0.0,-1020164950.7156844,3416545619,-0.20834571588969042,-424898.89645106485,5.2606263272772695,-2.3009656205331472,377104936.6334067,21.25104827818562,46.967382707984854,133.37065276067156,21.40950002670288,23.163346797736278,19.65565325566948,16.383818107344148,0.25211656869453564,0.0,0.0,20.86200002034505,21.606000073750813,20.11799996693929,7.132586067301287,0.2836027676720495,0.0,0.0,19.860000610351562,23.100000381469727,21.480000495910645,15.133467699278787,0.2098766522261527,0.7749356136390728,8.264282086208055,-0.8843570085969965,-0.8759499799738594,-0.008407028623137136,21.036666711171467,21.631153913644646,20.92505850620073,21.809415514797728,0.7603960410997734,1.1722771985544187,-0.41188115745464526,-0.5551239644928674,23.964976904008264,1.1704998970031752,-114.18970559738764,-111.30825964325373,-2.881445954133909,20.84000015258789,21.875,21.357500076293945,23.93000030517578,1.2326692455269999,31.993854199884687,17.249743417131537,30.32495711348319,-71.95703488296225,25.360000133514404,26.695000648498535,0.0,96.0,-96.0,21.364347028805515,21.73415490303564,0.0,0.0,36.813976215227584,0.4599544603531175,0.2614825569802644,0.2192782560376473,-29.261309176430544,30.272042133189792,21.31663316348556,13.005895037054449,-78.68336683651444,-1.8460588455200195,-8.098431476730731,-4.054932182831579,-3.9304414192335075,-0.12449076359807165,-21.93637362079706,-24.910323801401997,2.9739501806049375,20.941269647184406,1.032961104817387,1.0276625185831278,332.4210719058388
2024-11-26 00:00:00+05:30,20.59000015258789,21.15999984741211,20.469999313354492,21.030000686645508,6798408,0.0,0.0,-1015928243.1519196,3423344027,-0.11268030050958318,111689.28360878659,0.507464398639369,-1.791636039636143,377267118.6302658,21.159069753372034,54.24615054260697,133.37065276067156,21.420000076293945,23.16207909679284,19.67792105579505,16.26591049760918,0.38806495427034365,0.0,0.0,20.7443333307902,21.463333574930825,20.025333086649574,6.932015916591877,0.6986559519160858,0.0,0.0,19.860000610351562,23.100000381469727,21.480000495910645,15.126049297749319,0.36111116016843536,0.7664421056809273,8.244994475437663,-0.81047762604436,-0.8628555091879596,0.05237788314359959,20.907500108083088,21.551153916579025,20.941203457038387,21.751681083082747,0.8274823460270526,1.1344032084775801,-0.3069208624505275,-0.5506587986482991,23.980445255770658,1.1399993896484375,-112.6987604728289,-110.95431890057017,-1.7444415722587223,20.72000026702881,21.75,21.235000133514404,23.93000030517578,5.479723268373279,31.45777026731677,17.258473982118232,28.452483756298264,-51.828578098089395,24.954999923706055,26.40000057220459,4.0,92.0,-88.0,21.364347028805515,21.509256387913553,0.0,0.0,42.41329774298358,0.8573763156342956,0.5300121532590719,0.32983332614734523,-27.288957104091903,38.02732517968252,36.67713416858099,24.16664000118719,-63.32286583141901,-1.754058837890625,-6.864478486703845,-3.726045922375649,-3.8895623198619362,0.16351639748628743,-20.027359256605035,-23.933730892442608,3.906371635837573,20.945020113127825,2.3855878737948144,2.3575773292058955,342.7368565609581
2024-11-27 00:00:00+05:30,21.209999084472656,21.56999969482422,20.8799991607666,21.329999923706055,5762420,0.0,0.0,-1014174456.2263144,3429106447,-0.14774540668877814,342693.9007535937,4.909397678022376,-1.2822267845843327,377349321.2715962,21.09746018802165,61.052791504723295,135.2732249322396,21.410000038146972,23.15173460152001,19.668265474773936,16.27029014731177,0.47703435525617943,0.0,0.0,20.721666653951008,21.45766690572103,19.98566640218099,7.103678136137637,0.9132697429736288,0.0,0.0,19.860000610351562,23.100000381469727,21.480000495910645,15.133114270646143,0.45370352382684803,0.7587979485185963,8.291971224696493,-0.7194271435832569,-0.8341698360670191,0.11474269248376223,20.80500014623006,21.471923167888935,21.00101829806418,21.72044544164744,0.885885775229216,1.0740740387174523,-0.18818826348823636,-0.537324538988218,23.946868309673345,0.4400003433227546,-108.56036585135217,-110.70147912691527,2.1411132755631,20.71500015258789,21.75,21.232500076293945,23.93000030517578,23.64776338055779,30.25250448614355,19.887284127668106,26.67845440683391,-17.503681021559885,24.687500476837158,26.160000801086426,0.0,88.0,-88.0,19.860000610351562,21.509256387913553,1.0,0.0,45.59225067170241,1.0,0.7724435919958044,0.5213127674117134,-24.68492809630039,38.21335078636059,46.0815030152863,34.69175678245093,-53.9184969847137,-1.5678530917448157,-5.452125759547079,-3.312211738548444,-3.7740922035992384,0.46188046505079416,-19.541775388676044,-23.055339791689295,3.513564403013252,20.946714735333565,1.4265298490981682,1.4164506541052724,349.052629972759
2024-11-28 00:00:00+05:30,21.3799991607666,21.81999969482422,21.239999771118164,21.34000015258789,5819438,0.0,0.0,-1017987183.548765,3434925885,-0.20240087473052407,302051.30235503084,3.0398150771994916,-1.2301578409529472,377352049.62190896,21.013125253582736,60.632242741151416,135.2732249322396,21.402500057220458,23.144083904106168,19.660916210334747,16.274583270454524,0.48205659040064913,0.0,0.0,20.74633331298828,21.4823335647583,20.01033306121826,7.095232113225951,0.9033061389394169,0.0,0.0,19.860000610351562,23.100000381469727,21.480000495910645,15.138417299174828,0.456790014440514,0.7409181460373422,8.365946358322164,-0.6390949565182176,-0.7951548601572588,0.1560599036390412,20.762500127156574,21.423076996436485,21.05316935260629,21.692264309124507,0.8749999765336085,1.0708660619095973,-0.19586608537598882,-0.5174100223844883,23.858494730640736,-0.06249990463256694,-104.68991406746437,-109.99404957398073,5.30413550651636,20.84000015258789,21.480000495910645,21.160000324249268,23.93000030517578,61.823881690278895,28.726952777741676,21.127646682374685,25.253113529204875,1.045209177197362,24.672500133514404,26.145000457763672,32.0,84.0,-52.0,19.894200592041017,21.509256387913553,0.0,0.0,45.69985688178439,1.0,0.9524587718780985,0.7516381723776581,-22.513215899788513,39.40517515966661,46.394989949045666,43.0512090443043,-53.605010050954334,-1.20964709450217,-2.334097116603945,-2.9461883158476563,-3.6085114260489224,0.6623231102012661,-18.907820365203946,-22.225835906392227,3.318015541188281,20.95200823550755,0.046883398582298064,0.04687241175083123,349.26316110711355
2024-11-29 00:00:00+05:30,21.43000030517578,21.43000030517578,21.09000015258789,21.280000686645508,3832190,0.0,0.0,-1017536327.5497074,3431093695,-0.2618724710994172,226054.06582006358,-2.395493766985344,-1.5972169132377434,377341275.0505994,20.923549286792483,55.21305433821001,134.89289123054309,21.357500076293945,23.062526232880355,19.652473919707536,15.966533072650456,0.4772732549148697,0.0,0.0,20.821000035603838,21.492000325520834,20.14999974568685,6.445418459916284,0.8420271629826328,0.0,0.0,19.860000610351562,23.100000381469727,21.480000495910645,15.170313751816145,0.43827165944640967,0.700826346692397,8.389423528754902,-0.5736597820949356,-0.7508558445447943,0.17719606244985864,20.757500171661377,21.41307698763334,21.088066480920016,21.661726263014952,0.8408862465596183,1.144007862961353,-0.30312161640173474,-0.49338142519411987,23.626929388470128,-0.2775001525878906,-99.53380528958938,-108.73411770249078,9.200312412901397,20.84000015258789,21.480000495910645,21.160000324249268,23.93000030517578,80.91194084513944,27.512656040401982,20.43829844347142,25.868617099971537,-14.370996346674318,24.114999771118164,25.59500026702881,28.000000000000004,80.0,-52.0,19.971232556152344,21.509256387913553,0.0,0.0,45.123224759313416,0.9624740694789733,0.987491356492991,0.9041312401222977,-20.83382617085751,42.392084421382755,51.07916186398815,47.851884942773346,-48.92083813601185,-0.8812941775602461,-0.28115963220884377,-2.648264386363323,-3.416462018111803,0.76819763174848,-20.743305912157318,-21.929329907545245,1.1860239953879272,20.989421552510606,-0.28115963220883833,-0.28155562833109826,348.0000144556949
2024-12-02 00:00:00+05:30,21.25,21.770000457763672,21.09000015258789,21.65999984741211,6522457,0.0,0.0,-1013124087.9879375,3437616152,-0.2406480166442377,547836.0830080896,1.7723398369631094,-0.6931773101452802,377457747.2360393,20.899177117967085,62.33561101730998,134.89289123054309,21.317500114440918,22.95332242036206,19.681677808519776,15.347224553905377,0.6046873281197641,0.0,0.0,20.91233336130778,21.55833365122477,20.266333071390786,6.178175134796092,1.07868897102229,1.0,0.0,19.860000610351562,23.100000381469727,21.480000495910645,15.198779189513505,0.5555553593262584,0.6987437425407353,8.312150819682929,-0.48554215076659446,-0.6977931057891544,0.21225095502255997,20.805833498636883,21.40769239572378,21.17605622961111,21.661598380377704,0.9172698218710669,1.0703203851304186,-0.15305056325935174,-0.4633059379408834,23.536440889450265,-1.067500114440918,-94.67060706605544,-107.03060292884604,12.359995862790598,20.84000015258789,21.480000495910645,21.160000324249268,23.93000030517578,90.45597042256972,25.822245750036103,22.37934602312852,24.170060725773688,12.770644648812528,23.894999504089355,25.375,24.0,76.0,-52.0,20.04518324169922,21.509256387913553,0.0,0.0,49.47171487386114,1.0,0.987491356492991,0.9758138282880267,-18.143673625394086,50.37592860479142,91.8367386658674,63.10363015963372,-8.163261334132603,-0.6359412529889283,2.7514227979374937,-2.2414881036961054,-3.1814672352286637,0.9399791315325583,-18.618920219208697,-21.267247969877936,2.648327750669239,21.06591282002446,1.785710284328479,1.7699537787539743,355.9999967876234
2024-12-03 00:00:00+05:30,21.809999465942383,22.399999618530273,21.68000030517578,21.959999084472656,7217144,0.0,0.0,-1014727916.8846359,3444833296,-0.24209840431052324,778879.1702578058,6.085500496513484,0.12806649546416596,377557707.42574424,20.952879043769705,70.04755453408657,134.89289123054309,21.27450008392334,22.790936232773362,19.758063935073316,14.255903949498293,0.7260230346886547,0.0,0.0,21.028000005086263,21.644000180562337,20.41199982961019,5.858856527744682,1.2564925437448946,1.0,0.0,19.860000610351562,23.049999237060547,21.454999923706055,14.994470441726593,0.6583070150997502,0.7028693453984782,8.129416277810144,-0.38703931356985777,-0.6356423473452951,0.24860303377543735,20.948333422342937,21.41500003521259,21.296662822666732,21.68370213623659,1.0202840478570285,0.9229208889635149,0.09736315889351366,-0.42684465814901873,23.447536655890232,-0.6445009231567376,-88.52421283625571,-104.8254613968541,16.30124856059838,21.130000114440918,21.480000495910645,21.30500030517578,23.93000030517578,95.22798521128487,24.618161569698206,26.863403675638214,22.443047207548286,72.32996388448414,23.894999504089355,25.375,20.0,72.0,-52.0,20.11617589982422,21.509256387913553,0.0,0.0,52.66098508849241,1.0,0.987491356492991,0.987491356492991,-14.899753244247602,48.210939768567364,82.6771375641947,75.1976793646834,-17.322862435805302,-0.3044706008013556,8.44443992332176,-1.7849318863454564,-2.902160165452022,1.1172282791065657,-15.858025369485802,-20.185403449799512,4.327378080313711,21.19727197049574,1.3850380386608796,1.3755340422489493,362.3157701994243
2024-12-04 00:00:00+05:30,22.059999465942383,23.799999237060547,22.059999465942383,23.1299991607666,23741392,0.0,0.0,-1009270130.1072992,3468574688,-0.14262354319951984,4635815.067553042,6.522779853361534,0.8833275449859566,378822617.7904703,21.4030612412665,79.83555102044858,134.89289123054309,21.326000022888184,23.01160224027785,19.64039780549852,15.807954755515219,1.035120065477875,1.0,0.0,21.25399990081787,21.982999992370605,20.524999809265136,6.859886091602757,1.7866934323375356,1.0,0.0,19.860000610351562,23.799999237060547,21.829999923706055,18.475094356561804,0.8299491599433411,0.8165824261174194,7.8698556243014695,-0.21212068217494817,-0.5509380143112258,0.3388173321362776,21.15666675567627,21.503846168518066,21.57871456698979,21.79083524916474,1.070143757791483,0.7751799116444977,0.29496384614698523,-0.37644523448381156,23.602181501868543,-0.7159994125366218,-75.17909023746101,-101.06031500960064,25.881224772139632,21.829999923706055,21.829999923706055,21.829999923706055,23.93000030517578,97.61399260564244,24.982330077900233,34.7688910242201,18.838607605470735,163.08578014284873,23.46250009536743,25.235000610351562,100.0,68.0,32.0,20.253205322946584,21.509256387913553,0.0,0.0,62.580765883979495,1.0,1.0,0.9916609043286605,-8.4502279039996,53.47806451961119,82.99491599433411,85.8362640747987,-17.005084005665893,0.07285293130313875,12.118274850705816,-0.9734398876843371,-2.5164161098984854,1.5429762222141483,3.9167214486986652,-15.364978470099878,19.281699918798545,21.633613474976954,5.32786942200385,5.190786500936984,386.94735075298115
2024-12-05 00:00:00+05:30,23.350000381469727,23.489999771118164,22.579999923706055,22.940000534057617,8765517,0.0,0.0,-1011100280.0761486,3459809171,-0.1735913873627645,3735636.3161319997,1.0900718720513844,1.5759918318220516,378750614.4937638,21.59452021297234,86.77669339891027,133.7848296215275,21.35550003051758,23.13005857184678,19.580941489188376,16.619217895093172,0.9464492059960996,0.0,0.0,21.53199996948242,22.286000061035157,20.777999877929688,7.003530490631513,1.433687263668402,1.0,0.0,19.860000610351562,23.799999237060547,21.829999923706055,18.449573276573346,0.781726141432371,0.8259241682468883,7.274838162147063,-0.08781542629333217,-0.4583134967076471,0.37049807041431493,21.350833415985107,21.55807693188007,21.788143177307916,21.875958603601248,1.1938404748605813,0.762681144084085,0.43115933077649626,-0.31958909085717796,23.794527912849663,-0.7554996490478523,-59.59212218414747,-95.29317595583802,35.70105377169055,22.13499927520752,21.829999923706055,21.982499599456787,23.93000030517578,98.80699630282122,25.320486549802116,32.0291501505581,17.35415119230431,150.18025013453882,23.34500026702881,25.20500087738037,96.0,64.0,32.0,20.5369488360757,21.509256387913553,0.0,0.0,60.36847456022295,0.9297674188452756,0.976589139615092,0.9880268320360276,-3.867555090194472,50.95114069366036,78.1726141432371,81.2815559005886,-21.82738585676291,0.39841177884269996,11.305190949561597,-0.40142435759992656,-2.0934177594387737,1.6919934018388472,3.5439415237178147,-11.583194471336341,15.127135995054156,22.069041371590828,-0.8214381046379948,-0.8248304978165422,382.9473796643708
2024-12-06 00:00:00+05:30,23.0,23.200000762939453,22.719999313354492,22.8700008392334,6968732,0.0,0.0,-1013713523.423583,3452840439,-0.2035465418120012,3132286.9690686045,-0.5165935089175651,1.6040610464571423,378729349.92959833,21.759981048293458,79.78221226742302,133.37659522625304,21.370000076293945,23.18853782776649,19.5514623248214,17.01953902648671,0.912419473207208,0.0,0.0,21.80199998219808,22.540000279744465,21.06399968465169,6.770023834042603,1.2235775246880516,1.0,0.0,19.860000610351562,23.799999237060547,21.829999923706055,18.437054808809677,0.7639597152337181,0.7913318963806956,6.8143223518020175,0.004991455807918044,-0.3656525062045341,0.37064396201245214,21.540000120798748,21.61115389603835,21.95458281760414,21.949591361796223,1.2200186160038557,0.7695939924484152,0.45042462355544055,-0.2607203574066855,23.867690245190456,-1.3000003814697259,-42.4941517992096,-87.32700331159602,44.83285151238642,22.13499927520752,21.829999923706055,21.982499599456787,23.93000030517578,99.40349815141062,25.634488987996722,30.656901472654873,16.610634398451527,137.29359698914607,23.28250026702881,25.20500087738037,92.0,60.0,32.0,20.797992868154488,21.509256387913553,0.0,0.0,59.533462112648536,0.9032586680041369,0.9443420289498041,0.9736437228549653,-0.3956832815139653,48.84957497524557,76.39597152337181,79.18783388698098,-23.604028476628194,0.7528234986697946,11.019419493824866,0.022740540931462574,-1.6701860993647264,1.692926640296189,1.5592003171893225,-8.954715513631209,10.513915830820531,22.307365465277435,-0.30514251610541665,-0.30560902513436794,381.4737018785979
2024-12-09 00:00:00+05:30,22.899999618530273,24.559999465942383,22.770000457763672,23.950000762939453,28922169,0.0,0.0,-1004503639.7348273,3481762608,-0.09647096515860107,7147094.58968932,4.363259077145648,1.5257007758582488,380095154.0033712,22.268873202482517,83.56386936345056,133.37659522625304,21.4395001411438,23.521763216890903,19.357237065396696,19.424548725845572,1.1028298371700465,1.0,0.0,22.108999951680502,22.97100003560384,21.24699986775716,7.797730207673359,1.5678657958359774,1.0,0.0,19.860000610351562,24.559999465942383,22.210000038146973,21.922147553110232,0.8702130103122655,0.8911986075604972,6.303630635778895,0.16380035785459057,-0.2597619333927092,0.42356229124729977,21.86333354314168,21.679230836721565,22.261570193809572,22.09776983595498,1.1778169022952485,0.7051056655797356,0.47271123671551285,-0.19288608251994704,24.15460570263162,-1.1095002174377449,-23.33777479670188,-77.39800490313746,54.06023010643558,22.719999313354492,22.210000038146973,22.464999675750732,23.93000030517578,99.70174907570531,27.01370389036968,37.310076515616196,14.172159152683847,192.52584459646903,23.22000026702881,25.20500087738037,100.0,56.00000000000001,43.99999999999999,21.038153377666973,21.509256387913553,0.0,0.0,67.0956622022598,1.0,0.9443420289498041,0.9550910658382333,5.440484743269974,54.47032992904578,87.02130103122656,80.5299622326118,-12.978698968773449,1.1798234490787287,19.332342437034686,0.7412528914482276,-1.1878983012021358,1.9291511926503633,17.585061948187246,-3.6467600212675184,21.231821969454764,22.84389386566401,4.722343174790433,4.614231098192434,404.2105423776727
2024-12-10 00:00:00+05:30,24.0,24.200000762939453,23.5,23.639999389648438,8789749,0.0,0.0,-1009777508.2949387,3472972859,-0.1049079219347316,5736819.039607513,1.473312092026842,1.7746546241351009,379981382.22157234,22.432844143877332,87.87514864027149,131.65020999168559,21.529000091552735,23.817780520339937,19.240219662765533,21.26230125926976,0.9611624757763015,0.0,0.0,22.398333295186358,23.261333401997884,21.53533318837484,7.705931467650681,1.2193893052050646,1.0,0.0,19.860000610351562,24.559999465942383,22.210000038146973,21.83101321753881,0.8042552552540366,0.8720788230983928,5.7528631963719254,0.2616271617841299,-0.15548411435734139,0.4171112761414713,22.139166831970215,21.724615463843712,22.473636223938627,22.212009062154497,1.2375544697830236,0.7056768512396681,0.5318776185433556,-0.12425461019490032,24.393452497573083,-0.9889991760253913,-6.147226586044127,-66.01876720699212,59.871540620948,22.824999809265137,22.210000038146973,22.517499923706055,23.93000030517578,99.85087453785266,28.294403442573145,35.13769637516312,13.346984830735064,162.60522720635362,23.22000026702881,25.20500087738037,96.0,52.0,44.0,21.390337986494515,21.509256387913553,0.0,0.0,63.43144431141424,0.8982568619277818,0.9338385099773062,0.9408408559589713,9.041844673787212,52.183258032568524,80.42552552540366,81.28093269333398,-19.574474474596343,1.5188823363360235,16.281355033763262,1.1778635649392846,-0.7147459279738517,1.8926094929131363,14.080892108124946,-0.10122959538902565,14.182121703513971,23.020216177374778,-1.2943689495439004,-1.3028188993130296,397.6841976768093
2024-12-11 00:00:00+05:30,23.8799991607666,23.8799991607666,22.90999984741211,23.049999237060547,10456428,0.0,0.0,-1017215596.9667585,3462516431,-0.11643168831633602,4035945.7317315415,-4.220853800501007,1.895926858752524,379720413.76663125,22.59015344651199,84.15368501971363,131.65020999168559,21.614500045776367,23.994587936433284,19.23441215511945,22.023066789574006,0.8015643239309063,0.0,0.0,22.600333277384443,23.49133326212565,21.70933329264323,7.884839341133172,0.7523378043641111,0.0,0.0,19.860000610351562,24.559999465942383,22.210000038146973,21.74465680740663,0.6787232773289645,0.8818708721240028,4.871453606954748,0.28822504828278284,-0.06674228182931655,0.35496733011209936,22.34833335876465,21.733461600083572,22.562307456726614,22.27408240844383,1.226190422127316,0.6998299281111349,0.5263604940161812,-0.06305425779634508,24.61851979864087,-0.5844993591308594,6.4944200593760275,-53.66495230400986,60.159372363385884,22.824999809265137,22.210000038146973,22.517499923706055,23.93000030517578,99.92543726892633,28.46601549037536,32.32867415274406,17.14251654184775,106.48160514194663,23.08500051498413,25.20500087738037,92.0,48.0,44.0,21.7073041344393,21.509256387913553,0.0,0.0,57.046077845226904,0.6938443371245907,0.8640337330174575,0.9140714239815223,10.035543396387572,46.930864871545396,67.87232773289645,78.43971809650886,-32.12767226710354,1.5699706245871141,12.220049706208894,1.2939929151627825,-0.3129981593465249,1.6069910745093074,12.349916238803878,2.3889995714495553,9.960916667354322,23.02314299186332,-2.4957705914588235,-2.527443037597177,385.2631418328536
2024-12-12 00:00:00+05:30,23.049999237060547,23.139999389648438,22.5,22.59000015258789,6543818,0.0,0.0,-1021918961.2787294,3455972613,-0.12548138177112186,3029360.5859190803,-5.623621056967896,1.5905717554163352,379589821.5588833,22.696147563705967,79.51342586307275,129.0229224397867,21.69000005722046,24.09316450767296,19.28683560676796,22.15919266125131,0.687253122689537,0.0,0.0,22.727999941507974,23.624999872843425,21.831000010172524,7.893346828968144,0.423077034847355,0.0,0.0,19.860000610351562,24.559999465942383,22.210000038146973,21.66896654306933,0.5808511078654612,0.8576837238764462,4.186882531586881,0.26908414864962893,0.00042300426647255,0.26866114438315636,22.478333314259846,21.75230774512658,22.566567871474504,22.297483722824875,1.2006801253659805,0.7517007188886518,0.4489794064773287,-0.013494802469819078,24.770671023161672,-0.3600001335144043,19.473065301267116,-40.441966682803574,59.915031984070694,22.824999809265137,22.210000038146973,22.517499923706055,23.93000030517578,99.96271863446316,27.985725003885676,30.59099985481259,19.664479356124012,63.22525007614905,23.08500051498413,25.20500087738037,88.0,44.0,44.0,21.99257366758961,21.509256387913553,0.0,0.0,52.60019411718906,0.5213123836209695,0.7044711942244474,0.8341144790730701,9.401859704148348,44.46138504161631,51.83375941665913,66.71053755831973,-48.16624058334087,1.4940294209648606,7.417971540690512,1.2067915465016363,-0.009040218176892684,1.215831764678529,7.9479903189554255,3.5007977209507297,4.447192598004696,23.00066811795942,-1.995657699341935,-2.0158399108753944,375.5789505807977
2024-12-13 00:00:00+05:30,22.5,22.940000534057617,22.100000381469727,22.780000686645508,8169155,0.0,0.0,-1016861861.7931458,3464141768,-0.06246458721191461,2818329.6183305625,-3.084767089216818,0.9944722256667576,379658530.8905484,22.779576885879642,74.0298117654221,129.0229224397867,21.816500091552733,24.168964880374194,19.464035302731272,21.565922846921964,0.7047853382697111,0.0,0.0,22.861999956766766,23.808999888102214,21.915000025431315,8.284488960950712,0.456705767652157,0.0,0.0,19.860000610351562,24.559999465942383,22.210000038146973,21.543321962126466,0.6212767632529311,0.8559153667475907,3.661204440297056,0.2661779690482007,0.05357399722281818,0.2126039718253825,22.599166711171467,21.76884621840257,22.59940368919312,22.33322572014492,1.1253153581652238,0.8301093156084145,0.29520604255680927,0.027793173086646066,24.959119027278277,-0.47649993896484233,33.95971805198846,-26.149708336354255,60.10942638834271,23.119999885559082,22.210000038146973,22.664999961853027,23.93000030517578,99.98135931723158,26.955779845756755,28.430984350925364,21.638333900326675,48.39844048833042,23.08500051498413,25.20500087738037,84.0,40.0,44.0,21.99257366758961,24.559999465942383,0.0,1.0,54.18834171006385,0.4770630458239964,0.5640732555231855,0.71085939425503,9.382928710513385,45.15280057437334,56.479249073606866,58.72844540772079,-43.520750926393134,1.3847059642567352,6.79794077883671,1.191847395372465,0.23113730453297887,0.9607100908394862,5.566934266585146,3.9140250300776134,1.6529092365075324,22.986311318783454,0.8410824824002905,0.8375650926930156,379.578961824116
2024-12-16 00:00:00+05:30,22.780000686645508,23.700000762939453,22.729999542236328,23.34000015258789,9323353,0.0,0.0,-1014458938.7861928,3473465121,-0.053996228283737284,3161578.630110813,7.23077365372513,1.4747086010300265,379887726.34899515,22.90253624837322,74.6323481425583,129.0229224397867,21.9520001411438,24.327563889884633,19.576436392402965,21.64325558916525,0.7921411837884376,0.0,0.0,23.036999956766763,24.01299997965495,22.060999933878584,8.473325734425744,0.6552255065140697,0.0,0.0,19.860000610351562,24.559999465942383,22.210000038146973,21.410344503332027,0.7404256148055741,0.8673239521431441,3.2406775060519335,0.3055400026088897,0.10396719830003248,0.2015728043088572,22.765833377838135,21.798076996436485,22.713341606638473,22.407801604029583,1.1758421561906696,0.7814296367136184,0.39441251947705114,0.06665001139476898,25.16120803097813,-0.671999454498291,48.483921149601485,-10.926582337925677,59.410503487527166,23.309999465942383,22.210000038146973,22.759999752044678,23.93000030517578,99.99067965861579,26.745247155835443,32.460546426552064,19.89166002881763,80.45184833280234,23.08500051498413,24.885000228881836,80.0,36.0,44.0,21.99257366758961,24.510799484252928,0.0,0.0,58.59202213409176,0.6129860380647989,0.5371204891699216,0.601888312972518,10.760720008462101,47.22714600811478,66.84784749505022,58.386951995105385,-33.152152504949775,1.2380883497350332,9.372071160727996,1.3635429660085199,0.4576184368280871,0.9059245291804328,4.5395363641865565,4.0391272968994025,0.500409067287154,23.012119806313486,2.4582943330228924,2.4285645234515485,391.36842426500823
2024-12-17 00:00:00+05:30,23.40999984741211,23.489999771118164,22.510000228881836,22.68000030517578,8472280,0.0,0.0,-1019991853.6450684,3464992841,-0.05396982518596035,1911109.7533474592,-2.486934462941186,0.946399162389772,379648150.3648188,22.967931032565996,69.29905388635946,125.37446020473045,22.05550012588501,24.367697876208858,19.743302375561164,20.967085190783596,0.6350447164831171,0.0,0.0,23.125,24.127000045776366,22.122999954223634,8.665946341849656,0.2779442742043861,0.0,0.0,19.860000610351562,24.559999465942383,22.210000038146973,21.309872044455513,0.6000000811637913,0.8785915111524624,3.21270668994553,0.28024770486305783,0.13922329961263757,0.14102440525042026,22.882500012715656,21.802692413330078,22.708212175644213,22.427964470781156,1.1211878096858094,0.8362760230222779,0.28491178666353156,0.09615954708556666,25.290887378846843,-0.3955002784729018,58.06212505464886,3.8779971389754184,54.18412791567344,23.329999923706055,22.210000038146973,22.769999980926514,23.645000457763672,99.9953398293079,26.228272315036005,29.839815606356733,20.09812266703334,51.936635479045265,22.942500591278076,24.885000228881836,76.0,32.0,44.0,21.99257366758961,24.462583502197266,0.0,0.0,52.22078089399431,0.3230208825538997,0.471023322147565,0.5240723556135573,9.848703939797801,44.16872740070863,45.82133911291231,56.38281189385645,-54.17866088708769,1.0154412157395285,6.578945363516168,1.2495458748749166,0.6160039244374531,0.6335419504374635,2.9869091620651194,3.828683669932546,-0.8417745078674268,23.00497934016277,-2.8277628238958297,-2.86851410807496,377.47369063527964
2024-12-18 00:00:00+05:30,22.690000534057617,22.75,22.200000762939453,22.25,4666988,0.0,0.0,-1023810310.1430328,3460325853,-0.05557972638094764,1351407.4651190068,-6.187060897708084,0.2873365927535166,379559666.84465796,23.01067231264864,65.91746643332328,122.99742954230229,22.138000106811525,24.352250225519597,19.923749988103452,20.004066383817403,0.5252907050206737,0.0,0.0,23.065333429972334,23.948333422342934,22.182333437601724,7.656511838872334,0.03831628707980553,0.0,0.0,19.860000610351562,24.559999465942383,22.210000038146973,21.23045818463386,0.5085106322537603,0.8457322837432709,3.4396829190482183,0.22293607738591348,0.15596585516729278,0.0669702222186207,22.93166669209798,21.81807701404278,22.637717994775873,22.41478191738996,1.067578449876475,0.9155268609308107,0.1520515889456644,0.11410169289271463,25.37445824946934,-0.1780010223388686,60.387765502804136,17.20909577085893,43.178669731945206,23.329999923706055,22.210000038146973,22.769999980926514,23.050000190734863,99.99766991465395,25.302629742252048,28.451486437499213,21.785413396014984,16.194439702206154,22.755000114440918,24.885000228881836,72.0,28.000000000000004,44.0,21.99257366758961,24.415331839782716,0.0,0.0,48.519029250103365,0.1545483745081761,0.3635184317089582,0.45722074767548143,7.876048507064431,37.96766182700434,33.429397030362026,48.6995278794415,-66.57060296963797,0.7993825351490678,2.7239157744425495,0.9945940058999816,0.6917219407299589,0.30287206517002274,-1.5660389646256883,2.7497391430208995,-4.3157781076465875,22.98018189285813,-1.8959448826711522,-1.9141483703024154,368.42105263157896
2024-12-19 00:00:00+05:30,22.09000015258789,22.100000381469727,21.700000762939453,21.829999923706055,6522403,0.0,0.0,-1026093174.5189859,3453803450,-0.046135353822825693,767005.0047277405,-3.526303179380892,0.20656449186812026,379436547.30498964,23.005757285214024,64.70899637338654,122.99742954230229,22.226000118255616,24.234874246195126,20.217125990316106,18.076794000279836,0.40143728045426713,0.0,0.0,22.95266679128011,23.784666760762533,22.12066682179769,7.249701980586449,-0.17467963266420397,0.0,1.0,19.860000610351562,24.559999465942383,22.210000038146973,21.146399849653626,0.4191488921345387,0.8161589790749986,4.11607080380556,0.14198894347710933,0.1531704728292561,-0.01118152935214678,22.920833428700764,21.83692315908579,22.513453676149744,22.371464732672635,1.0427215934812133,0.9256328655500227,0.11708872793119063,0.11957215223976321,25.383867598080542,0.9039990425109856,61.3423920741577,28.746489534566408,32.59590253959129,23.130000114440918,22.210000038146973,22.670000076293945,22.829999923706055,49.99883495732698,23.770504902836816,27.093944563641788,25.08360514775899,-27.133630274115546,22.704999923706055,24.49000072479248,68.0,24.0,44.0,21.99257366758961,24.369025210616456,0.0,0.0,45.15229357643142,0.0,0.15918975235402524,0.331243835403516,5.138761210381701,38.06183905968851,21.325646038897826,33.5254607273907,-78.67435396110217,0.6137650545905622,-0.5919816310854065,0.634687738035052,0.6803151001909775,-0.045627362155925555,-3.6544796683717866,1.4688953807423624,-5.1233750491141485,22.932015455293325,-1.8876407923323346,-1.90568415453094,359.57894576223276
2024-12-20 00:00:00+05:30,21.860000610351562,22.1299991607666,21.0,21.170000076293945,5781024,0.0,0.0,-1030134773.2960672,3448022426,-0.08356415560342437,112365.01006867166,-6.54816239500192,-0.3877570961293818,379261766.04199284,23.01052055461354,60.80444087113311,119.27877241844922,22.26800012588501,24.147516853535883,20.388483398234136,16.880875848981745,0.2079036239907779,0.0,0.0,22.803000068664552,23.699999809265137,21.906000328063964,7.867383571455812,-0.4102566692367323,0.0,1.0,20.469999313354492,24.559999465942383,22.514999389648438,18.36716422429668,0.17114932440687988,0.8475429972441588,5.154214792508567,0.024301156222499287,0.12739660950790477,-0.10309545328540548,22.757500171661377,21.840384703416092,22.306768506941157,22.282467350718658,0.987776938971684,0.9518717154148032,0.03590522355688075,0.11039288785844781,25.396147826824386,0.6720004081726074,58.681236635347034,37.859713027016284,20.82152360833075,22.600000381469727,22.210000038146973,22.40500020980835,22.77500057220459,24.99941747866349,22.62362052087487,24.50671971038201,28.603725039168616,-69.62386695240379,22.602500438690186,24.460000038146973,64.0,20.0,44.0,21.99257366758961,24.262264232709377,0.0,0.0,40.40729735922318,0.0,0.05151612483605866,0.19140810296634725,1.1967912080991945,36.46171161210998,4.775283758334606,19.8434422758648,-95.22471624166539,0.4440884197459489,-8.473839842576524,0.1090595392332776,0.5660639879994376,-0.45700444876616,-6.04430331213461,-0.03374435783303209,-6.010558954301578,22.816993555522945,-3.0233616569800836,-3.0700078316295176,345.6842121325042
2024-12-23 00:00:00+05:30,21.299999237060547,21.489999771118164,20.8799991607666,21.010000228881836,6596956,0.0,0.0,-1033919891.6953969,3441425470,-0.07655583158221607,-54474.55613890992,-3.513746366394191,-1.0734175863370727,379211907.18750155,22.974124380052164,56.35190905562944,119.27877241844922,22.291500091552734,24.094189923428026,20.488810259677443,16.17378664039225,0.14455896959883902,0.0,0.0,22.539666684468585,23.318666585286458,21.760666783650716,6.91225750338763,-0.481814281350201,0.0,1.0,20.469999313354492,24.559999465942383,22.514999389648438,18.34780134037627,0.13202955877291733,0.8237887585548993,6.109785983657132,-0.0809448319468622,0.08572832121695138,-0.1666731531638136,22.59666681289673,21.86961548145001,22.107265694932032,22.188210526878894,0.9344135461793273,1.0509259177497052,-0.11651237157037797,0.09021006541281819,25.32251772548584,0.5785007476806641,50.653770376632956,44.17093491175818,6.482835464874775,22.3799991607666,22.210000038146973,22.294999599456787,22.77500057220459,12.499708739331744,21.6914694269328,23.21781695652243,28.133984325467214,-98.78887025985114,22.27750015258789,24.229999542236328,60.0,16.0,44.0,21.99257366758961,24.066528378746813,0.0,0.0,39.32829694418064,0.0,0.0,0.07023529239669449,-2.294587670944011,36.75361373832984,3.5326374275674053,9.877855741599927,-96.46736257243259,0.08691183538997649,-8.413253096094866,-0.36481009520260893,0.3798891713590283,-0.7446992665616372,-7.147123428204059,-1.4564201719072376,-5.690703256296822,22.429232772736334,-0.7557857668185619,-0.7586562999788438,342.31579429224917
2024-12-24 00:00:00+05:30,21.040000915527344,21.84000015258789,20.93000030517578,21.719999313354492,7169361,0.0,0.0,-1028641364.7196307,3448594831,-0.07061159502792387,680484.6299172153,2.5385897537759337,-1.35800259345033,379454184.183732,22.886607451138577,50.47430301644562,119.27877241844922,22.326000022888184,24.055732986983493,20.596267058792876,15.49523391849879,0.3248282474484017,0.0,0.0,22.311333338419598,23.111333147684736,21.51133352915446,7.171241602917178,0.13041614621865252,0.0,0.0,20.8799991607666,24.559999465942383,22.719999313354492,16.483025626637623,0.22826089210005288,0.8324098674406203,6.597125023712845,-0.10584196315356564,0.047414264342847984,-0.15325622749641363,22.50083335240682,21.911538564241848,22.04768625161241,22.153528214765977,0.9102245946844106,1.150457161230749,-0.2402325665463384,0.06966642928905017,25.237033138923728,1.6240007400512688,45.43991564462813,48.49821219900842,-3.0582965543802914,22.289999961853027,22.210000038146973,22.25,22.760000228881836,6.249854369665872,20.360067861991052,24.405486323692706,25.94201530231432,-73.85096517849739,22.232500076293945,24.204999923706055,56.00000000000001,12.0,44.00000000000001,21.99257366758961,23.811606041308398,0.0,0.0,46.194426257287546,0.2472733458608984,0.08242444862029943,0.044646857818785884,-3.138125954263782,37.95053391194595,22.826089210005286,10.378003465302413,-77.17391078999471,-0.20785282359403823,-5.02842800034394,-0.4777657180720264,0.20835819347281734,-0.6861239115448438,-7.394669545872801,-2.6440700467003504,-4.75059949917245,22.3639528116319,3.3793387755257642,3.3234937701364764,357.2631434390419
2024-12-26 00:00:00+05:30,21.690000534057617,21.780000686645508,21.260000228881836,21.3700008392334,4220981,0.0,0.0,-1031076537.7290794,3444373850,-0.09468871795844727,372224.4100298806,1.663124776367275,-1.317070243142052,379386166.82848346,22.82949130092089,45.27226119333889,117.35670107124498,22.32800006866455,24.053208396566163,20.60279174076294,15.45331711390305,0.2223525953539836,0.0,0.0,22.130333455403644,22.885333379109703,21.375333531697592,6.823213262714795,-0.003531584770245511,0.0,1.0,20.8799991607666,24.559999465942383,22.719999313354492,16.48154914841813,0.1331526189760441,0.8011689264729254,7.194638701392377,-0.15206219251145825,0.00751897297198674,-0.15958116548344498,22.28583335876465,21.940769342275765,21.943426957400256,22.095489149911714,0.8908935896040974,1.1340205797029255,-0.2431269900988281,0.04653761001692647,25.155424660370848,1.3119993209838867,37.08073700114574,50.4546201656616,-13.37388316451586,22.289999961853027,22.210000038146973,22.25,22.760000228881836,3.124927184832936,19.123766408830857,23.288882990445753,24.75511247343741,-78.2154970126357,22.232500076293945,24.204999923706055,52.0,8.0,44.0,21.99257366758961,23.577077490865054,0.0,0.0,43.57642167065487,0.1529898385025275,0.13342106145447527,0.07194850335825809,-4.667305426274501,34.174832043789,13.315261897604412,13.224662845059015,-86.68473810239558,-0.3798822346855637,-10.772441927009792,-0.6882046895624658,0.02904561686576071,-0.7172503064282265,-10.625224214731618,-4.240300880306604,-6.3849233344250145,22.283540582359386,-1.6114110735993337,-1.6245354849598215,349.8947545101768
2024-12-27 00:00:00+05:30,21.3700008392334,21.479999542236328,21.149999618530273,21.209999084472656,3103934,0.0,0.0,-1033051778.2419482,3441269916,-0.08569847448904085,248101.65335967916,-2.1795010427153647,-1.4358493526990377,379362927.0125191,22.783087343759277,46.84102920127687,116.47802641673314,22.32150001525879,24.062457006451066,20.58054302406651,15.598924713860393,0.18077875087972978,0.0,0.0,21.984000078837077,22.708000055948894,21.26000010172526,6.586608210657493,-0.03453109035449759,0.0,1.0,20.8799991607666,24.559999465942383,22.719999313354492,16.486348599602017,0.08967388487493391,0.7540520261962383,7.811627040413573,-0.19930539318574603,-0.033845900259559816,-0.16545949292618622,22.083333333333332,21.964230830852802,21.83059190002678,22.029897293212525,0.8677111546549607,1.1366407218510814,-0.2689295671961207,0.021170385987832406,25.026702035474276,0.7284992218017585,27.964126599964157,49.7884433376589,-21.82431673769474,22.289999961853027,22.210000038146973,22.25,22.760000228881836,1.562463592416468,18.122813342477126,22.58275539954367,25.015213160796534,-92.75067453487554,22.232500076293945,24.204999923706055,48.0,4.0,44.0,21.99257366758961,23.36131122445718,0.0,0.0,42.39358641076209,0.110391801241912,0.17021832853511262,0.12868794620329563,-6.265632990314214,34.98373336702171,8.967388487493391,15.03624653170101,-91.0326115125066,-0.4612941966337303,-10.279189373582803,-0.9047041415265817,-0.1577043348127078,-0.7469998067138739,-14.578931190947555,-6.308026942434795,-8.27090424851276,22.212211692006473,-0.7487213311989871,-0.7515383190924041,346.5262965152138
2024-12-30 00:00:00+05:30,21.209999084472656,21.31999969482422,20.75,20.809999465942383,4776448,0.0,0.0,-1036822666.6540964,3436493468,-0.10912865708259513,-60281.065395944606,-3.3413901364453635,-1.9861814393841102,379272847.92433435,22.39233569758459,27.380790264005896,116.47802641673314,22.297999954223634,24.105955939728545,20.490043968718723,16.216306298470975,0.08848542215321277,0.0,0.0,21.8193333307902,22.516333262125652,21.122333399454753,6.38882884979701,-0.2240559284661187,0.0,1.0,20.75,24.559999465942383,22.65499973297119,17.086731876240325,0.015747893530883284,0.7356467930590365,8.441444146998387,-0.2659568117941049,-0.08026808256646883,-0.18568872922763607,21.896666685740154,21.992692360511192,21.67357767939841,21.939534491192514,0.8081792023938622,1.3008763961766105,-0.49269719378274834,-0.008185041348117185,24.923535946504206,0.2920001983642564,17.200557971865425,46.31251409568822,-29.111956123822797,22.119999885559082,22.210000038146973,22.164999961853027,22.210000038146973,0.781231796208234,17.71368504570738,21.377085328877854,27.426269554896194,-116.47265354358649,21.869999408721924,24.109999656677246,44.0,0.0,44.0,21.99257366758961,23.162806259361933,0.0,0.0,39.506493893588505,0.007393098780539657,0.090258246174993,0.13129921205486017,-8.50494179234204,33.30122315027266,1.7391145702606268,8.007254985119458,-98.26088542973937,-0.5164118037504295,-9.718003667074395,-1.2122263209407271,-0.3686087320383117,-0.8436175889024154,-15.835210624717591,-8.213463678891355,-7.621746945826237,22.061778910926037,-1.885901158869463,-1.9039110669664794,338.1052519145765
2024-12-31 00:00:00+05:30,20.770000457763672,21.1299991607666,20.649999618530273,21.020000457763672,3765333,0.0,0.0,-1034783092.5764672,3440258801,-0.12449623819012426,61291.038880251734,-1.8484461626799153,-2.2234498861488783,379310845.2181753,22.194823630576806,18.65974080712219,117.65344696938297,22.26599998474121,24.13946110487891,20.39253886460351,16.827998934892445,0.16746053238458558,0.0,0.0,21.586999956766768,22.234999720255534,20.939000193277995,6.00361110655994,0.0625002268901917,0.0,0.0,20.649999618530273,24.559999465942383,22.604999542236328,17.56040532691824,0.09462937434084273,0.7100820679767657,8.842835002969663,-0.29839352147822495,-0.12389317034882007,-0.17450035112940487,21.765833377838135,22.019230842590332,21.57302733760845,21.871420859086676,0.7213930367142884,1.290547538257533,-0.5691545015432447,-0.03709347840631672,24.83933057240487,0.5140007019042976,3.2642720061302115,40.22386375696394,-36.959591750833724,21.699999809265137,22.514999389648438,22.107499599456787,22.210000038146973,0.390615898104117,17.460495644687647,20.389859159779093,27.121802365062248,-111.84122294968623,21.625,23.93000030517578,40.0,4.0,36.0,21.99257366758961,22.921525633425738,0.0,0.0,41.749381622055274,0.12568102244017748,0.081155307487543,0.11387729406588272,-9.700475826416925,37.66426524582295,11.455135965041778,7.38721300759858,-88.54486403495822,-0.5377647399902337,-6.949976468434689,-1.3643078947669498,-0.5677485645840393,-0.7965593301829105,-18.046314733162287,-10.180033889745541,-7.866280843416746,21.894818531414284,1.0091350178311087,1.0040772484300575,342.5263254266036
2025-01-01 00:00:00+05:30,21.0,21.6299991607666,20.969999313354492,21.18000030517578,5058882,0.0,0.0,-1036622670.0821632,3445317683,-0.12743221231238244,168166.6544796253,5.349004715488132,-1.5398885635782258,379349352.36995685,22.00382859668217,25.835745996531713,117.65344696938297,22.227000045776368,24.15596980663857,20.298030284914166,17.35699605785307,0.22861167607609267,0.0,0.0,21.423666572570802,22.039666366577148,20.807666778564453,5.750647695339187,0.30221887266369085,0.0,0.0,20.649999618530273,24.559999465942383,22.604999542236328,17.591217165427135,0.13555005302526968,0.7050738459203,9.12713631097183,-0.30764288144882457,-0.16064311256882097,-0.1469997688800036,21.632500012715656,22.043846203730656,21.512561640311116,21.82020452175994,0.8059548455673913,1.2156058359397826,-0.4096509903723913,-0.06299788723198414,24.780982405480245,1.1130001068115227,-8.328454771220576,32.58872817096118,-40.91718294218176,21.389999389648438,22.514999389648438,21.952499389648438,22.210000038146973,0.1953079490520585,16.423611071596437,23.93378929370097,25.38581344970312,-78.33599277847757,21.357500076293945,23.93000030517578,36.0,0.0,36.0,21.99257366758961,22.648942511638282,0.0,0.0,43.46913939695003,0.2149554362900714,0.11600985250359615,0.09580780205537724,-10.202668350891413,41.27003172543219,17.377065173140288,10.190438569480879,-82.6229348268597,-0.547117872799145,-7.023706467259709,-1.4098991654364714,-0.7361786847545257,-0.6737204806819457,-18.07403928569643,-11.75883496893572,-6.31520431676071,21.825547528164332,0.7611790862402934,0.7582967355602932,345.89474326685854
2025-01-02 00:00:00+05:30,21.209999084472656,21.350000381469727,21.0,21.18000030517578,3756898,0.0,0.0,-1036515327.7994835,3449074581,-0.1794449338023221,144142.84669682168,-1.1645169471553733,-1.2213811271630455,379349352.36995685,21.90618353205618,26.839571677541002,117.65344696938297,22.129500102996825,24.063164912104558,20.195835293889093,17.47590139956095,0.25448180228837586,0.0,0.0,21.301333236694337,21.8973331451416,20.70533332824707,5.595893006552069,0.39821061228460647,0.0,0.0,20.649999618530273,24.559999465942383,22.604999542236328,17.66872197389858,0.13555005302526968,0.6695664994752426,9.333752196856452,-0.3113836292155483,-0.19079121589816644,-0.12059241331738185,21.452500025431316,22.049615419827976,21.461398357982603,21.77278198719815,0.8465609490806477,1.1735449299740581,-0.3269839808934104,-0.08567855339651033,24.66774788778429,0.5505002021789558,-16.978016297415614,23.886460574119706,-40.86447687153532,21.389999389648438,22.604999542236328,21.997499465942383,22.210000038146973,0.09765397452602925,15.460789682297456,23.0897606269499,24.490578933454437,-76.08966950010475,21.235000133514404,23.93000030517578,32.0,92.0,-60.0,21.99257366758961,22.40906936446532,0.0,0.0,43.46913939695003,0.2149554362900714,0.1851972983401067,0.1274541527770818,-10.613812228398615,44.15806065555932,17.377065173140288,15.403088770440766,-82.6229348268597,-0.6127355799955474,-9.254498000389315,-1.430150861743961,-0.8749731201524129,-0.5551777415915482,-19.720371392256244,-13.351142253599825,-6.369229138656419,21.780558837280267,0.0,0.0,345.89474326685854
2025-01-03 00:00:00+05:30,21.200000762939453,21.639999389648438,20.90999984741211,20.959999084472656,5906117,0.0,0.0,-1041612399.514097,3443168464,-0.2048191768503662,-62070.83849064977,1.2359988214683888,-0.9127549906855307,379288004.2617938,21.7789056363244,27.76858324570327,117.65344696938297,22.03050003051758,23.990607138125206,20.070392922909953,17.79448587088267,0.2269279464652562,0.0,0.0,21.230666478474934,21.859666379292808,20.601666577657063,5.92539006211222,0.2848430551019662,0.0,0.0,20.649999618530273,24.559999465942383,22.604999542236328,17.748121204674487,0.07928375397445617,0.6756098037513512,9.635428401347164,-0.32831583804368236,-0.21829614032726963,-0.11001969771641273,21.309166590372723,22.035384618318997,21.38426000821184,21.712575846255522,0.8779443678986222,1.1231265248326014,-0.24518215693397927,-0.10702875895155155,24.63917780764316,0.21949996948242045,-24.197635640779325,14.677696987883444,-38.87533262866277,21.244999885559082,22.604999542236328,21.924999713897705,22.210000038146973,0.048826987263014626,14.602287594537415,24.310804243634337,22.693044370341752,-69.62546338254403,21.232500076293945,23.93000030517578,28.000000000000004,88.0,-60.0,21.99257366758961,22.197980994953117,0.0,0.0,41.51460834155458,0.11349369739342828,0.181134856657857,0.16078066916718647,-11.49561795629213,31.949498077084108,10.163913102479615,14.972681149586712,-89.83608689752039,-0.6389708631178941,-7.5837795306845965,-1.512099901773297,-1.0023984764765899,-0.5097014252967071,-17.94540343536493,-14.269994489952847,-3.6754089454120837,21.734308834845695,-1.0387215180981957,-1.0441538808836803,341.263138620477
2025-01-06 00:00:00+05:30,20.959999084472656,21.030000686645508,19.860000610351562,19.93000030517578,8293681,0.0,0.0,-1048913678.6318537,3434874783,-0.23420560124624798,-1273558.0481173692,-11.708900526328778,-2.2655888606893813,378880443.112986,21.44257590636842,15.626908274588217,117.65344696938297,21.883500003814696,24.00412522755336,19.762874780076032,19.381042551410875,0.03940477629637607,0.0,0.0,21.114666557312013,21.747666549682616,20.481666564941406,5.995832239665628,-0.4357553447193714,0.0,1.0,19.860000610351562,24.559999465942383,22.210000038146973,21.47736356054344,0.014893555716710772,0.7250488310056106,10.142958889855807,-0.420005467376658,-0.25863800573714735,-0.16136746163951066,21.115833282470703,21.981153854956993,21.16052774620629,21.58053321358295,0.7044026578131541,1.2641510716543516,-0.5597484138411974,-0.13551758211643483,24.830706227681222,-0.05350008010864116,-32.7810246766673,5.407164204183415,-38.18818888085072,20.850000381469727,22.210000038146973,21.53000020980835,22.210000038146973,0.024413493631507313,14.752506868003596,21.577280272852995,30.23224697956997,-124.17115856319224,21.160000324249268,23.93000030517578,24.0,100.0,-76.0,21.99257366758961,22.012223229782375,0.0,0.0,33.84242012470956,0.0,0.10948304456116653,0.15860506651970993,-14.723078220210095,26.668688819029786,1.9283666944274407,9.823114990015762,-98.07163330557256,-0.7531471701229293,-10.426964920558285,-1.946223771302849,-1.1911635354418417,-0.7550602358610072,-13.156255018667187,-14.047246595695716,0.8909915770285295,21.58865346210812,-4.914116528086621,-5.038966623601526,319.5789537931743
2025-01-07 00:00:00+05:30,19.899999618530273,20.299999237060547,19.889999389648438,20.190000534057617,6563791,0.0,0.0,-1045871881.6098495,3441438574,-0.3233470718691273,-847823.0180530973,-2.186244108063346,-2.244110978198107,378966072.17150086,21.167860617879775,16.22627056304367,119.18831514160433,21.695499992370607,23.71420708743557,19.676792897305642,18.60945445622234,0.12711295214808252,0.0,0.0,21.01466655731201,21.627666473388672,20.40166664123535,5.8340199156133465,-0.17264774564117882,0.0,1.0,19.860000610351562,24.200000762939453,22.030000686645508,20.00414903604013,0.07603684610685547,0.6935439326462605,10.343784337573526,-0.466314925463184,-0.3001733896823547,-0.1661415357808293,20.979166666666668,21.939230772165153,21.011215867414187,21.47753079287737,0.7134893603086802,1.3389076694149222,-0.6254183091062421,-0.16506707075404817,24.89602045471079,-0.5254999160766616,-40.9382981680256,-4.190415108333665,-36.74788305969193,20.820000648498535,22.210000038146973,21.515000343322754,22.210000038146973,0.012206746815753657,14.89199619336505,20.698956765784178,29.001614904633517,-127.65875376972646,21.160000324249268,23.93000030517578,20.0,96.0,-76.0,21.99257366758961,21.71091206306206,0.0,0.0,37.00711265741863,0.21562831752693104,0.1097073383067864,0.13344174650860316,-16.462966272655642,30.437159398357938,11.418684892739666,7.836988229882221,-88.58131510726034,-0.8861177668851958,-7.51259457343148,-2.171175681041644,-1.3871659645618022,-0.7840097164798416,-11.532107139305735,-13.544218704417721,2.0121115651119865,21.529535478083883,1.3045671093859124,1.2961309239250873,325.0526428222656
2025-01-08 00:00:00+05:30,20.389999389648438,20.389999389648438,19.8700008392334,20.110000610351562,4325144,0.0,0.0,-1046204577.672352,3437113430,-0.2950205854958412,-776135.6140480406,0.42080369643892857,-1.772120650044749,378948934.42108655,21.032470565420702,16.404330954711355,118.71604887782206,21.51900005340576,23.44178852297829,19.596211583833234,17.870611690139494,0.1336051871146682,0.0,0.0,20.87733325958252,21.451333045959473,20.303333473205566,5.4987845357451715,-0.16840847979605245,0.0,1.0,19.860000610351562,23.8799991607666,21.869999885559082,18.681158699001923,0.06218907715133109,0.6761893944231383,10.384089825550078,-0.5036648945107913,-0.340871690648042,-0.1627932038627493,20.890833377838135,21.879615416893593,20.87256736632763,21.37623226083842,0.7449664859094035,1.2472037810746996,-0.5022372951652961,-0.19451779504749217,24.892688149009185,-0.5089998245239258,-49.38209084029478,-13.797395979604836,-35.58469486068994,20.75,22.210000038146973,21.480000019073486,22.210000038146973,0.006103373407876828,14.863187642233514,20.52034338327729,27.47410352265456,-124.1926225654362,21.160000324249268,23.93000030517578,16.0,92.0,-76.0,21.99257366758961,21.451784459682592,0.0,0.0,36.42967155465598,0.20946001824939472,0.14169611192544188,0.1202954982644648,-18.04977857081163,33.75121429855512,11.013222891895275,8.120091493020775,-88.98677710810472,-1.1002646446228042,-5.007082957592261,-2.356191158315177,-1.5809710033124773,-0.7752201550026996,-13.056434443853998,-13.446661852304977,0.39022740845097914,21.29978185304611,-0.3962353719164424,-0.39702246411263964,323.3684339021382
2025-01-09 00:00:00+05:30,20.1299991607666,20.299999237060547,19.760000228881836,19.8700008392334,4780351,0.0,0.0,-1049037363.8815638,3432333079,-0.2701409583366565,-829156.6900218187,-1.1296263979600052,-1.6009294513718284,378891884.04261595,20.89004871975107,16.904462810150136,118.71604887782206,21.360000133514404,23.27599584911951,19.444004417909298,17.94003467817267,0.11116841698927367,0.0,0.0,20.727999877929687,21.303999519348146,20.15200023651123,5.55769630268821,-0.24479129586207787,0.0,1.0,19.760000228881836,23.700000762939453,21.730000495910645,18.445695268866842,0.02791893285310755,0.6625703557986956,10.364100624014599,-0.5463332007824668,-0.381963992674927,-0.16436920810753985,20.795833428700764,21.799230868999775,20.718326362159285,21.264659562941752,0.7827546140554349,1.2015679565303756,-0.41881334247494073,-0.22447334847098835,24.61794744349782,0.3599991798400879,-56.17401894092413,-23.14607881748131,-33.02794012344282,20.699999809265137,22.15999984741211,21.429999828338623,22.15999984741211,0.003051686703938414,14.985414260819681,19.37886889233304,27.07895621416067,-132.39144129475793,21.30500030517578,23.93000030517578,12.0,100.0,-88.0,21.99257366758961,21.228934720776248,0.0,0.0,34.681338071512585,0.06791754617012417,0.16433529398214994,0.1385795814047926,-19.897891335609668,29.941429981586833,4.641378055984329,9.024428613539737,-95.35862194401567,-1.321323574290556,-5.425984660777459,-2.5692073704042273,-1.7786182767308274,-0.7905890936733999,-13.58792731301942,-13.474914944447866,-0.11301236857155494,21.080331930308724,-1.1934349270711797,-1.2006135335280277,318.3158071417558
2025-01-10 00:00:00+05:30,19.8700008392334,19.8799991607666,19.18000030517578,19.489999771118164,6505817,0.0,0.0,-1049780886.3309059,3425827262,-0.23660144381427475,-1063879.6498704518,-5.379792081385169,-1.5174744289706321,378767464.45003694,20.72865981688929,16.871054346133036,118.71604887782206,21.205000114440917,23.197922546512544,19.21207768236929,18.796721728988977,0.06972727193902264,0.0,0.0,20.551666577657063,21.164666112263994,19.93866704305013,5.965448420356913,-0.3659605322699488,0.0,1.0,19.18000030517578,23.700000762939453,21.440000534057617,21.3157294664926,0.0685839456962708,0.6663132057779081,10.262558987478506,-0.6038502416052829,-0.4263412424609982,-0.1775089991442847,20.610000133514404,21.659230892474834,20.52935304046065,21.13320328206593,0.7858822927507705,1.2647060011497953,-0.47882370839902477,-0.2565292971716656,24.416733268105645,0.16500072479248118,-62.63507628299205,-32.016704845798806,-30.618371437193247,20.40999984741211,21.869999885559082,21.139999866485596,21.869999885559082,0.001525843351969207,15.823816491281221,17.982438711234362,31.09830933790333,-159.86184803070958,21.829999923706055,23.93000030517578,8.0,100.0,-92.0,21.99257366758961,20.993905202073144,0.0,0.0,32.05794497353574,0.0,0.09245918813983961,0.13283019801581034,-22.273338128006927,31.8518534743889,11.65411592951701,9.102905625798853,-88.345884070483,-1.6512058875140028,-10.267033207801338,-2.8573531118101845,-1.994365243746699,-0.8629878680634855,-11.523800390739188,-13.084692033706132,1.5608916429669435,20.81029636014241,-1.912436094944303,-1.9309597024012692,310.3157846551192
2025-01-13 00:00:00+05:30,19.309999465942383,19.389999389648438,18.350000381469727,18.469999313354492,7871446,0.0,0.0,-1055835859.2286041,3417955816,-0.3318031947323592,-2058879.4889263907,-8.720115550645895,-1.8893579421314681,378355515.82933146,20.48810873163948,16.78326417966747,118.71604887782206,20.989500045776367,23.177169860391068,18.801830231161667,20.845373256567076,-0.07584117941162374,0.0,1.0,20.3293332417806,20.98933270772298,19.669333775838215,6.4930753812029565,-0.9085874492119846,0.0,1.0,18.350000381469727,23.700000762939453,21.02500057220459,25.488936705504262,0.022429705295048986,0.7136818241649611,10.5142361690675,-0.7233995238766084,-0.4857528987441203,-0.23764662513248813,20.368333339691162,21.48730776860164,20.212529390136623,20.935928914013232,0.7087485462531246,1.2214840659203712,-0.5127355196672466,-0.29736825732273475,24.44120478838474,0.22049903869628906,-70.51358607466916,-40.21424463255429,-30.299341442114873,19.994999885559082,21.454999923706055,20.72499990463257,21.454999923706055,0.0007629216759846035,17.428674551440334,15.964788225506659,35.77807840974061,-196.0800956935881,21.982499599456787,23.93000030517578,4.0,100.0,-96.0,21.99257366758961,20.66740232063162,0.0,0.0,26.30591465999072,0.0,0.02263918205670803,0.09314455472623238,-26.41626091802951,27.885010505476597,3.438365035947239,6.577953007149508,-96.56163496405276,-1.9104707325206078,-13.570432437956503,-3.4553017773785477,-2.286552550473069,-1.1687492269054789,-7.980946447135989,-12.063942916392104,4.082996469256115,20.323848412738304,-5.233455463017444,-5.375374474102834,288.842090807463
2025-01-14 00:00:00+05:30,18.5,19.56999969482422,18.5,19.309999465942383,7386984,0.0,0.0,-1052038815.562301,3425342800,-0.32529699766167297,-878315.60662772,2.390013418585271,-1.8999705375022298,378691469.69602585,20.261580717646325,16.0928413677686,124.11515569315905,20.78800001144409,22.80856044150825,18.767439581379932,19.439680863496353,0.13425975201969656,0.0,0.0,20.1486665725708,20.867666053771973,19.42966709136963,7.136943565089064,-0.08321815839653246,0.0,1.0,18.350000381469727,23.489999771118164,20.920000076293945,24.725800398397126,0.1867702720755221,0.7523136798954376,10.535368389493302,-0.7418110630693349,-0.5369645316091632,-0.20484653146017162,20.210000038146973,21.350384638859676,20.073678632568278,20.815489695637613,0.7223424486851597,1.2321041685931517,-0.509761719907992,-0.3344441477445258,24.345679309008432,0.021999454498292437,-74.85918098147404,-47.60654754480468,-27.252633436669363,19.994999885559082,21.454999923706055,20.72499990463257,21.454999923706055,0.00038146083799230177,18.56762801436737,16.006437474797526,32.04220121934406,-141.64753699639297,21.982499599456787,23.93000030517578,0.0,96.0,-96.0,21.99257366758961,20.20392193279924,0.0,0.0,36.422875122970126,0.5857940624865507,0.19526468749551687,0.10345435256402136,-26.634017612385176,35.02559405358996,27.98830901046984,14.360263325311346,-72.01169098953015,-2.0701176923864004,-8.958037249144525,-3.5637454314841284,-2.541991126675281,-1.0217543048088475,-5.784407496264934,-10.80803583236667,5.023628336101736,20.22770889835809,4.547916533925034,4.447531174848507,306.5263045461554
2025-01-15 00:00:00+05:30,19.360000610351562,21.209999084472656,19.360000610351562,20.8799991607666,32596395,0.0,0.0,-1031071411.6274995,3457939195,-0.07933865060818139,6558062.366086195,7.094336943245924,-1.512026811296612,381341719.9092706,20.28190339703215,43.16427020347744,124.11515569315905,20.697999954223633,22.524478576256033,18.871521332191232,17.648841685881724,0.5498224299883813,0.0,0.0,20.070999908447266,20.908999252319337,19.233000564575196,8.350349735384954,0.9826968292011203,0.0,0.0,18.350000381469727,22.75,20.550000190734863,21.25809077331846,0.5749997724186093,0.8670822737589212,10.142875911243364,-0.6225402299372682,-0.5540796712747843,-0.0684605586624839,20.215833346048992,21.23230765416072,20.19772794459879,20.820268174536057,0.8037733133001647,1.0367924137868987,-0.23301910048673402,-0.35276071517000407,24.55132284059193,0.32200050354003906,-75.49991047453398,-54.108980231151165,-21.39093024338281,19.994999885559082,21.27500057220459,20.635000228881836,21.454999923706055,50.00019073041899,17.321766924170948,27.441675661010223,26.830799469314925,-23.111292489845642,22.464999675750732,23.93000030517578,0.0,92.0,-92.0,18.350000381469727,20.20392193279924,1.0,0.0,50.18740724608878,1.0,0.5285980208288502,0.24883396346035824,-21.49877343612969,49.50797464560593,76.89968212779007,36.10878539140237,-23.10031787220992,-2.0114706993103013,0.3363752840973406,-2.9900682580960103,-2.631606552959427,-0.3584617051365835,20.23773211964606,-4.598882241964125,24.836614361610188,20.23378892128864,8.13050097486161,7.816865403789297,339.57892970034953
2025-01-16 00:00:00+05:30,20.600000381469727,21.280000686645508,20.15999984741211,20.360000610351562,15879512,0.0,0.0,-1041279651.9572389,3442059683,-0.11579724898460221,4441578.710745566,3.0681096184667616,-1.1371974783550314,380946254.2218574,20.298531080194415,52.15732103859886,121.02417371810948,20.603499984741212,22.289148543215454,18.91785142626697,16.36273992013609,0.42777279309927674,0.0,0.0,20.013333257039385,20.928332646687828,19.098333867390952,9.143897999366006,0.6894358385557883,0.0,0.0,18.350000381469727,22.1299991607666,20.239999771118164,18.34639154559328,0.5317462640175032,0.8923741303063689,9.726234497209017,-0.5634813107935486,-0.5559599991785372,-0.00752131161501135,20.16083335876465,21.106153854956993,20.222692970099214,20.786174280892762,0.897278100246532,1.0017556322067747,-0.10447753196024268,-0.361679337726041,24.718159182707186,0.5765003204345689,-77.97902465233676,-60.084690121324215,-17.894334531012547,19.815000534057617,21.114999771118164,20.46500015258789,21.454999923706055,75.0000953652095,16.247883712970754,25.458455013894753,24.319825642830732,-5.497446556391139,22.517499923706055,23.93000030517578,0.0,88.0,-88.0,18.407200355529785,20.20392193279924,0.0,0.0,46.5896084012705,0.8493478231376277,0.8117139618747261,0.5118588900663642,-18.816954391568295,44.878173178937864,61.094250298711756,55.32741381232387,-38.905749701288244,-1.8496470787945931,-3.139865999233794,-2.7108466578744914,-2.64745457394244,-0.06339208393205142,22.46795141158307,0.8144844887453138,21.653466922837755,20.236430548776287,-2.49041461357965,-2.521950116097038,328.631591796875
2025-01-17 00:00:00+05:30,20.290000915527344,20.290000915527344,19.75,20.0,8282310,0.0,0.0,-1041893169.4035153,3433777373,-0.10352413559221846,3381119.37276465,-4.563950611268352,-1.2245232265566734,380799808.41803926,20.252888005631256,50.759908070376675,118.8842535265717,20.511999988555907,22.118207973761756,18.905792003350058,15.661154310666802,0.34061840270010557,0.0,0.0,19.897666676839194,20.79366620381673,19.001667149861653,9.006076355882257,0.557105679232894,0.0,0.0,18.350000381469727,22.1299991607666,20.239999771118164,18.42823118860091,0.43650797655474194,0.8641367783108883,9.304851965979058,-0.5395066358139076,-0.5526693265056113,0.013162690691703727,20.0625,20.988846191993126,20.188432513160873,20.72793914897478,0.8906384697151992,1.0682412170990603,-0.17760274738386106,-0.36647048987669456,24.80876762467193,0.6680003166198745,-81.24394385457788,-65.46945891886983,-15.774484935708045,19.815000534057617,21.02500057220459,20.420000553131104,21.454999923706055,87.50004768260476,15.428086361818147,24.133718751658378,26.551782500893562,-54.80243571736502,22.517499923706055,23.93000030517578,8.0,84.0,-76.0,18.522112368774415,20.20392193279924,0.0,0.0,44.225844788502364,0.7503689337635131,0.8665722523003803,0.7356280783346522,-17.560175743744562,44.7395747035025,50.15197920815441,62.71530387821873,-49.84802079184559,-1.7151763523326196,-5.571295033869396,-2.602799207081771,-2.6385235005703063,0.03572429348853534,18.391169539036127,4.329821498803477,14.061348040232652,20.230656668988267,-1.7681758328068398,-1.7839948106305403,321.05263157894734
2025-01-20 00:00:00+05:30,20.0,20.299999237060547,19.8799991607666,20.100000381469727,4569048,0.0,0.0,-1041675569.9994437,3438346421,-0.0762224640070129,2963374.6827916275,0.6434486270102462,-1.0465307415788048,380822653.7451869,20.225862097872078,54.21968832434834,119.47867706174173,20.4585000038147,22.044630833987597,18.8723691736418,15.505836985870399,0.38698926484333784,0.0,0.0,19.879666582743326,20.700666109720867,19.05866705576579,8.259691112628754,0.6341863128335437,0.0,0.0,18.350000381469727,21.84000015258789,20.09500026702881,17.05892304160822,0.5014326976415004,0.8197231081091939,9.021091143416696,-0.5065975963728562,-0.5434549804790603,0.036857384106204094,19.97250000635783,20.893076970027042,20.174827569823773,20.68142516619663,0.9102900059770316,1.0510112724836957,-0.14072126650666417,-0.36669375639396984,24.79112151952603,0.5014990806579576,-80.38009219479038,-69.85188047739925,-10.52821171739113,19.815000534057617,21.02500057220459,20.420000553131104,21.454999923706055,93.75002384130238,14.65330901674513,23.325586862719145,25.5653816379103,-41.40821953047495,22.517499923706055,23.93000030517578,4.0,80.0,-76.0,18.632427901489258,20.20392193279924,0.0,0.0,45.0596970967989,0.7852851897425024,0.7950006488812144,0.8244289543521067,-16.31663765562098,45.918070825625705,53.19150539710257,54.8125783013229,-46.80849460289743,-1.4317646924187173,-5.09914970795413,-2.449529431854047,-2.6007246868270544,0.15119525497300756,12.04357914429747,5.872573027902275,6.171006116395194,20.22974398424068,0.5000019073486239,0.49875604896323367,323.1579027677837
2025-01-21 00:00:00+05:30,20.1299991607666,20.25,19.65999984741211,19.770000457763672,5279028,0.0,0.0,-1044986136.4676427,3433067393,-0.07373000901260937,2291167.03707252,-1.5087927734365336,-1.536373419359138,380735983.1579143,20.168589910375427,49.90439475028436,119.47867706174173,20.396500015258788,21.988483319641695,18.80451671087588,15.610357690701166,0.30323300006655446,0.0,0.0,19.856333287556964,20.695332845052086,19.01733373006185,8.45069978776877,0.44855013389336723,0.0,0.0,18.350000381469727,21.84000015258789,20.09500026702881,17.110777675126943,0.40687683937554825,0.7967508125570636,8.85596683602798,-0.5013657491705459,-0.5350371342173574,0.03367138504681155,19.87333345413208,20.777307730454666,20.11254647566068,20.613912224831225,0.8619467485015072,1.0999997805704593,-0.23805303206895212,-0.3661556817674701,24.71321494129725,-0.4664997100830064,-80.90697633868973,-73.35464553277647,-7.5523308059132574,19.815000534057617,21.02500057220459,20.420000553131104,21.454999923706055,96.87501192065119,14.214007145367244,22.084411813324447,26.18915300911408,-55.82152229476392,22.664999961853027,23.93000030517578,0.0,76.0,-76.0,18.73833081289551,20.20392193279924,0.0,0.0,42.786387324468485,0.6900939128935102,0.7419160121331752,0.801162971104923,-16.027042372634366,44.61433132563911,43.16110955547169,48.83486472024288,-56.83889044452831,-1.1864411466261942,-5.6774746120601955,-2.4321717474211804,-2.56701409894588,0.13484235152469948,7.243324630233144,6.146723348368449,1.0966012818646949,20.224078902835785,-1.6417906340453703,-1.6554173706638142,316.21053595291943
2025-01-22 00:00:00+05:30,19.799999237060547,19.84000015258789,19.059999465942383,19.34000015258789,4627144,0.0,0.0,-1046291223.1428484,3428440249,-0.11962012101680175,1679618.4129061194,-8.512819916993637,-2.061252202919014,380635342.12169665,20.109323081598856,49.69696782548761,116.87999894292702,20.277500057220458,21.81069123738495,18.744308877055964,15.122092721864414,0.1942651651139866,0.0,0.0,19.785333251953126,20.65033302307129,18.920333480834962,8.74384838610464,0.24258195537464444,0.0,0.0,18.350000381469727,21.780000686645508,20.065000534057617,16.915301666856212,0.28862964519982115,0.795075799965908,8.750860498984075,-0.5258551724400711,-0.5332007418619001,0.007345569421829068,19.824166774749756,20.623461576608513,19.993693195187944,20.519548367628015,0.8132989869586433,1.1074167583619694,-0.29411777140332607,-0.3684032577262892,24.635285764820228,-0.08749952316284038,-84.41543208338136,-76.49258032638282,-7.92285175699854,19.815000534057617,20.920000076293945,20.36750030517578,21.454999923706055,98.4375059603256,14.510058454141852,20.5291651099624,29.761978010222634,-96.3577287306315,22.759999752044678,23.93000030517578,0.0,72.0,-72.0,18.839997607845508,20.20392193279924,0.0,0.0,39.95754491097156,0.5716405790703282,0.6823398939021136,0.7397521849721675,-16.677672411493646,47.44590822485444,30.091187524892646,42.14793415915562,-69.90881247510735,-1.2510882265427519,-2.9603619847144143,-2.56270344268234,-2.5661519676931723,0.0034485250108322596,2.589011226849989,5.435180924064758,-2.8461696972147688,20.205594861285856,-2.175014138691733,-2.1990162422080406,307.15789794921875
2025-01-23 00:00:00+05:30,19.350000381469727,19.6200008392334,19.18000030517578,19.360000610351562,3447544,0.0,0.0,-1046918047.9660591,3431887793,-0.10792998220053784,1449523.2765138738,-0.6381264752274092,-2.1951182955401425,380638907.3987192,20.036604887910357,50.895759262152396,117.00087037332167,20.177000045776367,21.67363749051518,18.680362601037555,14.835083920734812,0.2270549930790405,0.0,0.0,19.726333300272625,20.581333223978678,18.871333376566568,8.66861479719841,0.2857703376550218,0.0,0.0,18.350000381469727,21.639999389648438,19.994999885559082,16.3056896501688,0.3069910435751029,0.759568273375079,8.54023672742542,-0.5374539128730582,-0.5340513760641318,-0.0034025368089264374,19.755000114440918,20.495769280653732,19.896202028290038,20.433655941163096,0.8269229294344277,1.1547200048550699,-0.3277970754206422,-0.37160598729150296,24.56977801085293,-0.06699943542480469,-87.25213322123597,-79.22780887507659,-8.024324346159375,19.815000534057617,20.550000190734863,20.18250036239624,21.454999923706055,99.2187529801628,14.784963240861131,19.686928121941143,28.54095228498647,-91.97597172877649,22.769999980926514,23.645000457763672,0.0,68.0,-68.0,18.937597730997506,20.20392193279924,0.0,0.0,40.155734816482884,0.5799394701382462,0.6138913207006947,0.6793824089119943,-17.135901503529556,44.813483554048496,34.47099398241333,35.90776368759254,-65.52900601758667,-1.4081764221191406,-4.110945526256746,-2.6302386338529398,-2.578969300925126,-0.05126933292781377,-2.541554531837865,3.839833832884234,-6.381388364722099,20.193489188176056,0.10341498245023395,0.10336154599492886,307.57896021792766
2025-01-24 00:00:00+05:30,19.34000015258789,19.479999542236328,18.93000030517578,19.0,4001301,0.0,0.0,-1049900839.0117662,3427886492,-0.11409696367613677,1036666.9795547038,-2.6803834028108913,-1.5502242152888646,380564502.9174802,19.988684813049026,52.903716581085526,117.00087037332167,20.066500091552733,21.56807629681927,18.564923886286195,14.966000034043276,0.1448731380358337,0.0,0.0,19.688333320617676,20.528333282470705,18.84833335876465,8.532971767329617,0.09027776673988001,0.0,0.0,18.350000381469727,21.639999389648438,19.994999885559082,16.3954799948581,0.19756833266952942,0.7386113697436258,8.259829443802465,-0.5691344116121506,-0.5410679831737356,-0.028066428438415003,19.66250006357829,20.370769280653732,19.758324793168494,20.327459204780645,0.890942471920808,1.120147828363267,-0.2292053564424591,-0.37798621163954715,24.565430318985378,-0.19649925231933452,-90.84840250072088,-81.48723292241567,-9.361169578305208,19.890000343322754,20.239999771118164,20.06500005722046,21.454999923706055,85.44832647410719,15.32875529302893,18.65656956730472,29.426165573270058,-110.98570783716174,22.769999980926514,23.050000190734863,4.0,64.0,-60.0,18.937597730997506,21.280000686645508,0.0,1.0,37.740921441494784,0.4788229521366111,0.5434676671150618,0.6132329605726232,-18.237625152945387,34.430194875538184,22.18428501123578,28.91548883951391,-77.81571498876421,-1.4607353490941648,-5.519644836709717,-2.79983054388962,-2.6231415495180253,-0.1766889943715948,-6.288654823011264,1.8141361017051345,-8.102790924716398,20.176961354389004,-1.8595072262501566,-1.877013420841367,300.0
2025-01-27 00:00:00+05:30,19.0,19.0,18.040000915527344,18.149999618530273,6107067,0.0,0.0,-1054608384.9913456,3421779425,-0.11936419858284485,146998.94252386352,-10.767834382182905,-2.1631949491545477,380291291.90276116,19.896791970741003,53.35792642464656,117.00087037332167,19.93350009918213,21.60921238266514,18.257787815699118,16.813026063112382,-0.03216190459164133,0.0,1.0,19.654333368937174,20.486333338419595,18.822333399454756,8.466326014367493,-0.40404675816438795,0.0,1.0,18.040000915527344,21.639999389648438,19.84000015258789,18.060041920429228,0.030555208229577056,0.7607501412165288,8.620476436339542,-0.6552757511789729,-0.5639095367747831,-0.0913662144041898,19.519166628519695,20.229230807377743,19.51089015091646,20.166165902095432,0.8153033481945523,1.0923480742735507,-0.27704472607899844,-0.3934755327914886,24.548578642998752,-0.44350032806396555,-92.18661512730442,-83.4125033830635,-8.774111744240926,19.660000801086426,20.085000038146973,19.8725004196167,21.300000190734863,60.63923019317386,16.71748893665903,16.985543276270946,35.094206913861434,-167.65196394940733,22.670000076293945,22.829999923706055,0.0,100.0,-100.0,18.937597730997506,21.233000679016115,0.0,0.0,32.73535113472607,0.26922255598371053,0.4426616594195225,0.5333402157450928,-20.815350457326616,32.73076485190622,3.3950219374542665,20.016766977034447,-96.60497806254574,-1.6234115824979902,-8.656271505066952,-3.2493819318965547,-2.7483896259937315,-0.5009923059028232,-6.95570401496831,0.06016807837044569,-7.015872093338755,20.156557031898913,-4.473686218261719,-4.576843947319631,282.1052551269531
2025-01-28 00:00:00+05:30,18.200000762939453,18.5,17.670000076293945,18.149999618530273,7171887,0.0,0.0,-1053485084.5373529,3428951312,-0.12270815157244928,125999.09359188302,-5.034244336169298,-2.5528412371979923,380291291.90276116,19.780186721151964,52.38315593134374,117.00087037332167,19.79000005722046,21.55797087030007,18.02202924414085,17.867314885980097,0.03619131420119812,0.0,0.0,19.552333386739093,20.3603333791097,18.74433339436849,8.26499810931633,-0.36778080535278784,0.0,1.0,17.670000076293945,21.639999389648438,19.65499973297119,20.06063315753262,0.1209067066136965,0.7676751194654814,9.06029421968623,-0.715297874757777,-0.5941872043713818,-0.12111067038639511,19.40749994913737,20.1130769436176,19.3015223767032,20.016820251460977,0.7902394686335005,1.140410762608058,-0.3501712939745575,-0.4138441012549593,24.597125700839552,-1.3200007438659682,-96.7678413554232,-85.77560681427342,-10.992234541149784,19.475000381469727,19.755000114440918,19.615000247955322,21.114999771118164,30.31961509658693,18.317459431940414,15.678061146164158,35.82426522975605,-166.45984909830858,22.40500020980835,22.77500057220459,4.0,100.0,-96.0,18.937597730997506,21.105280688476565,0.0,0.0,32.73535113472607,0.26922255598371053,0.339089354701344,0.4417395604119759,-22.862019356132926,35.343156177595766,13.296383963480356,12.95856363739012,-86.70361603651965,-1.827852725982666,-6.8753215409145865,-3.5734840287910825,-2.913408506553202,-0.6600755222378805,-6.205804540578759,-1.1930264454193955,-5.012778095159364,20.06087384627763,0.0,0.0,282.1052551269531
2025-01-29 00:00:00+05:30,18.239999771118164,18.649999618530273,18.149999618530273,18.43000030517578,4691866,0.0,0.0,-1052922047.7307581,3433643178,-0.10720218730668765,295674.3233142872,3.356868891644612,-2.2323772879405195,380363673.4856405,19.717966304472565,56.28703801185323,118.80584694253358,19.652500057220458,21.394222056608,17.910778057832914,17.725195209935883,0.14905428292386663,0.0,0.0,19.345000076293946,20.018000221252443,18.67199993133545,6.957871721936204,-0.17979165975855163,0.0,1.0,17.670000076293945,21.639999389648438,19.65499973297119,20.20098868742091,0.19143585902529184,0.7409076075189333,9.313497926944333,-0.7318359752109558,-0.6217169585392966,-0.11011901667165913,19.40416669845581,20.013846177321213,19.167442058006674,19.89927803321763,0.8402059608908302,1.1202747237621569,-0.28006876287132665,-0.43337930699263266,24.557164763995917,-0.34250059127807475,-104.04160210019482,-88.6714487529243,-15.370153347270517,18.984999656677246,19.755000114440918,19.369999885559082,21.114999771118164,15.159807548293465,19.522263097939458,16.359251855930385,34.12035580061141,-121.1612129415583,22.294999599456787,22.77500057220459,0.0,96.0,-96.0,18.937597730997506,20.89916385174561,0.0,0.0,35.97927744688006,0.40505687624065917,0.3145006627360267,0.3654172256189642,-23.652228873161363,36.343776251456276,21.052634359743855,12.581346753559478,-78.94736564025615,-1.890941002789667,-0.21656204475216292,-3.677701140661036,-3.066267033374769,-0.611434107286267,-8.4236312644849,-2.6391474092324967,-5.784483855252404,19.62251996200167,1.5427035401126998,1.5309248547130228,288.0000064247533
2025-01-30 00:00:00+05:30,18.43000030517578,18.6200008392334,18.200000762939453,18.299999237060547,3728771,0.0,0.0,-1054875240.9087863,3429914407,-0.12077682117443082,184185.96101837326,0.11265098973934466,-1.84005992571734,380337371.5754544,19.685934157989188,57.732531437848344,117.96781727649353,19.508500003814696,21.196650398131816,17.820349609497576,17.306819017218324,0.14206365415594255,0.0,0.0,19.122333399454753,19.725333468119302,18.5193333307902,6.306762423478558,-0.18186904540111157,0.0,1.0,17.670000076293945,21.639999389648438,19.65499973297119,20.35010027720326,0.15868999237540857,0.7088168543964344,9.493020491155812,-0.7468236208833403,-0.6467382910081054,-0.10008532987523489,19.320000012715656,19.88230771284837,19.033989316322653,19.780812937205994,0.8917252303257671,1.088908130274591,-0.197182899948824,-0.45203565264750317,24.51889268893603,1.3714991569519057,-109.74106283398011,-91.83779530619123,-17.903267527788884,18.984999656677246,19.725000381469727,19.355000019073486,21.114999771118164,7.579903774146732,20.641009359224284,15.684410836784979,32.71284548871768,-112.55591931221961,22.25,22.760000228881836,0.0,92.0,-92.0,18.937597730997506,20.70541402521851,0.0,0.0,35.132126031880105,0.3695837410525721,0.3479543910923139,0.33384813617656134,-24.545759661463375,36.84091943201948,17.451497347676312,17.266838556966828,-82.54850265232369,-1.9592351071974825,-5.230451873720677,-3.7754950883673235,-3.2081126443732804,-0.5673824439940431,-11.40017754548202,-4.391353436482401,-7.008824108999619,19.294223115001547,-0.7053774604590002,-0.7078770083680297,285.26314183285365
2025-01-31 00:00:00+05:30,18.299999237060547,18.8700008392334,18.209999084472656,18.690000534057617,4458690,0.0,0.0,-1052848561.2932894,3434373097,-0.07462527509582817,406287.2355740153,1.9243247281910352,-1.0797427629432739,380432393.15771693,19.708973779528204,63.16593431959848,117.96781727649353,19.395000076293947,20.97959503394481,17.810405118643082,16.3402418295185,0.277545820516342,0.0,0.0,18.98000005086263,19.59500020345052,18.36499989827474,6.480507386088649,0.2642280936153358,0.0,0.0,17.670000076293945,21.280000686645508,19.475000381469727,18.61304767285864,0.28254855548745694,0.7039353444328651,9.054424166881935,-0.7189440532493059,-0.6611794434563455,-0.057764609792960386,19.137500127156574,19.779230778033916,18.981067965204954,19.70001201845426,0.9733453360693026,1.0340070701607835,-0.0606617340914809,-0.46488945356740674,24.57771379538355,0.9650005340576158,-111.87608787021486,-95.3373503812384,-16.538737488976466,18.960000038146973,19.65499973297119,19.307499885559082,21.114999771118164,3.789951887073366,21.17959315116916,17.13269146586432,30.578178886715147,-84.31419931601948,22.25,22.760000228881836,20.0,88.0,-68.0,18.937597730997506,20.523289188283034,0.0,0.0,39.71778367973408,0.4000922584968013,0.3915776252633441,0.3513442263638947,-24.025263180476973,41.70488098905826,28.254855548745695,22.252995752055273,-71.7451444512543,-1.9751762614530683,-10.488499591628237,-3.6494599727950674,-3.296382110057638,-0.35307786273742936,-12.864972433962517,-6.086077235978425,-6.778895197984093,19.225413613091796,2.1311547172485845,2.1087631885288616,293.4736954538446
2025-02-01 00:00:00+05:30,18.799999237060547,19.469999313354492,18.549999237060547,18.700000762939453,6671618,0.0,0.0,-1057344629.7343969,3441044715,-0.05660418736549245,357777.30292232404,6.48117749164048,-0.7875167577250447,380435962.85836464,19.699547072050887,62.911899654774885,117.96781727649353,19.333500099182128,20.925722430141423,17.741277768222833,16.47112341574045,0.30106442300021025,0.0,0.0,18.861333401997886,19.526333554585772,18.196333249409992,7.051464903509418,0.3786972916994132,0.0,0.0,17.670000076293945,21.280000686645508,19.475000381469727,18.6722558865804,0.28531870152376526,0.7255418176189731,9.117639987110639,-0.6881102534742389,-0.6665656054599242,-0.02154464801431477,18.9991668065389,19.682692381051872,18.937826857164108,19.625937110638347,0.9934577958221232,0.9981307988063209,-0.004673002984197705,-0.4723705241832003,24.71032422764852,0.6664999008178718,-111.6516847451085,-98.75342909306269,-12.898255652045805,18.755000114440918,19.65499973297119,19.204999923706055,21.114999771118164,2.280328035315132,20.598508767013875,21.422707237986593,27.85004837160302,-47.20111160208071,22.25,22.760000228881836,16.0,84.0,-68.0,18.937597730997506,20.352091841563688,0.0,0.0,39.835230913019714,0.40682196601872267,0.3921659885226986,0.37723266829278534,-23.56570704388215,37.06510249469617,28.531870152376523,24.746074349599496,-71.46812984762347,-1.7535000015707567,-8.15324065642769,-3.506126864644058,-3.3383310609749226,-0.1677958036691356,-11.032993819865254,-7.075460552755791,-3.957533267109463,19.155188707275556,0.053505770979578315,0.05349146174586927,293.684226588199
2025-02-03 00:00:00+05:30,18.649999618530273,19.010000228881836,18.350000381469727,18.559999465942383,4092463,0.0,0.0,-1058832808.8497627,3436952252,-0.08848596395490656,224816.24137448904,-5.321960635126096,-1.6743951561801889,380405323.8153413,19.33952560937857,44.4969689987299,117.08462761078218,19.252000045776366,20.827292070551763,17.67670802100097,16.36497009172816,0.2803580006276461,0.0,0.0,18.736000061035156,19.408000183105468,18.063999938964844,7.173357385580453,0.3690472000581286,0.0,0.0,17.670000076293945,21.280000686645508,19.475000381469727,18.751301692124965,0.24653718536678149,0.7189876205982867,9.409642750474278,-0.6672792003798733,-0.666708324443914,-0.0005708759359592808,18.8791667620341,19.59615391951341,18.87969956620692,19.546978766586793,0.8858351381899872,1.225158404650542,-0.3393232664605548,-0.4763939310687966,24.84783862481877,0.8480003356933601,-112.51099640944977,-101.87515846262585,-10.635837946823926,18.645000457763672,19.65499973297119,19.15000009536743,21.114999771118164,1.502011448094777,20.311516786602144,20.041304929658484,28.00821349115979,-66.90457228816683,22.164999961853027,22.210000038146973,12.0,80.0,-68.0,18.937597730997506,20.1911663356475,0.0,0.0,38.698508028121246,0.43042053995887153,0.41244492149146517,0.39872951175916915,-23.472966295974217,35.73725029151446,24.65371853667815,27.14681474593344,-75.34628146332184,-1.5074411336113442,-7.200002670288086,-3.4137203930487034,-3.3534089273896788,-0.06031146565902468,-12.8731590205559,-8.235000246315813,-4.638158774240086,19.084889990413384,-0.748670006872576,-0.7514866076043347,290.7368308619449
2025-02-04 00:00:00+05:30,18.6299991607666,18.739999771118164,18.3799991607666,18.530000686645508,2925057,0.0,0.0,-1059320297.6864516,3434027195,-0.0904069163491143,180164.1869818793,-1.4769071292191285,-1.9990392095863239,380400596.0059717,19.020840056795205,29.059286028764006,116.8953821364384,19.173000049591064,20.72657804469999,17.619422054482136,16.205893611751836,0.2930585509804184,0.0,0.0,18.649666722615557,19.279666837056478,18.019666608174642,6.756154131987217,0.4050269728313877,0.0,0.0,17.670000076293945,21.280000686645508,19.475000381469727,18.828564131926548,0.23822727560918908,0.6830889195736143,9.582726338690954,-0.6457473183794278,-0.6625161232310168,0.016768804851589048,18.74833345413208,19.500384697547325,18.825899738582088,19.471647056961515,0.7873563432586318,1.2839080991478977,-0.4965517558892659,-0.4773475273943273,24.873204243373785,0.5970004081726081,-114.73517171219937,-104.92882940606623,-9.806342306133146,18.574999809265137,19.65499973297119,19.114999771118164,21.114999771118164,1.8343657325660296,20.04502423336268,19.309880444307094,26.986029895316836,-69.32364694460874,22.107499599456787,22.210000038146973,8.0,76.0,-68.0,18.937597730997506,20.03989636008629,0.0,0.0,38.44535255592991,0.4633107053936899,0.4335177371237613,0.4127095490459749,-23.459186098704148,39.85962677325561,32.69965341361122,28.62841403422195,-67.30034658638878,-1.3602940783781143,-7.81094360710365,-3.31634666800598,-3.345996475512939,0.029649807506959114,-15.979956339355159,-9.783991464923682,-6.195964874431477,19.03975164536147,-0.1616313586211171,-0.16176212302472237,290.10527761358964
2025-02-05 00:00:00+05:30,18.700000762939453,19.06999969482422,18.649999618530273,18.81999969482422,3498244,0.0,0.0,-1059986629.1204232,3437525439,-0.07614645194962522,299353.20175120037,3.6018100223094995,-1.4157705929021915,380455344.3736336,18.88556384283142,36.761281150471035,116.8953821364384,19.120499992370604,20.647044912376163,17.593955072365045,15.9676255392346,0.4015750229134132,0.0,0.0,18.595666631062823,19.223666699727378,17.967666562398275,6.754262497000449,0.6786091076697164,0.0,0.0,17.670000076293945,21.280000686645508,19.475000381469727,18.88026260710762,0.3185593972567999,0.6687799284341239,9.61811973908045,-0.5983848424459666,-0.6496898670740068,0.05130502462804021,18.669166723887127,19.409615443303036,18.824992039542416,19.423376881988382,0.858632773770799,1.1274625901128186,-0.2688298163420195,-0.4725387644384802,24.909815630773863,0.21950016021728658,-113.3036814496073,-107.42386040038694,-5.879821049220354,18.56999969482422,19.65499973297119,19.112499713897705,21.114999771118164,16.822058742019873,19.196326827774325,21.637064012410185,25.4836507324725,-34.28595139656678,21.952499389648438,22.210000038146973,4.0,72.0,-68.0,18.937597730997506,19.89770258305875,0.0,0.0,42.37015805540216,0.7817702416279468,0.5585004956601693,0.4681543847584651,-22.423499048955716,39.307508008408504,43.7262351899408,33.69320238007671,-56.2737648100592,-1.180882515626795,-4.805264243513905,-3.0807456709593004,-3.2929463146022115,0.21220064364291114,-17.656845569718076,-11.358562285882561,-6.298283283835515,19.031341531786957,1.565024271087645,1.5529040588579068,296.2105198910362
2025-02-06 00:00:00+05:30,18.90999984741211,18.940000534057617,18.600000381469727,18.739999771118164,2839821,0.0,0.0,-1060487785.2481594,3434685618,-0.07640897435946514,224133.39245262148,-1.077523596149305,-1.538697180270731,380443272.8822934,18.793104183068614,30.25923765627485,116.39848405970373,19.082999992370606,20.608242418731255,17.557757566009958,15.985352690566906,0.38755878563158375,0.0,0.0,18.557999992370604,19.16500015258789,17.95099983215332,6.541654924742198,0.6499174058557159,0.0,0.0,17.670000076293945,21.280000686645508,19.475000381469727,18.917364207906736,0.29639875731766596,0.6359019508495006,9.62235898314117,-0.5608400493185677,-0.631919903522919,0.07107985420435137,18.61916669209798,19.315769268916203,18.811916305938684,19.372756355257252,0.8362575995563352,1.14502919358426,-0.30877159402792487,-0.4639215524144552,24.837763558009364,0.2770006179809563,-110.29528112543711,-109.43593440017946,-0.8593467252576517,18.56999969482422,19.65499973297119,19.112499713897705,21.114999771118164,58.411029371009946,18.48463172272551,20.849987091436283,25.091586700307296,-40.096763520810704,21.997499465942383,22.210000038146973,0.0,68.0,-68.0,18.937597730997506,19.76404043265286,0.0,0.0,41.582485916904595,0.8802211647797535,0.70843403726713,0.5668174233503533,-21.736650611894305,37.91846526316217,41.47285761494179,39.299582072831264,-58.52714238505821,-1.05267655989703,-3.1023804381378994,-2.894993562268028,-3.2133557641353754,0.3183622018673473,-19.994950742881347,-13.085839977282319,-6.909110765599028,19.025978254470843,-0.4250793039494938,-0.42598533449988985,294.52631097090875
2025-02-07 00:00:00+05:30,18.739999771118164,18.75,18.360000610351562,18.459999084472656,2620588,0.0,0.0,-1061764500.3690953,3432065030,-0.04395645066328658,87290.55932867872,-3.1996608502976533,-1.659473471475097,380404117.7889969,18.68609237304102,31.76137541795157,114.65933486764008,19.082499980926514,20.608552247029554,17.556447714823474,15.99425932271318,0.29604207854443637,0.0,0.0,18.570666631062828,19.120666821797688,18.020666440327965,5.9233219965823505,0.39939317435298916,0.0,0.0,17.670000076293945,21.280000686645508,19.475000381469727,18.917859892361367,0.21883625335503096,0.6113116947293944,9.53770532575445,-0.5473695106255931,-0.6150098249434539,0.06764031431786077,18.544166564941406,19.219615422762356,18.75777519494391,19.305144705569504,0.8299403468176404,1.165269581445496,-0.3353292346278557,-0.4549382774274291,24.59965763560556,-0.08249998092651367,-105.75988946724037,-110.43505085704803,4.675161389807656,18.809999465942383,19.475000381469727,19.142499923706055,21.114999771118164,79.20551468550497,18.19185626314002,19.95337476250533,26.658913860676712,-64.03116438459573,21.924999713897705,22.210000038146973,32.0,64.0,-32.0,18.937597730997506,19.638398011271324,0.0,0.0,38.8595502736135,0.6356327832314969,0.7658747298797324,0.6776030876023437,-21.82524043092713,38.29531531247734,36.40548296790468,40.534858590929076,-63.59451703209532,-1.0663234374102402,-4.648768065625402,-2.8353556472833787,-3.1377557407649763,0.3024000934815976,-22.2376256860077,-14.916197119027398,-7.321428566980302,19.007836593053806,-1.4941338850870234,-1.505408511722317,288.63155967310854
2025-02-10 00:00:00+05:30,18.459999084472656,18.510000228881836,18.0,18.139999389648438,3385229,0.0,0.0,-1063291181.207816,3428679801,-0.08597889190146783,-79932.69870543185,-4.5196400580101,-1.3742463386905581,380345435.6492008,18.603024799095685,32.5675340232703,114.65933486764008,19.023999977111817,20.59958138943819,17.448418564785445,16.56414438837245,0.219468451281696,0.0,0.0,18.581666628519695,19.099666849772134,18.063666407267252,5.575390320020045,0.07368045345291965,0.0,0.0,17.670000076293945,21.280000686645508,19.475000381469727,18.976033508698652,0.13019369359849525,0.6011805481446386,9.462417922005695,-0.5561048817709136,-0.6032288363089459,0.04712395453803231,18.47249984741211,19.150769233703613,18.66273276335999,19.218837645130904,0.8539605929493724,1.1497525994116962,-0.29579200646232373,-0.44837105391182175,24.477245624768187,-0.8740003585815437,-101.51397000030578,-110.15420284594924,8.640232845643467,18.734999656677246,19.475000381469727,19.105000019073486,21.114999771118164,89.60275734275248,18.433720582836248,18.813988652653464,29.167389720798752,-87.42889328511244,21.53000020980835,22.210000038146973,28.000000000000004,60.0,-31.999999999999996,18.937597730997506,19.52029413517268,0.0,0.0,35.96129026405815,0.3348213571783449,0.6168917683965317,0.6970668451811312,-22.678310798241007,33.75438549061853,24.10251945983908,33.9936200142285,-75.89748054016093,-1.059264648661891,-4.526319001850329,-2.8935406606746734,-3.088912724746916,0.1953720640722425,-22.65382208452318,-16.463722112126554,-6.190099972396627,19.00387029873128,-1.7334762226146716,-1.7486768439241018,281.8947239925987
2025-02-11 00:00:00+05:30,18.139999389648438,18.200000762939453,17.3799991607666,17.489999771118164,4490433,0.0,0.0,-1066576859.5599375,3424189368,-0.3454925548236429,-485482.27560976316,-8.491405397490414,-1.9351948331379158,380184532.68143654,18.490942089658038,32.20184880452635,114.65933486764008,18.854500007629394,20.320522026803214,17.388477988455573,15.550897860782314,0.03462491740738093,0.0,0.0,18.509666633605956,19.059667015075682,17.959666252136234,5.942844810301977,-0.42696923206036336,0.0,1.0,17.3799991607666,21.280000686645508,19.329999923706055,20.684725260817245,0.028205273670187273,0.6230626535474599,9.500713448985627,-0.6084632773741276,-0.6042757245219822,-0.004187552852145449,18.417499860127766,19.046923050513634,18.482312303015092,19.09077558038922,0.7730496629787507,1.1536644198583377,-0.380614756879587,-0.4492791979036402,24.495611966575755,-0.7045003890991204,-101.86382287472702,-109.27895396158779,7.415131086860768,18.424999237060547,19.329999923706055,18.8774995803833,20.969999313354492,70.49961314824588,19.413423764084246,17.121146665815623,33.34616926568514,-136.45052005682064,21.515000343322754,22.210000038146973,24.0,100.0,-76.0,18.937597730997506,19.409276491639957,0.0,0.0,30.91714906469241,0.0,0.32348471346994717,0.5687504039154035,-24.95928199242051,32.94827825710848,5.23812335093846,21.91537525956073,-94.76187664906153,-1.103558652541217,-3.6363628720866825,-3.1872108852359284,-3.1085723568447188,-0.07863852839120966,-20.848888136433054,-17.340755316987856,-3.5081328194451977,18.859800347328,-3.583239472991351,-3.649013509619614,268.2105214972245
2025-02-12 00:00:00+05:30,17.479999542236328,17.510000228881836,16.540000915527344,17.270000457763672,5774228,0.0,0.0,-1063659980.7957666,3418415140,-0.2415256247910893,-597602.8355444089,-12.85104922555171,-2.661670963333689,380111901.10843617,18.32159305272269,31.57693722328017,114.65933486764008,18.7,20.150021000888657,17.24997899911134,15.508245998809173,0.0069038512683815825,0.0,0.0,18.382999992370607,18.988000297546385,17.777999687194825,6.582171630602949,-0.41983386213628116,0.0,1.0,16.540000915527344,20.299999237060547,18.420000076293945,20.106942895899483,0.19414890109276922,0.6577563195281632,9.450816938570046,-0.6601005607225936,-0.6154406917621045,-0.044659868960489124,18.34416659673055,18.9376922754141,18.29580278836103,18.955903349083624,0.7173425653578276,1.208333351232624,-0.4909907858747964,-0.45661778846195994,24.63908798653076,-0.26999969482421804,-103.12132062193035,-108.30620204511175,5.184881423181395,18.005000114440918,18.910000801086426,18.457500457763672,20.550000190734863,47.84259030793548,21.119707325656385,15.360463272999969,38.82239678427744,-193.32858053137278,21.480000019073486,22.210000038146973,20.0,100.0,-80.0,18.937597730997506,19.24693430517009,0.0,0.0,29.41335145922072,0.0,0.11160711905944821,0.3506612003086422,-27.33216340619934,41.298472249001925,24.914673768343594,18.0851055263737,-75.08532623165641,-1.3443820280187246,-4.848480326512872,-3.482295454700683,-3.1833169764159117,-0.2989784782847713,-16.96728216665628,-17.26606068692154,0.2987785202652624,18.6951002040078,-1.257857725749001,-1.265835727919118,263.578957005551
2025-02-13 00:00:00+05:30,17.350000381469727,17.610000610351562,16.809999465942383,16.959999084472656,4820017,0.0,0.0,-1066672498.6031413,3413595123,-0.27779503337045197,-725689.843221785,3.0705241178401095,-1.6732167847606163,380025380.44545525,18.219939331623728,39.82825123686547,112.60116750646762,18.547999954223634,20.05719360798755,17.03880630045972,16.273384273114058,-0.026109046970386407,0.0,1.0,18.236666615804037,18.855666859944662,17.61766637166341,6.788523990499397,-0.5312334634890261,0.0,1.0,16.540000915527344,20.299999237060547,18.420000076293945,20.271718410679636,0.11170169054066256,0.6719808020162648,9.169744107501458,-0.7177640625177162,-0.6359053659132268,-0.08185869660448941,18.22166649500529,18.825769131000225,18.090294526224355,18.80805858874207,0.8451834980280166,1.1456422020857024,-0.3004587040576858,-0.4703110606462329,24.76896228101571,-0.24800071716308736,-106.8805394005863,-107.77607478460928,0.8955353840229776,17.80500030517578,18.910000801086426,18.357500553131104,20.550000190734863,29.81853587271104,22.492877697247337,15.121062916426647,35.57320545424908,-176.336445911496,21.429999828338623,22.15999984741211,16.0,96.0,-80.0,18.937597730997506,18.976240966205815,0.0,0.0,27.39157155765865,0.0,0.0,0.1450306108431316,-29.980474958967967,38.981045770968066,14.334416334724896,14.829071151335635,-85.66558366527511,-1.5438821175519166,-7.976132373097671,-3.816258116865649,-3.3099052045058595,-0.5063529123597896,-15.351620429880716,-16.88317263551338,1.5315522056326625,18.240952147252624,-1.7950281706660576,-1.8113342282688905,257.0526123046875
2025-02-14 00:00:00+05:30,17.06999969482422,17.170000076293945,16.260000228881836,16.34000015258789,5448980,0.0,0.0,-1071163416.9385916,3408146143,-0.32735185163845737,-1104642.9770274516,-8.266681476675933,-1.9041051519396617,379826184.5750407,18.0842005800464,41.29019475771703,112.60116750646762,18.35999994277954,19.98160440346645,16.738395482092635,17.664536663842824,-0.12283985989283265,0.0,1.0,18.004999987284343,18.623000208536787,17.386999766031902,6.864762251473394,-0.8470867626245803,0.0,1.0,16.260000228881836,20.25,18.255000114440918,21.732024964887408,0.02005010734214538,0.6957827065558492,9.180244738431423,-0.8042209765814192,-0.6695684880468653,-0.13465248853455392,18.0583332379659,18.70461529951829,17.821018468741823,18.625239445323242,0.8261365626468441,1.1375000650232263,-0.3113635023763822,-0.49313411824282866,24.82700197414625,0.33000059127807546,-112.83357838743949,-107.81191722660813,-5.021661160831357,17.664999961853027,18.770000457763672,18.21750020980835,20.40999984741211,17.519501678629567,24.232086771830698,13.71494304796966,37.88554105896419,-208.9106664811651,21.139999866485596,21.869999885559082,12.0,100.0,-88.0,18.937597730997506,18.732616961137968,0.0,0.0,23.859264697068255,0.0,0.0,0.03720237301981589,-33.497829242721515,33.130216115432034,2.492210172053591,13.913766758374015,-97.50778982794641,-1.7890880528618318,-10.710377957302487,-4.3179094633511275,-3.5115060562749134,-0.806403407076214,-12.853013528334472,-16.077140814077598,3.2241272857431262,17.670348196168835,-3.6556542768471756,-3.724147761202934,244.0000032123766
2025-02-17 00:00:00+05:30,16.43000030517578,16.889999389648438,15.979999542236328,16.65999984741211,7374429,0.0,0.0,-1067516714.4850911,3415520572,-0.24443163403007595,-609720.4046659773,-3.4551906611711622,-2.3906808342836454,379970604.09814143,17.87274487877622,32.19592706559884,112.60116750646762,18.204499912261962,19.851697460631488,16.557302363892436,18.096597613868283,0.03117339617865752,0.0,0.0,17.791999944051106,18.435000165303546,17.148999722798663,7.2279701357287065,-0.3802486058512361,0.0,1.0,15.979999542236328,19.84000015258789,17.90999984741211,21.203552028098233,0.17616585431416498,0.7172044206414752,9.157048520727733,-0.8372659224677896,-0.7031079749310503,-0.13415794753673937,17.889166514078777,18.634999935443584,17.64240021930648,18.47966614177427,0.7513574063711637,1.1780674029043878,-0.42670999653322417,-0.5172543362862038,24.831660914698148,0.49550085067749094,-115.14023942767788,-107.85692475055019,-7.2833146771276915,17.524999618530273,18.630000114440918,18.077499866485596,20.269999504089355,9.406770850471158,26.06103102774413,12.466498657286037,37.23776461619907,-179.86057377426215,20.72499990463257,21.454999923706055,8.0,100.0,-92.0,18.937597730997506,18.43590295326723,0.0,0.0,28.951841712224947,0.2751124387448287,0.09170414624827616,0.030568048749425203,-34.90466510058986,38.14833384537669,19.4842507097906,12.10362573885635,-80.5157492902094,-2.009999953999241,-10.86142658447957,-4.5307416056348835,-3.7153531661469072,-0.8153884394879762,-7.691557146330358,-14.400024080528151,6.708466934197793,17.482481378658647,1.9583824469765254,1.9394528809598466,250.7368388928865
2025-02-18 00:00:00+05:30,16.65999984741211,16.770000457763672,15.800000190734863,16.139999389648438,4595462,0.0,0.0,-1068890623.9726908,3410925110,-0.24526258502920192,-863994.9673759176,-3.166149725455545,-2.6248808853689947,379827168.1818436,17.723763572901543,32.01988153351736,109.08660212925471,18.04449987411499,19.83486856154915,16.25413118668083,19.843926957515308,-0.031873825160548014,0.0,1.0,17.560666624705,18.264666811625162,16.85666643778483,8.017920981766736,-0.508996347906982,0.0,1.0,15.800000190734863,19.6200008392334,17.71000051498413,21.16988930227079,0.08900501078375789,0.7424840052802085,9.350421416074912,-0.8950958633403339,-0.741505552612907,-0.1535903107274269,17.675833066304524,18.513076855586124,17.41126163012832,18.306357493468653,0.7418034112411394,1.177254190767048,-0.4354507795259086,-0.5456515148706697,24.65900293005448,0.5154995918273926,-119.11943356663532,-108.50311943021997,-10.616314136415355,17.37000036239624,18.540000438690186,17.955000400543213,20.179999828338623,4.703385425235579,27.893869212803075,11.2870701127593,35.470382681896375,-168.99560991973905,20.72499990463257,21.454999923706055,4.0,100.0,-96.0,18.937597730997506,18.092076475722905,0.0,0.0,25.91820041390048,0.11122832793508898,0.1287802555599725,0.07349480060274936,-37.09804895405419,38.40249678949065,9.26428556393998,10.413582148594712,-90.73571443606002,-2.167176356035121,-13.689846357464047,-4.889535581612488,-3.9501896492400235,-0.9393459323724649,-7.944322531572298,-13.108883770736982,5.1645612391646845,17.194483275123222,-3.121251275668202,-3.171000255403955,239.78946083470393
2025-02-19 00:00:00+05:30,16.010000228881836,16.899999618530273,15.949999809265137,16.84000015258789,5132626,0.0,0.0,-1064406324.0373459,3416057736,-0.1863849943529243,-227303.95548180462,2.59125432991321,-2.5772430566745537,380049773.03015524,17.56955500293003,32.149100391129124,109.08660212925471,17.918499851226805,19.67519319165291,16.1618065108007,19.607593883545224,0.1930313123469479,0.0,0.0,17.33233331044515,18.089333470662435,16.575333150227866,8.735121194110503,0.17481304249926188,0.0,0.0,15.800000190734863,19.479999542236328,17.639999866485596,20.53742993027126,0.2826087350881462,0.7632355856787013,9.353006631613598,-0.8743631822129387,-0.7680770785329134,-0.10628610368002533,17.53249979019165,18.357692278348484,17.32337524896825,18.19773843118119,0.7631842849673426,1.184079808771715,-0.42089552380437245,-0.567892862190673,24.541662636914324,0.6115008354187026,-121.62743837884922,-109.76224801393242,-11.8651903649168,17.27500009536743,18.540000438690186,17.90750026702881,20.000000476837158,2.3516927126177896,29.288290074761687,11.50455737323461,32.25211821369509,-117.83181400039595,20.635000228881836,21.454999923706055,0.0,96.0,-96.0,18.937597730997506,17.72534427012482,0.0,0.0,35.687489595669746,0.6389872530531452,0.3417760065776876,0.18742013612864525,-35.76738959540159,45.09610361614822,28.33788039466015,19.02880555613023,-71.66211960533985,-2.1445294716778918,-9.267237946373289,-4.804790361832809,-4.121109791758581,-0.6836805700742277,-7.221545603108556,-11.931416137211297,4.709870534102741,17.14826168839738,4.33705569647298,4.24563928494992,254.52631900185034
2025-02-20 00:00:00+05:30,16.850000381469727,17.149999618530273,16.68000030517578,17.059999465942383,2661774,0.0,0.0,-1062763956.0634725,3418719510,-0.13907688787298395,-111176.46865514109,8.652116223335728,-2.422176004410607,380084546.69090337,17.39298046498892,26.85355946977434,110.5117195489195,17.821499824523926,19.542491265386843,16.10050838366101,19.313654381599065,0.2787611429956557,0.0,0.0,17.152666600545246,17.922666676839192,16.382666524251302,8.978196734372117,0.4398265419343354,0.0,0.0,15.800000190734863,19.469999313354492,17.634999752044678,20.59309911486458,0.3433241352679501,0.7339119584462803,9.270349554379012,-0.8306055730596285,-0.7805827774382564,-0.05002279562137202,17.40999968846639,18.230769157409668,17.2828558977335,18.11346147079313,0.7927085640943621,1.2291667370332584,-0.4364581729388963,-0.5818680746392108,24.466264601094345,0.998499870300293,-124.26912714628808,-111.81882997827107,-12.450297168017016,17.15500020980835,18.049999713897705,17.602499961853027,19.839999675750732,1.9099000042154985,29.998683682186947,13.426818932569166,30.764916145291053,-73.81662954066188,20.46500015258789,21.454999923706055,4.0,92.0,-88.0,18.937597730997506,17.417289217422425,0.0,0.0,38.43532386985072,0.787431427031591,0.512549002673275,0.3277017549369782,-33.803668745207126,50.3634286240111,38.532093770405936,25.378086576335345,-61.467906229594064,-2.0997059373294604,-7.933087783221447,-4.585570650860578,-4.214001963578981,-0.37156868728159687,-10.575795661977436,-11.660292042164524,1.0844963801870886,17.13990549877231,1.3064092123578952,1.2979492883646415,259.15788349352385
2025-02-21 00:00:00+05:30,17.059999465942383,17.43000030517578,16.65999984741211,16.739999771118164,3471426,0.0,0.0,-1065514047.9074961,3415248084,-0.12137145115841157,-253987.72464795783,2.883545483292358,-1.8360684245235748,380019432.07804406,17.280099561185935,27.313302016903137,110.5117195489195,17.75099983215332,19.527028152309644,15.974971511996994,20.01045954537514,0.21537614305999148,0.0,0.0,16.99466660817464,17.80266679128011,16.186666425069173,9.508867714025182,0.3424091711974055,0.0,0.0,15.800000190734863,19.469999313354492,17.634999752044678,20.674886808189623,0.2561307370864801,0.7375208083780195,9.438290741201318,-0.812383996551592,-0.7869430212609236,-0.025440975290668355,17.236666361490887,18.105384533221905,17.19933957056191,18.011723567113503,0.8135943067908087,1.1503605399269314,-0.33676623313612275,-0.5919129427927865,24.505384801839504,0.9889999389648452,-127.53684407122469,-114.7102604305954,-12.826583640629295,17.000000476837158,18.049999713897705,17.52500009536743,19.750000476837158,1.4284735910123185,30.03432437497276,15.152481501764555,28.450309594970435,-67.30280717269854,20.420000553131104,21.454999923706055,0.0,88.0,-88.0,15.800000190734863,17.417289217422425,1.0,0.0,36.02428940246458,0.6571819344375098,0.6945335381740819,0.5162861824750147,-32.93071381547591,43.73897423540347,28.746168897205266,31.87204768742377,-71.25383110279473,-1.9440000926747025,-11.052072037376737,-4.510306820580314,-4.273262934979248,-0.23704388560106615,-11.921089952118516,-11.712451624155323,-0.20863832796319315,17.101198581798034,-1.8757309779701248,-1.8935459370286623,252.421047813014
2025-02-24 00:00:00+05:30,16.450000762939453,16.690000534057617,16.18000030517578,16.3799991607666,2620172,0.0,0.0,-1066079195.7260363,3412627912,-0.14764163605421654,-352455.6953019744,-11.873264981201114,-2.5786654139508594,379963084.19679415,17.178336841185132,27.617726392990363,108.13511936776226,17.662499809265135,19.52449765568582,15.80050196284445,21.0841938177284,0.15561167243993268,0.0,0.0,16.8146666208903,17.62266680399577,16.00666643778483,9.610659566709725,0.23102267226407286,0.0,0.0,15.800000190734863,19.469999313354492,17.634999752044678,20.77848074876963,0.1580379042755023,0.7197686741344558,9.835131353956296,-0.8175678927451173,-0.7930679955577624,-0.024499897187354902,17.03999964396159,17.962307563194862,17.073287199824172,17.89085509256929,0.7608479252242337,1.1897074769992229,-0.42885955177498913,-0.601560140226042,24.527386951162814,0.797499275207521,-131.24628165270335,-117.97497807259275,-13.271303580110597,16.705000400543213,18.02500009536743,17.365000247955322,19.750000476837158,0.7771742470341312,30.582781945541278,14.309299864749736,31.636845946830626,-96.69873250369228,20.420000553131104,21.454999923706055,0.0,84.0,-84.0,15.832600193023682,17.417289217422425,0.0,0.0,33.479835725646296,0.519724836740346,0.6547793994031488,0.6206206467501684,-32.99560826412945,45.424915501224916,17.73697425049791,28.33841230603636,-82.26302574950209,-1.8353234403273646,-12.593386548428692,-4.5697530303327,-4.332560954049939,-0.23719207628276173,-14.482115325249712,-12.2663843643742,-2.2157309608755114,17.029880236794384,-2.150541309879095,-2.1740024198907193,244.84208759508635
2025-02-25 00:00:00+05:30,16.229999542236328,16.520000457763672,16.059999465942383,16.139999389648438,2381248,0.0,0.0,-1067632186.1278474,3410246664,-0.17724921348467224,-383747.59239820467,-2.8010671037132626,-3.0360137800953426,379928194.14769423,17.038261579724733,21.668562170061122,106.55072344421059,17.547999763488768,19.487170988895674,15.608828538081863,22.101336352210815,0.1369582130260614,0.0,0.0,16.669666608174644,17.441666730244954,15.897666486104328,9.262334277180226,0.15695133758154928,0.0,0.0,15.800000190734863,19.469999313354492,17.634999752044678,20.914059562820427,0.09264285563939981,0.6937919059031391,10.372193603621533,-0.8314576177409769,-0.8007459199944054,-0.030711697746571565,16.84666633605957,17.822692137498123,16.929704459797136,17.761162077538113,0.7314344966540881,1.254323452117991,-0.5228889554639028,-0.6120166185506765,24.488057694608745,0.5919996261596694,-133.16864005841705,-121.31356912109128,-11.855070937325777,16.705000400543213,17.820000171661377,17.262500286102295,19.750000476837158,0.3885871235170656,31.213031625113082,13.637959717816772,31.37647130253137,-97.80194428390561,20.420000553131104,21.454999923706055,0.0,80.0,-80.0,15.864548195266723,17.417289217422425,0.0,0.0,31.864019521498363,0.45165349600618626,0.5428534223946807,0.630722119990637,-33.545424095209796,47.24666728978864,10.827998781483778,19.103713976395635,-89.17200121851623,-1.72432351953843,-12.567712946289639,-4.68132442072859,-4.402313647385669,-0.2790107733429208,-17.012278894488617,-13.215563270397084,-3.796715624091533,16.96171762175533,-1.4652001429463546,-1.4760402163951802,239.78946083470393
2025-02-27 00:00:00+05:30,16.139999389648438,16.239999771118164,15.720000267028809,15.800000190734863,3410403,0.0,0.0,-1069993234.3586167,3406836261,-0.18286514670356496,-494574.2631945255,-4.726708735392559,-3.296669861469861,379856351.87186885,16.88868951526202,21.64610265374506,106.55072344421059,17.422999811172485,19.471385748623963,15.374613873721009,23.51358502728045,0.10383451410116203,0.0,0.0,16.55099989573161,17.278000036875408,15.823999754587808,8.784969436575109,-0.016505886653051947,0.0,1.0,15.720000267028809,19.469999313354492,17.59499979019165,21.5232685930525,0.021333318413624677,0.6764126657217607,10.976093778393448,-0.8599870236454699,-0.8125941407246183,-0.04739288292085153,16.651666402816772,17.686538292811466,16.755903803018327,17.615890826663797,0.7072928066574653,1.2647353858955492,-0.5574425792380839,-0.6251194987559099,24.491990284761137,0.06699995994567942,-136.8430238730407,-124.6427340624751,-12.200289810565593,16.575000286102295,17.670000553131104,17.1225004196167,19.605000019073486,0.1942935617585328,32.12982404503851,12.901108016399734,33.21390826366415,-108.32953223720635,20.36750030517578,21.454999923706055,0.0,100.0,-100.0,15.864548195266723,17.43000030517578,0.0,1.0,29.67874537285283,0.38795799227209615,0.4531121083395427,0.5502483100457906,-34.68164609423437,41.897097931052365,2.6402617411324805,10.401744924371375,-97.35973825886752,-1.7089117022121627,-12.899665257149298,-4.881882114890123,-4.49822734088656,-0.3836547740035634,-16.961796398882488,-13.964809896094165,-2.9969865027883227,16.86495309604106,-2.106562650378019,-2.129067292097231,232.63158296283925
2025-02-28 00:00:00+05:30,15.800000190734863,15.84000015258789,15.229999542236328,15.359999656677246,4133792,0.0,0.0,-1072365082.4393631,3402702469,-0.23700051945485556,-683759.466692894,-6.566619131296156,-3.5371668815411823,379741233.4753039,16.719163548259143,21.31136529703838,106.55072344421059,17.256499767303467,19.4047855144625,15.108214020144434,24.898279212212778,0.05860152376511881,0.0,0.0,16.385999902089438,17.093999989827473,15.677999814351399,8.641524374081778,-0.2245763547078921,0.0,1.0,15.229999542236328,19.469999313354492,17.34999942779541,24.57045071881755,0.030660406004369808,0.6697714601847409,11.649331800062889,-0.9076384580693109,-0.8316030041935569,-0.07603545387575394,16.47416639328003,17.53269210228553,16.541149318965854,17.448787777035164,0.6891496033116635,1.2795698864587135,-0.59042028314705,-0.6430808949310968,24.523791594002773,0.013500690460205078,-142.18699703804148,-127.9042250236531,-14.282772014388385,16.329999923706055,17.354999542236328,16.84249973297119,18.989999771118164,0.0971467808792664,33.40581316960497,12.076791006765276,36.2242598354408,-126.84366982727344,20.18250036239624,21.454999923706055,0.0,100.0,-100.0,15.864548195266723,17.39580030441284,0.0,0.0,27.08953731827927,0.22161494975561208,0.3537421460112981,0.44990255891517367,-36.46858987823139,41.04488259572374,3.9634172934844867,5.810559272033568,-96.03658270651552,-1.8868234886842608,-12.178388463779514,-5.201727877416672,-4.638927448192582,-0.5628004292240893,-15.322136069541553,-14.236275130783643,-1.0858609387579108,16.728916488260655,-2.7848134730759977,-2.8243246736963545,223.36841382478414
2025-03-03 00:00:00+05:30,15.609999656677246,15.760000228881836,14.5,14.880000114440918,6817715,0.0,0.0,-1075070524.408231,3395884754,-0.21487467794316467,-1053579.5541793017,-7.484908891626939,-3.7489717982280992,379528180.0799755,16.458252870498224,20.4721575629855,106.55072344421059,17.06549973487854,19.34190450930512,14.78909496045196,26.67844258640788,0.019966825542231736,0.0,0.0,16.231666564941406,16.974666690826417,15.488666439056397,9.154945647907873,-0.40960041823039917,0.0,1.0,14.5,19.06999969482422,16.78499984741211,26.77917298538896,0.08315101527715406,0.7287943370544504,12.197413160877293,-0.9729193065504944,-0.8598662646649444,-0.11305304188554999,16.274999698003132,17.374230568225567,16.285587902885094,17.25850720943559,0.6766850218532945,1.2459016550067412,-0.5692166331534467,-0.6676677290069338,24.636305868685092,-0.10550065040588308,-148.1330459204088,-131.5700924117343,-16.562953508674497,15.96500015258789,16.984999656677246,16.47499990463257,18.3149995803833,0.0485733904396332,35.110917933273655,10.573899996648485,38.92622528674935,-146.82257784670497,20.06500005722046,21.454999923706055,20.0,100.0,-80.0,15.864548195266723,17.30916827392578,0.0,0.0,24.57116749398159,0.04884055343591463,0.2194711651545409,0.3421084731684603,-38.809801558661825,32.94823989269266,10.270271245539641,5.6246500933855215,-89.72972875446035,-2.1549705477321837,-13.839028835973984,-5.637331750329942,-4.838608308620055,-0.7987234417098872,-8.776848395240169,-13.14438978367495,4.3675413884347805,16.575934521883532,-3.1249970896168877,-3.174866827191636,213.26316030401932
2025-03-04 00:00:00+05:30,14.850000381469727,16.780000686645508,14.779999732971191,16.489999771118164,25497041,0.0,0.0,-1056967645.1156582,3421381795,0.017951754963064132,4961249.990172836,5.098634036095639,-2.7782546958290952,382286931.89049774,16.258700285320245,45.40177333148824,106.55072344421059,16.96199975013733,19.143445110923174,14.780554389351487,25.721558694966756,0.3918148518629105,0.0,0.0,16.182333278656007,17.034333515167237,15.330333042144776,10.5300048125321,0.6805554032015236,0.0,0.0,14.5,19.06999969482422,16.78499984741211,26.94257612394563,0.4354485566753868,0.8559149987164372,12.071556226142874,-0.8845448499099291,-0.8648019817139414,-0.019742868195987695,16.235833088556927,17.310384420248177,16.317035882613258,17.201580732523187,0.782072509667323,1.11266452644195,-0.3305920167746269,-0.6777221578109391,24.963071267149783,-0.6219995975494399,-146.78587124040484,-134.64414104215314,-12.141730198251707,15.96500015258789,16.984999656677246,16.47499990463257,18.3149995803833,50.024286695219814,34.67466736877061,17.665094633572775,32.09812537768343,-72.5119445734908,19.8725004196167,21.300000190734863,16.0,96.0,-80.0,15.864548195266723,17.140618177490236,0.0,0.0,43.53306445446836,1.0,0.42348516773050887,0.3322328262987824,-33.98095895731651,44.52300614329387,63.98711834635972,26.073602295127937,-36.01288165364028,-2.1534706003525663,-2.7712225160718873,-5.142230029113034,-4.899332652718651,-0.24289737639438336,20.688283592059513,-6.377855108528057,27.06613870058757,16.575326882000684,10.819890082626781,10.273608559560099,247.15788991827714
2025-03-05 00:00:00+05:30,17.0,17.0,16.1200008392334,16.780000686645508,11698446,0.0,0.0,-1051118409.4377966,3433080241,0.07279433099505161,4737151.427326316,5.867441966472477,-1.4412196106845105,382492666.2808759,16.252996268742592,55.72327492846202,108.424574734557,16.87449975013733,18.934348823865395,14.814650676409263,24.413749790849977,0.47706165352183055,0.0,0.0,16.221999994913737,17.06500012079875,15.378999869028728,10.393294614095993,0.8309612149499741,0.0,0.0,14.5,19.06999969482422,16.78499984741211,27.08228251203137,0.4989060916629243,0.8583234149214537,11.877283257730745,-0.782091343896937,-0.8482598541505406,0.0661685102536036,16.272499799728394,17.257692153637226,16.388261237079757,17.170352580976694,0.961060542587676,1.0381110961690743,-0.07705055358139823,-0.6731713161833235,25.240249727475696,-0.21449990272521902,-140.17971107072935,-136.70550467458426,-3.4742063961450924,15.96500015258789,16.984999656677246,16.47499990463257,18.170000076293945,75.0121433476099,33.90023291108087,18.227966972056635,29.63493335809294,-21.092174135469012,19.615000247955322,21.114999771118164,12.0,92.0,-80.0,14.5,17.140618177490236,1.0,0.0,46.1586063822119,1.0,0.6829468511453047,0.44196772801011797,-29.3125220330275,49.607018679824385,73.3119047969502,49.18976479628318,-26.688095203049794,-1.9771175721112435,2.692781701032793,-4.554893909187563,-4.830444904012434,0.27555099482487044,22.90363040140391,-0.5215580065416638,23.425188407945573,16.57943021685772,1.7586471773958001,1.743361926806175,253.26317235043177
2025-03-06 00:00:00+05:30,16.780000686645508,17.149999618530273,16.780000686645508,17.059999465942383,6812780,0.0,0.0,-1047619970.0302105,3439893021,0.10662143751087089,4332925.521082294,2.199534824446938,-1.503433131641166,382606347.44926447,16.262287947069094,56.70649348222167,110.23379686382782,16.786499738693237,18.647115287494,14.925884189892477,22.16799902021269,0.573497108907164,0.0,0.0,16.2653333346049,17.050333372751872,15.480333296457925,9.652430995396408,1.006156746955916,1.0,0.0,14.5,18.940000534057617,16.72000026702881,26.44982934603884,0.5765763869408495,0.8094909666177849,11.579853849261616,-0.6705726961776399,-0.8127224225559605,0.14214972637832057,16.305833101272583,17.20499981366671,16.491605579981698,17.162178276159338,0.9931273178219782,1.0352235202972055,-0.042096202475227384,-0.6545950996430656,25.403670357083158,-0.6465003490447998,-134.79029784319425,-137.87452364090717,3.084225797712918,15.96500015258789,16.984999656677246,16.47499990463257,18.170000076293945,87.50607167380495,32.92823104206299,18.977234852535226,28.639777430776103,18.479160206515985,19.369999885559082,21.114999771118164,8.0,88.0,-80.0,14.55,17.140618177490236,0.0,0.0,48.641611306978234,1.0,1.0,0.7021440062919376,-24.781762885145923,52.406277215046266,87.37198632437682,74.8903364892289,-12.628013675623176,-1.6902645952561315,2.4009581164096327,-3.907270309091003,-4.645809985028148,0.7385396759371448,19.498158926243338,3.4823853800153364,16.015773546228,16.58362611122132,1.668645815489822,1.654876879933509,259.15788349352385
2025-03-07 00:00:00+05:30,16.760000228881836,17.700000762939453,16.760000228881836,17.360000610351562,8462069,0.0,0.0,-1045279397.0229626,3448355090,0.12505987207935854,4076597.6443661726,2.943730005614946,-0.7026894543346744,382755153.45533365,16.33349744557088,64.08297684836594,110.23379686382782,16.717499780654908,18.374422958784702,15.060576602525114,19.82261940923901,0.6938837111391789,0.0,0.0,16.296333408355714,17.128333568572998,15.464333248138427,10.210887803641636,1.1392229550280748,1.0,0.0,14.5,18.75,16.625,25.42246182600821,0.6729413200827206,0.8225419233617682,11.031307832093264,-0.5516269669725844,-0.7605033314392853,0.20887636446670088,16.40749986966451,17.16884602033175,16.625204815423213,17.176831782395798,1.038560476435092,0.9502999211727301,0.08826055526236187,-0.6227153741987231,25.54867618962375,0.12250037193298269,-127.86073259449664,-137.91051125460407,10.049778660107435,16.100000381469727,16.984999656677246,16.542500019073486,18.140000343322754,93.75303583690248,31.154035649297363,22.303765790058684,26.229894038948032,57.898446941180744,19.355000019073486,21.114999771118164,4.0,84.0,-80.0,14.653999984741212,17.140618177490236,0.0,0.0,51.236436922565225,1.0,1.0,0.8943156170484347,-20.2762749491667,55.93682653309304,89.37499776482635,83.35296296205111,-10.625002235173646,-1.2671468566445725,7.558867824280005,-3.211459330573035,-4.358939854137126,1.147480523564091,18.24018629179728,6.433945562371726,11.806240729425554,16.591907724403647,1.758506177025887,1.7432233631838212,265.47369706003286
2025-03-10 00:00:00+05:30,17.40999984741211,17.799999237060547,16.799999237060547,16.889999389648438,5855519,0.0,0.0,-1050080920.816,3442499571,0.09358558921257457,3101069.2554780995,1.1954318848577272,-0.37050212961832524,382596622.29282844,16.371525185770572,64.97217627260764,107.24934886456649,16.638999795913698,18.094828043361105,15.183171548466293,17.498987502901908,0.5862050843479758,0.0,0.0,16.31833333969116,17.17333345413208,15.463333225250244,10.479012735464812,0.8343075868072167,0.0,0.0,14.5,18.510000228881836,16.505000114440918,24.10000768115061,0.5960097888360655,0.8402877310255914,10.620941038112163,-0.48964249626149225,-0.7063311644037267,0.21668866814223442,16.411666472752888,17.099615207085243,16.66594244222709,17.155584938488584,1.065476228127326,0.9183674263785337,0.14710880174879226,-0.5869519208315646,25.626971246075204,0.4209996700286851,-121.33857678073574,-136.8096551577188,15.471078376983058,16.149999618530273,16.984999656677246,16.56749963760376,18.06999969482422,96.87651791845124,29.35620336431121,21.22194115851458,23.92362504540686,60.64586647811031,19.307499885559082,21.114999771118164,0.0,80.0,-80.0,14.836760031433107,17.140618177490236,0.0,0.0,47.21195885824972,0.8490741646134843,0.9496913882044947,0.9832304627348313,-17.826144016277095,51.90627771728452,72.42424067277403,83.05707492065905,-27.575759327225963,-0.7550587766310777,0.29690758080464286,-2.8541288333630552,-4.057977649982312,1.2038488166192565,14.447510856135493,8.036658621124479,6.4108522350110135,16.59397585962314,-2.7073802084019993,-2.744704970785561,255.57893451891448
2025-03-11 00:00:00+05:30,16.670000076293945,16.799999237060547,15.949999809265137,16.139999389648438,7371085,0.0,0.0,-1054156702.2871445,3435128486,0.0709035480201113,1868300.254695514,-10.666668848941065,-0.9062534955815768,382269309.44796306,16.3722305480157,63.097293561637066,107.24934886456649,16.538999795913696,17.834621735785824,15.24337785604157,15.667476339073863,0.3460197400236061,0.0,0.0,16.306333287556964,17.19533332188924,15.417333253224692,10.903739285283127,0.4064488799297619,0.0,0.0,14.5,18.200000762939453,16.350000381469727,22.37136954227193,0.4432429868867231,0.8502589159613624,10.09195896613798,-0.4953282528694807,-0.6641305820968775,0.1688023292273968,16.334999799728394,17.001153615804817,16.58502812644576,17.08035637931524,1.0008525344647992,0.9855074019113813,0.01534513255341785,-0.5570950407265999,25.68956247248667,0.20099997520446777,-117.46275753328099,-135.06455709937032,17.601799566089326,16.149999618530273,16.78499984741211,16.46749973297119,18.06999969482422,98.43825895922562,28.702861445208267,19.48741812770028,29.358992744669976,-36.009659316616855,19.204999923706055,21.114999771118164,8.0,76.0,-68.0,15.073819167883302,17.140618177490236,0.0,0.0,41.59707932043151,0.6385051488810056,0.8291931044981632,0.9262948309008857,-17.602513136034915,50.55472295110933,49.69696269109615,70.4987337095655,-50.30303730890385,-0.545617729074813,-5.392732151783365,-2.899987809793806,-3.8263796819446108,0.9263918721508047,12.861052120945066,9.001537321088596,3.85951479985647,16.59010766031188,-4.440497496167239,-4.542106965712822,239.78946083470393
2025-03-12 00:00:00+05:30,16.309999465942383,16.479999542236328,15.979999542236328,16.190000534057617,5671262,0.0,0.0,-1055064081.707631,3440799748,0.08855269501060657,1641910.1597739111,-1.2783749095572878,-1.1826555841151838,382286878.81605273,16.352996481929736,57.45331908600494,107.5816035351464,16.47399983406067,17.700872336524508,15.247127331596833,14.894652359134161,0.38425883723340515,0.0,0.0,16.30399996439616,17.196999899546306,15.411000029246015,10.95436625490963,0.4361705270900295,0.0,0.0,14.5,17.799999237060547,16.149999618530273,20.031560460730752,0.5121214923561541,0.8152330243652262,9.85829591524872,-0.4901494437876046,-0.629334354435023,0.13918491064741834,16.289166529973347,16.909999810732327,16.524254650693738,17.014404094481343,0.9902482571559182,1.024822756495913,-0.03457449933999468,-0.5309336468314391,25.74386785736304,-0.0940006732940688,-110.49728301422412,-132.13725255950183,21.639969545277708,16.149999618530273,16.78499984741211,16.46749973297119,18.06999969482422,99.2191294796128,28.09618680604125,18.61584324529249,28.04591163349526,-39.893199845649995,19.15000009536743,21.114999771118164,4.0,72.0,-68.0,15.291913573417482,17.140618177490236,0.0,0.0,42.09154230511064,0.6570484824109153,0.7148759319684683,0.8312534748903753,-17.272673237249418,51.258140687764715,51.212149235615406,57.77778419982852,-48.787850764384594,-0.5183825801400559,-3.285539095463256,-2.8807911288917,-3.637261971334029,0.756470842442329,9.673439104315708,9.13591767773402,0.537521426581689,16.58811757488969,0.3097964454772395,0.30931756507053265,240.84211650647615
2025-03-13 00:00:00+05:30,16.270000457763672,16.479999542236328,15.65999984741211,15.90999984741211,4705192,0.0,0.0,-1056900253.1276852,3436094556,0.052424788903636416,1219143.4239777883,-2.7884053626260363,-1.999835697398167,382205504.0818131,16.320571694149375,53.58098983595526,105.7210154025581,16.40599980354309,17.59915357364195,15.212846033444228,14.545334443331928,0.29214751335450995,0.0,0.0,16.313666598002115,17.23666655222575,15.390666643778484,11.315665288104753,0.2813289433315598,0.0,0.0,14.5,17.799999237060547,16.149999618530273,20.114587812855326,0.4272727798167789,0.8157096914111254,9.793998019255632,-0.5028424607488802,-0.6040359756977944,0.10119351494891426,16.24999992052714,16.80923054768489,16.429753911727335,16.932596372476215,0.900257967670031,1.0455718556689788,-0.14531388799894784,-0.5104942448481377,25.840621672943403,-0.2660004138946519,-105.15202048600383,-128.02225516483094,22.870234678827103,16.149999618530273,16.78499984741211,16.46749973297119,18.06999969482422,99.60956473980642,27.88602485179228,17.25300730429878,28.849626732707723,-62.412434576000386,19.114999771118164,21.114999771118164,0.0,68.0,-68.0,15.492560426508927,17.140618177490236,0.0,0.0,40.04683453056646,0.5803679230780936,0.6253071847900048,0.7231254070855452,-17.63179873072422,42.319913507200916,42.72727798167789,47.8787966361298,-57.27272201832211,-0.6051767826080336,-2.8693488243896574,-2.9696713350248287,-3.503743844072189,0.5340725090473604,5.924795714084162,8.49369328500405,-2.568897570919887,16.584002774251825,-1.7294668153746695,-1.7445967917420813,234.947365208676
2025-03-17 00:00:00+05:30,16.100000381469727,16.149999618530273,15.40999984741211,15.529999732971191,5872494,0.0,0.0,-1060868155.7063079,3430222062,0.044650881518826006,726187.4502590181,-3.6543231103431784,-2.4668263112292768,382065243.33929545,16.263067045792795,52.496066508643665,105.7210154025581,16.334499835968018,17.557307720192885,15.111691951743152,14.972088481488544,0.17104395000413455,0.0,0.0,16.33566659291585,17.271666463216146,15.39966672261556,11.459585869684682,0.06962234423911676,0.0,0.0,14.5,17.799999237060547,16.149999618530273,20.202634119191455,0.31212120336387017,0.8081386993818291,9.753710104095362,-0.5373701331867764,-0.5907028071955909,0.053332674008814474,16.199166615804035,16.68269208761362,16.291330191918696,16.828700325105473,0.8801724604987667,1.0982759787268135,-0.21810351822804674,-0.49809882719249693,25.969053012960007,-0.5344996452331543,-100.65260223781824,-122.74665031120978,22.094048073391534,16.28999948501587,16.72000026702881,16.50499987602234,18.06999969482422,99.0873928686309,27.95579453272347,16.107022870847214,29.17736548849482,-99.61256463687563,19.112499713897705,21.114999771118164,0.0,64.0,-64.0,15.492560426508927,17.799999237060547,0.0,1.0,37.39207442382629,0.4808092025539941,0.5727418693476676,0.6376416620353801,-18.752046541669127,37.1850593270388,31.21212033638702,41.71718251789343,-68.78787966361298,-0.8145886785843786,-3.7794280033769763,-3.193176673216495,-3.4416304099010504,0.24845373668455561,4.198296291982843,7.6346138863998085,-3.4363175944169653,16.576306796611433,-2.3884356887830416,-2.4174212792794414,226.94736279939352
2025-03-18 00:00:00+05:30,15.529999732971191,15.529999732971191,15.529999732971191,15.529999732971191,0,0.0,0.0,-1060868155.7063079,3430222062,0.082663026258624,622446.3859363013,-3.6543231103431784,-1.7432541058468278,382065243.33929545,16.258989010366,53.90334178026645,105.7210154025581,16.29399981498718,17.56605961993839,15.021940010035973,15.613843370504654,0.199699621416269,0.0,0.0,16.383999888102213,17.19399973551432,15.574000040690104,9.887693517384815,-0.027160688893639907,0.0,1.0,14.5,17.799999237060547,16.149999618530273,20.25284935884936,0.31212120336387017,0.7273248294436463,9.54284071529225,-0.5582978522399777,-0.5842218162044682,0.025923963964490482,16.176666577657063,16.55923054768489,16.174202429003696,16.732500281243674,0.9329709486096526,1.0969203489307748,-0.16394940032112226,-0.49081361474573704,25.95286672952827,-0.9340001583099351,-94.27080798999592,-116.91164328338658,22.640835293390666,16.604999542236328,16.625,16.614999771118164,18.06999969482422,97.47843635710873,28.02058066501672,16.10702287084721,29.17736548849482,-110.49947375463333,19.112499713897705,21.114999771118164,0.0,60.0,-60.0,15.492560426508927,17.752199249267576,0.0,0.0,37.39207442382629,0.4808092025539941,0.513995442728694,0.5706814989554553,-19.648835989790406,35.45741470448045,31.21212033638702,35.05050621815062,-68.78787966361298,-1.093441511602963,-1.7088636361029947,-3.3366074576780536,-3.4206258194564514,0.08401836177839783,-4.778787696249527,5.151933569869942,-9.93072126611947,16.551727801583354,0.0,0.0,226.94736279939352
2025-03-19 00:00:00+05:30,16.299999237060547,16.559999465942383,16.200000762939453,16.309999465942383,6506275,0.0,0.0,-1063398406.3183836,3436728337,0.03329895986464452,1258510.1540364209,4.703137123486127,-1.16600762683149,382392023.3038735,16.265610040926433,58.08323288691001,105.7210154025581,16.276499795913697,17.537519675900267,15.015479915927127,15.494976141039313,0.5132827684005437,0.0,0.0,16.41799987157186,17.06399949391683,15.772000249226888,7.869407082448979,0.4164083059077996,0.0,0.0,14.5,17.799999237060547,16.149999618530273,20.27462463329511,0.5484848134554807,0.7575923197964008,8.940336424045645,-0.5061096437142716,-0.5685993817064289,0.06248973799215729,16.255833228429157,16.476538254664494,16.19509428084042,16.70120392455469,0.9465977644425818,1.046511794102267,-0.09991402965968521,-0.4776865443438396,25.876314067866495,-1.396499681472779,-89.01505379913229,-111.22668136432023,22.21162756518794,16.604999542236328,16.505000114440918,16.554999828338623,17.890000343322754,97.95474664500694,26.318567289995087,24.231197147079175,26.351836936981833,8.173300405160644,19.142499923706055,21.114999771118164,0.0,56.00000000000001,-56.00000000000001,15.492560426508927,17.705355261230466,0.0,0.0,45.92560674910371,0.8008334328784762,0.587483945995488,0.5580737526906163,-17.846761341780297,38.50024891829907,54.84848134554807,39.09090733944069,-45.15151865445193,-1.0330296432270725,6.18489472981307,-3.0303782050716213,-3.3425762965794856,0.3121980915078644,-3.403023354005927,3.440942185094768,-6.8439655391006955,16.549555751769468,5.022535392033545,4.900476392252928,243.3684098093133
2025-03-20 00:00:00+05:30,16.6299991607666,16.829999923706055,16.200000762939453,16.260000228881836,5481191,0.0,0.0,-1067835568.83959,3431247146,0.00847008568710436,1039572.22229077,1.551670629592287,-0.6830553679865019,382375220.3990815,16.28543867660631,62.139447508826294,105.39692157763602,16.282499837875367,17.542005737292875,15.022993938457857,15.470669884334626,0.4910680811404156,0.0,0.0,16.397666517893477,17.018666140238444,15.776666895548502,7.574243831185659,0.38915750987754855,0.0,0.0,14.5,17.799999237060547,16.149999618530273,20.267153507867928,0.533333525994856,0.7448330038934209,8.244176098679045,-0.46344235801133493,-0.5475679769674101,0.08412561895607518,16.3708332379659,16.40423059463501,16.20507981130833,16.668522169319665,0.9761091530858245,0.9991468194021323,-0.02303766631630788,-0.46080350248062985,25.73406720511278,0.20749993324279714,-82.91772872272338,-105.4630625731568,22.545333850433423,16.604999542236328,16.350000381469727,16.477499961853027,17.890000343322754,98.97737332250347,24.520813840524337,25.34807918646007,24.771692292990625,17.259177960742658,19.105000019073486,21.114999771118164,0.0,52.0,-52.0,15.492560426508927,17.6594481529541,0.0,0.0,45.49751114282324,0.7847790064483584,0.6888072139602762,0.5967622008948191,-16.521659705527533,39.298550237674114,53.33335259948559,46.46465142714021,-46.66664740051441,-0.9202941754285021,9.274194246152184,-2.7803446118597965,-3.230129959635548,0.44978534777575163,-3.681228523391945,2.016508043397426,-5.697736566789371,16.542303098653978,-0.3065557246948569,-0.30702656927013017,242.3157942922492
2025-03-21 00:00:00+05:30,16.3799991607666,17.0,16.149999618530273,16.920000076293945,7603316,0.0,0.0,-1061663463.255899,3438850462,0.02159168454740151,1607945.8190815244,0.6707542990322283,-0.1263343348843185,382683842.00604266,16.344682268527297,67.09704510856668,105.39692157763602,16.28649983406067,17.553548018387303,15.019451649734037,15.559490341525681,0.7499905883886909,0.0,0.0,16.366999848683673,17.035999615987144,15.69800008138021,8.174983484920997,0.913303751837794,0.0,0.0,14.5,17.799999237060547,16.149999618530273,20.26217585536159,0.7333335259948559,0.7553497416510514,7.186748595671849,-0.3720826180458303,-0.5124709051830942,0.14038828713726392,16.40666659673055,16.382307529449463,16.31506754438304,16.68715016242887,1.0133778360153567,0.9515050952609955,0.06187274075436122,-0.4337256111817833,25.56915633836055,0.49350085258483745,-75.24114517041338,-99.61644174825867,24.37529657784529,16.604999542236328,16.149999618530273,16.3774995803833,17.890000343322754,99.48868666125173,23.088705150467423,24.919463987131426,22.786395617363826,52.96964037104748,18.8774995803833,20.969999313354492,68.0,48.0,20.0,15.492560426508927,17.61445918684326,0.0,0.0,51.874637505136754,1.0,0.8618708131089448,0.712720657688236,-13.369636070159308,48.50330486787925,73.3333525994856,60.50506218150641,-26.666647400514407,-0.7615000304053794,2.607642881408139,-2.229755317259472,-3.030055031160333,0.800299713900861,-1.0097917110713344,1.4112480925036741,-2.4210398035750087,16.54517357011196,4.059039594844438,3.9788240491137383,256.21052792197776
2025-03-24 00:00:00+05:30,17.020000457763672,17.299999237060547,16.610000610351562,16.719999313354492,8281929,0.0,0.0,-1067304803.0920988,3430568533,-0.034230924869003636,1141611.8279826806,3.165923749328089,0.6929604836506837,382585946.4911998,16.465384540065912,73.44696848252443,105.39692157763602,16.269499826431275,17.50326606197721,15.035733590885338,15.16661543019991,0.6825708444371043,0.0,0.0,16.3273331006368,16.971332677205403,15.683333524068194,7.8886070688848395,0.8048652724353641,0.0,0.0,14.5,17.799999237060547,16.149999618530273,20.28334781195547,0.6727272201832211,0.7488146301568447,6.059184397337375,-0.31221869325838725,-0.47242046279815286,0.16020176953976561,16.40166648228963,16.36115363927988,16.37736473960942,16.689583432867806,1.1185250078349518,0.9157156783686755,0.20280932946627628,-0.4022701744335227,25.409736001766728,0.7904996395111077,-69.56299578075966,-93.86359941492799,24.300603634168326,16.354999542236328,16.149999618530273,16.2524995803833,17.890000343322754,99.74434333062587,22.16844078267705,26.13459687961981,21.294459752486087,80.77697972682634,18.457500457763672,20.550000190734863,64.0,44.0,20.0,15.492560426508927,17.570370000054638,0.0,0.0,49.96670968595337,0.8682603480839978,0.8843464515107854,0.8116748261933352,-11.336103262948198,46.18989228478441,64.23840724994703,63.63503748297273,-35.761592750052976,-0.4660588348613075,-0.35757670343105635,-1.8707398810417046,-2.7981920011366075,0.9274521200949029,1.8727260755789048,1.5035436891187204,0.3691823864601844,16.55028408433473,-1.1820376006952182,-1.1890792097935865,251.9999855443051
2025-03-25 00:00:00+05:30,16.940000534057617,16.940000534057617,16.06999969482422,16.1200008392334,6395368,0.0,0.0,-1072965055.2060047,3424173165,-0.0549576327554943,430351.4180647448,-6.121621331493953,-0.17013608308697725,382356448.213746,16.585247455426007,61.12703101874868,101.61474485989339,16.238499879837036,17.454448516524614,15.022551243149458,14.97612027817167,0.4512730073342381,0.0,0.0,16.24866654078166,16.8796662012736,15.617666880289713,7.766787002591648,0.39804614043060876,0.0,0.0,14.5,17.799999237060547,16.149999618530273,20.322069535241237,0.49090945871745223,0.7609332510645,6.237064172998733,-0.30962183623790196,-0.4398607374861027,0.13023890124820076,16.323333263397217,16.328846014462986,16.337770293397725,16.647392129635627,1.0516568191548434,1.0409357872082299,0.010721031946613557,-0.3752262790699982,25.27750461001459,1.1215007305145264,-64.12957047859346,-87.93768974218493,23.808119263591465,16.354999542236328,16.149999618530273,16.2524995803833,17.890000343322754,99.87217166531292,20.676468494733257,24.00078514778473,24.62357999677305,14.143545547853059,18.357500553131104,20.550000190734863,60.0,40.0,20.0,15.492560426508927,17.527162597001787,0.0,0.0,44.659962519513655,0.5018371440802817,0.7900324973880931,0.8454165873359409,-11.175096934626268,40.48842280431275,29.707162056042545,55.75964063515837,-70.29283794395745,-0.20708816472221514,-5.509956952727603,-1.8598819192029141,-2.610529984749869,0.7506480655469547,1.7002052970842025,1.542876010711817,0.15732928637238563,16.53505066559112,-3.588507767711846,-3.6544777449133647,239.36843872070312
